16.95;0.2896;0.8838;0.7229;310.9132;149.3336;65.3414
16.97;0.2895;0.8839;0.7230;310.8275;149.3798;65.3276
16.98;0.2896;0.8838;0.7230;310.8733;149.3208;65.3240
17.00;0.2896;0.8837;0.7230;310.9058;149.3924;65.2293
17.02;0.2896;0.8837;0.7231;310.9167;149.4162;65.1977
17.03;0.2895;0.8837;0.7231;310.9276;149.4636;65.1662
17.05;0.2894;0.8837;0.7231;310.9276;149.5107;65.1662
17.07;0.2893;0.8837;0.7231;310.9276;149.5579;65.1661
17.08;0.2891;0.8837;0.7231;310.9038;149.6882;65.1067
17.10;0.2892;0.8836;0.7231;310.9385;149.6288;65.1346
17.12;0.2889;0.8837;0.7232;310.9038;149.7589;65.1067
17.13;0.2891;0.8836;0.7232;310.9385;149.6759;65.1346
17.15;0.2889;0.8836;0.7232;310.9385;149.7230;65.1346
17.17;0.2888;0.8837;0.7233;310.9385;149.7937;65.1346
17.18;0.2888;0.8837;0.7233;310.9385;149.8173;65.2079
17.20;0.2887;0.8837;0.7233;310.9494;149.8646;65.1764
17.22;0.2887;0.8837;0.7233;310.9494;149.8882;65.1031
17.23;0.2887;0.8837;0.7233;310.9603;149.9120;65.0716
17.25;0.2888;0.8837;0.7233;310.9949;149.8526;65.0995
17.27;0.2888;0.8836;0.7233;311.0058;149.8763;65.1413
17.28;0.2888;0.8837;0.7234;310.9440;149.8164;65.1133
17.30;0.2889;0.8836;0.7233;311.0404;149.7935;65.1691
17.32;0.2890;0.8835;0.7233;311.0751;149.7107;65.1967
17.33;0.2889;0.8837;0.7234;310.9787;149.7335;65.1411
17.35;0.2889;0.8837;0.7234;310.9787;149.7335;65.1411
17.37;0.2890;0.8835;0.7233;311.0751;149.7107;65.1967
17.38;0.2890;0.8836;0.7235;311.0133;149.6507;65.1687
17.40;0.2890;0.8836;0.7234;311.0241;149.6745;65.1372
17.42;0.2892;0.8835;0.7235;311.0588;149.5918;65.2380
17.43;0.2892;0.8835;0.7235;311.0588;149.5918;65.2380
17.45;0.2892;0.8835;0.7235;311.0588;149.5918;65.2380
17.47;0.2893;0.8835;0.7235;311.0935;149.5091;65.1922
17.48;0.2892;0.8835;0.7235;311.0588;149.5918;65.1648
17.50;0.2893;0.8835;0.7235;311.1042;149.5329;65.2340
17.52;0.2893;0.8834;0.7235;311.1150;149.5566;65.2025
17.53;0.2893;0.8834;0.7235;311.1150;149.5566;65.2025
17.55;0.2893;0.8834;0.7235;311.1150;149.5566;65.1292
17.57;0.2893;0.8834;0.7235;311.1150;149.5331;65.1292
17.58;0.2895;0.8832;0.7233;311.2114;149.4632;65.1848
17.60;0.2896;0.8833;0.7234;311.1497;149.4034;65.1566
17.62;0.2896;0.8833;0.7234;311.1389;149.3325;65.1881
17.63;0.2897;0.8833;0.7234;311.1389;149.3089;65.1881
17.65;0.2898;0.8832;0.7233;311.1389;149.2854;65.1910
17.67;0.2900;0.8833;0.7233;311.1282;149.1674;65.2196
17.68;0.2900;0.8832;0.7232;311.1899;149.2038;65.1745
17.70;0.2902;0.8832;0.7231;311.1792;149.1094;65.2059
17.72;0.2903;0.8832;0.7230;311.2301;149.0985;65.1923
17.73;0.2904;0.8832;0.7229;311.2301;149.0750;65.1923
17.75;0.2905;0.8833;0.7229;311.1979;148.9568;65.2867
17.77;0.2906;0.8833;0.7228;311.2059;148.8750;65.4722
17.78;0.2904;0.8834;0.7226;311.1896;148.9229;65.4521
17.80;0.2906;0.8834;0.7225;311.2540;148.8298;65.5286
17.82;0.2906;0.8834;0.7224;311.2834;148.8192;65.5776
17.83;0.2906;0.8834;0.7224;311.2834;148.8192;65.5776
17.85;0.2906;0.8833;0.7222;311.3342;148.8560;65.5637
17.87;0.2904;0.8833;0.7221;311.3605;149.0221;65.4909
17.88;0.2903;0.8833;0.7220;311.4112;149.1059;65.4771
17.90;0.2903;0.8832;0.7221;311.4464;149.0471;65.5047
17.92;0.2901;0.8833;0.7221;311.4112;149.1765;65.4771
17.93;0.2901;0.8832;0.7222;311.4464;149.1178;65.5047
17.95;0.2900;0.8831;0.7220;311.5079;149.2485;65.4597
17.97;0.2897;0.8831;0.7221;311.5079;149.3428;65.4597
17.98;0.2897;0.8831;0.7221;311.5079;149.3428;65.4597
18.00;0.2898;0.8831;0.7221;311.5432;149.2841;65.4873
18.02;0.2898;0.8830;0.7222;311.5784;149.2492;65.5147
18.03;0.2898;0.8831;0.7222;311.5784;149.2492;65.5147
18.05;0.2897;0.8831;0.7223;311.5784;149.2963;65.5147
18.07;0.2894;0.8832;0.7224;311.5432;149.4491;65.4873
18.08;0.2895;0.8832;0.7224;311.5784;149.3905;65.5147
18.10;0.2895;0.8832;0.7224;311.5784;149.3905;65.4415
18.12;0.2895;0.8832;0.7224;311.5784;149.4141;65.4415
18.13;0.2896;0.8832;0.7225;311.6136;149.3320;65.4688
18.15;0.2896;0.8832;0.7225;311.6136;149.3556;65.4688
18.17;0.2896;0.8833;0.7226;311.6136;149.3556;65.3956
18.18;0.2896;0.8833;0.7226;311.6030;149.3322;65.4268
18.20;0.2896;0.8833;0.7226;311.6030;149.3322;65.4268
18.22;0.2896;0.8834;0.7226;311.6030;149.3322;65.3536
18.23;0.2896;0.8834;0.7227;311.6030;149.3558;65.3536
18.25;0.2895;0.8835;0.7228;311.6030;149.3793;65.3536
18.27;0.2896;0.8835;0.7229;311.6383;149.3210;65.4541
18.28;0.2896;0.8836;0.7229;311.6383;149.3210;65.3808
18.30;0.2896;0.8836;0.7229;311.6383;149.3445;65.3808
18.32;0.2897;0.8835;0.7229;311.6736;149.2627;65.4812
18.33;0.2895;0.8835;0.7228;311.6997;149.4281;65.3360
18.35;0.2897;0.8835;0.7229;311.6736;149.2863;65.4080
18.37;0.2897;0.8835;0.7229;311.6736;149.2863;65.4080
18.38;0.2897;0.8835;0.7229;311.6736;149.2863;65.4080
18.40;0.2896;0.8834;0.7228;311.7350;149.3698;65.4364
18.42;0.2896;0.8835;0.7230;311.6736;149.3098;65.4080
18.43;0.2896;0.8834;0.7228;311.7351;149.3698;65.3632
18.45;0.2896;0.8835;0.7230;311.6736;149.3098;65.4080
18.47;0.2896;0.8834;0.7228;311.7350;149.3698;65.4364
18.48;0.2897;0.8835;0.7230;311.7090;149.2281;65.5083
18.50;0.2896;0.8835;0.7230;311.6736;149.3098;65.4080
18.52;0.2895;0.8835;0.7230;311.6736;149.3334;65.4080
18.53;0.2897;0.8834;0.7229;311.7704;149.3116;65.4635
18.55;0.2896;0.8835;0.7230;311.7090;149.2752;65.4350
18.57;0.2894;0.8835;0.7230;311.6736;149.3805;65.4080
18.58;0.2894;0.8835;0.7231;311.7090;149.3458;65.4350
18.60;0.2894;0.8835;0.7231;311.7090;149.3458;65.4350
18.62;0.2893;0.8835;0.7231;311.7090;149.3930;65.5083
18.63;0.2893;0.8835;0.7231;311.7090;149.3930;65.4350
18.65;0.2893;0.8835;0.7231;311.7090;149.4165;65.4350
18.67;0.2894;0.8834;0.7231;311.7444;149.3584;65.4620
18.68;0.2894;0.8834;0.7231;311.7444;149.3584;65.3888
18.70;0.2893;0.8835;0.7231;311.7444;149.3819;65.4620
18.72;0.2893;0.8835;0.7232;311.7444;149.4055;65.3888
18.73;0.2894;0.8835;0.7232;311.7798;149.3475;65.4156
18.75;0.2892;0.8835;0.7232;311.7444;149.4526;65.3155
18.77;0.2891;0.8836;0.7232;311.7444;149.4998;65.3155
18.78;0.2891;0.8835;0.7232;311.7903;149.4886;65.3111
18.80;0.2891;0.8835;0.7233;311.7903;149.4886;65.3111
18.82;0.2891;0.8836;0.7233;311.7903;149.5122;65.2379
18.83;0.2890;0.8835;0.7232;311.8008;149.5590;65.2798
18.85;0.2891;0.8836;0.7234;311.7500;149.5224;65.2200
18.87;0.2889;0.8834;0.7236;311.7096;149.5092;65.2021
18.88;0.2889;0.8834;0.7236;311.7096;149.5092;65.1289
18.90;0.2889;0.8833;0.7237;311.7096;149.5092;65.2059
18.92;0.2889;0.8833;0.7237;311.7096;149.5092;65.1957
18.93;0.2889;0.8833;0.7237;311.7096;149.5091;65.1819
18.95;0.2889;0.8832;0.7238;311.7096;149.5092;65.1513
18.97;0.2888;0.8832;0.7238;311.7096;149.5092;65.1273
18.98;0.2888;0.8831;0.7239;311.7096;149.5092;65.1171
19.00;0.2888;0.8831;0.7239;311.7096;149.5092;65.1032
19.02;0.2888;0.8831;0.7239;311.7096;149.5092;65.1069
19.03;0.2888;0.8831;0.7239;311.7096;149.5091;65.1245
19.05;0.2888;0.8830;0.7240;311.7096;149.5091;65.1282
19.07;0.2887;0.8829;0.7240;311.7096;149.5091;65.1180
19.08;0.2887;0.8829;0.7240;311.7096;149.5091;65.1356
19.10;0.2887;0.8829;0.7241;311.7096;149.5091;65.1393
19.12;0.2887;0.8828;0.7241;311.7096;149.5091;65.1568
19.13;0.2887;0.8828;0.7241;311.7096;149.5091;65.1262
19.15;0.2887;0.8828;0.7241;311.7096;149.5091;65.1469
19.17;0.2886;0.8827;0.7242;311.7096;149.5091;65.1369
19.18;0.2886;0.8827;0.7242;311.7096;149.5091;65.1544
19.20;0.2886;0.8826;0.7242;311.7096;149.5091;65.0851
19.22;0.2886;0.8826;0.7243;311.7096;149.5091;65.0573
19.23;0.2886;0.8826;0.7243;311.7096;149.5091;65.1166
19.25;0.2885;0.8825;0.7243;311.7096;149.5091;65.1203
19.27;0.2885;0.8824;0.7244;311.7096;149.5091;65.0930
19.28;0.2885;0.8824;0.7244;311.7096;149.5091;65.0969
19.30;0.2885;0.8824;0.7244;311.7096;149.5091;65.0969
19.32;0.2884;0.8823;0.7245;311.7096;149.5091;65.0727
19.33;0.2884;0.8823;0.7245;311.7096;149.5092;65.1149
19.35;0.2884;0.8822;0.7246;311.7096;149.5091;65.1185
19.37;0.2884;0.8821;0.7246;311.7096;149.5092;65.0527
19.38;0.2883;0.8821;0.7247;311.7096;149.5092;65.0216
19.40;0.2883;0.8820;0.7247;311.7096;149.5092;65.0391
19.42;0.2883;0.8819;0.7248;311.7096;149.5092;65.0881
19.43;0.2883;0.8819;0.7248;311.7096;149.5092;65.0920
19.45;0.2882;0.8818;0.7249;311.7096;149.5091;65.0224
19.47;0.2882;0.8817;0.7249;311.7096;149.5092;64.9949
19.48;0.2882;0.8817;0.7250;311.7096;149.5092;65.0229
19.50;0.2881;0.8816;0.7250;311.7096;149.5092;64.9885
19.52;0.2881;0.8815;0.7251;311.7096;149.5092;64.9606
19.53;0.2881;0.8814;0.7251;311.7096;149.5092;65.0235
19.55;0.2880;0.8813;0.7252;311.7096;149.5092;64.9226
19.57;0.2879;0.8812;0.7254;311.7096;149.5092;64.8949
19.58;0.2879;0.8811;0.7254;311.7096;149.5092;65.0108
19.60;0.2879;0.8810;0.7255;311.7096;149.5092;64.9654
19.62;0.2878;0.8809;0.7256;311.7096;149.5092;64.9376
19.63;0.2878;0.8808;0.7256;311.7096;149.5092;64.9555
19.65;0.2877;0.8807;0.7257;311.7096;149.5092;64.9490
19.67;0.2877;0.8806;0.7258;311.7096;149.5092;64.9741
19.68;0.2876;0.8805;0.7259;311.7096;149.5092;64.9957
19.70;0.2876;0.8805;0.7259;311.7096;149.5092;64.9641
19.72;0.2876;0.8804;0.7260;311.7096;149.5092;64.8985
19.73;0.2875;0.8803;0.7260;311.7096;149.5092;64.9619
19.75;0.2875;0.8802;0.7261;311.7096;149.5092;64.8824
19.77;0.2874;0.8800;0.7262;311.7096;149.5092;64.9669
19.78;0.2874;0.8799;0.7264;311.7096;149.5092;64.9422
19.80;0.2873;0.8798;0.7264;311.7096;149.5092;64.9225
19.82;0.2873;0.8797;0.7265;311.7096;149.5092;65.0166
19.83;0.2872;0.8796;0.7266;311.7096;149.5092;64.9838
19.85;0.2871;0.8794;0.7267;311.7096;149.5092;64.9722
19.87;0.2871;0.8792;0.7269;311.7096;149.5092;64.9749
19.88;0.2870;0.8791;0.7269;311.7096;149.5091;64.9431
19.90;0.2870;0.8791;0.7270;311.7096;149.5092;64.9272
19.92;0.2869;0.8789;0.7271;311.7096;149.5092;64.9539
19.93;0.2869;0.8789;0.7271;311.7096;149.5092;64.8994
19.95;0.2869;0.8788;0.7272;311.7096;149.5092;64.9455
19.97;0.2868;0.8787;0.7273;311.7096;149.5092;64.9135
19.98;0.2868;0.8786;0.7273;311.7096;149.5092;64.9042
20.00;0.2868;0.8785;0.7274;311.7096;149.5091;64.8359
20.02;0.2867;0.8785;0.7274;311.7096;149.5092;64.8267
20.03;0.2867;0.8785;0.7274;311.7096;149.5092;64.8267
20.05;0.2867;0.8784;0.7275;311.7096;149.5091;64.8317
20.07;0.2867;0.8784;0.7275;311.7096;149.5091;64.8509
20.08;0.2867;0.8784;0.7275;311.7096;149.5091;64.8509
20.10;0.2867;0.8783;0.7275;311.7096;149.5091;64.7651
20.12;0.2866;0.8783;0.7276;311.7096;149.5092;64.7510
20.13;0.2866;0.8783;0.7276;311.7096;149.5092;64.7510
20.15;0.2866;0.8782;0.7276;311.7096;149.5091;64.7561
20.17;0.2866;0.8782;0.7277;311.7096;149.5091;64.7083
20.18;0.2866;0.8781;0.7277;311.7096;149.5092;64.6942
20.20;0.2865;0.8781;0.7277;311.7096;149.5092;64.7118
20.22;0.2865;0.8780;0.7278;311.7096;149.5092;64.7529
20.23;0.2865;0.8780;0.7278;311.7096;149.5092;64.7007
20.25;0.2865;0.8779;0.7279;311.7096;149.5092;64.6686
20.27;0.2864;0.8778;0.7280;311.7096;149.5092;64.7129
20.28;0.2863;0.8777;0.7281;311.7096;149.5092;64.6341
20.30;0.2863;0.8776;0.7281;311.7096;149.5092;64.7249
20.32;0.2863;0.8775;0.7282;311.7096;149.5091;64.6796
20.33;0.2862;0.8774;0.7283;311.7096;149.5091;64.7221
20.35;0.2862;0.8773;0.7284;311.7096;149.5091;64.6057
20.37;0.2861;0.8771;0.7285;311.7096;149.5091;64.7017
20.38;0.2860;0.8770;0.7286;311.7096;149.5091;64.6689
20.40;0.2860;0.8769;0.7286;311.7096;149.5091;64.6379
20.42;0.2860;0.8768;0.7287;311.7096;149.5091;64.6802
20.43;0.2859;0.8767;0.7288;311.7096;149.5091;64.6853
20.45;0.2859;0.8766;0.7289;311.7096;149.5091;64.5970
20.47;0.2858;0.8765;0.7289;311.7096;149.5091;64.6391
20.48;0.2858;0.8764;0.7290;311.7096;149.5091;64.6284
20.50;0.2858;0.8764;0.7290;311.7096;149.5091;64.6080
20.52;0.2857;0.8763;0.7291;311.7096;149.5091;64.6278
20.53;0.2857;0.8763;0.7291;311.7096;149.5091;64.6312
20.55;0.2857;0.8762;0.7292;311.7096;149.5091;64.5490
20.57;0.2856;0.8761;0.7292;311.7096;149.5091;64.6068
20.58;0.2856;0.8760;0.7293;311.7096;149.5091;64.5564
20.60;0.2856;0.8760;0.7293;311.7096;149.5091;64.5422
20.62;0.2855;0.8759;0.7294;311.7096;149.5091;64.5489
20.63;0.2855;0.8758;0.7295;311.7096;149.5091;64.5139
20.65;0.2855;0.8758;0.7295;311.7096;149.5091;64.5923
20.67;0.2854;0.8757;0.7296;311.7096;149.5091;64.5748
20.68;0.2854;0.8757;0.7296;311.7096;149.5091;64.5401
20.70;0.2854;0.8756;0.7296;311.7096;149.5091;64.6328
20.72;0.2854;0.8756;0.7296;311.7096;149.5091;64.5772
20.73;0.2854;0.8756;0.7297;311.7096;149.5091;64.5806
20.75;0.2854;0.8755;0.7297;311.7096;149.5092;64.5663
20.77;0.2853;0.8754;0.7298;311.7096;149.5091;64.6068
20.78;0.2853;0.8754;0.7298;311.7096;149.5091;64.5859
20.80;0.2853;0.8754;0.7298;311.7096;149.5091;64.5474
20.82;0.2853;0.8753;0.7298;311.7096;149.5091;64.4979
20.83;0.2853;0.8753;0.7298;311.7096;149.5091;64.5155
20.85;0.2853;0.8753;0.7299;311.7096;149.5091;64.4802
20.87;0.2853;0.8752;0.7299;311.7096;149.5091;64.4978
20.88;0.2852;0.8752;0.7300;311.7096;149.5091;64.4643
20.90;0.2852;0.8752;0.7300;311.7096;149.5091;64.4643
20.92;0.2852;0.8751;0.7300;311.7096;149.5091;64.4695
20.93;0.2852;0.8751;0.7300;311.7096;149.5091;64.4695
20.95;0.2852;0.8751;0.7300;311.7096;149.5091;64.4021
20.97;0.2852;0.8750;0.7301;311.7096;149.5091;64.4073
20.98;0.2851;0.8750;0.7301;311.7096;149.5091;64.4450
21.00;0.2851;0.8750;0.7301;311.7096;149.5091;64.4450
21.02;0.2851;0.8749;0.7301;311.7096;149.5091;64.3894
21.03;0.2851;0.8749;0.7302;311.7096;149.5092;64.3505
21.05;0.2851;0.8749;0.7302;311.7096;149.5091;64.3700
21.07;0.2851;0.8748;0.7302;311.7096;149.5091;64.3733
21.08;0.2851;0.8748;0.7302;311.7096;149.5091;64.3733
21.10;0.2850;0.8748;0.7303;311.7096;149.5091;64.3200
21.12;0.2850;0.8748;0.7303;311.7096;149.5091;64.3932
21.13;0.2850;0.8748;0.7303;311.7096;149.5091;64.4108
21.15;0.2850;0.8747;0.7303;311.7096;149.5091;64.3769
21.17;0.2850;0.8747;0.7303;311.7096;149.5091;64.4336
21.18;0.2850;0.8746;0.7304;311.7096;149.5091;64.3820
21.20;0.2850;0.8746;0.7304;311.7096;149.5091;64.4387
21.22;0.2850;0.8746;0.7304;311.7096;149.5091;64.4048
21.23;0.2849;0.8745;0.7305;311.7096;149.5091;64.4081
21.25;0.2849;0.8745;0.7305;311.7096;149.5091;64.4133
21.27;0.2849;0.8745;0.7305;311.7096;149.5091;64.4310
21.28;0.2849;0.8744;0.7305;311.7096;149.5091;64.4166
21.30;0.2849;0.8744;0.7306;311.7096;149.5091;64.4362
21.32;0.2848;0.8743;0.7306;311.7096;149.5091;64.3270
21.33;0.2848;0.8743;0.7306;311.7096;149.5091;64.3859
21.35;0.2848;0.8743;0.7307;311.7096;149.5091;64.4055
21.37;0.2848;0.8742;0.7307;311.7096;149.5091;64.3200
21.38;0.2848;0.8742;0.7307;311.7096;149.5091;64.3965
21.40;0.2848;0.8742;0.7307;311.7096;149.5091;64.3089
21.42;0.2847;0.8741;0.7308;311.7096;149.5091;64.3604
21.43;0.2847;0.8741;0.7308;311.7096;149.5091;64.3243
21.45;0.2847;0.8740;0.7308;311.7096;149.5091;64.3439
21.47;0.2847;0.8740;0.7309;311.7096;149.5091;64.3295
21.48;0.2847;0.8739;0.7309;311.7096;149.5091;64.2616
21.50;0.2847;0.8739;0.7309;311.7096;149.5091;64.3525
21.52;0.2846;0.8739;0.7309;311.7096;149.5091;64.2985
21.53;0.2846;0.8739;0.7310;311.7096;149.5091;64.3162
21.55;0.2846;0.8738;0.7310;311.7096;149.5091;64.3162
21.57;0.2846;0.8737;0.7311;311.7096;149.5091;64.3248
21.58;0.2846;0.8737;0.7311;311.7096;149.5091;64.3048
21.60;0.2846;0.8737;0.7311;311.7096;149.5091;64.3048
21.62;0.2845;0.8736;0.7311;311.7096;149.5091;64.2904
21.63;0.2845;0.8736;0.7312;311.7096;149.5091;64.3114
21.65;0.2845;0.8735;0.7312;311.7096;149.5091;64.3167
21.67;0.2844;0.8734;0.7313;311.7096;149.5091;64.2835
21.68;0.2844;0.8734;0.7314;311.7096;149.5091;64.2889
21.70;0.2844;0.8733;0.7314;311.7096;149.5091;64.2745
21.72;0.2843;0.8732;0.7315;311.7096;149.5091;64.2556
21.73;0.2843;0.8732;0.7315;311.7096;149.5091;64.2576
21.75;0.2843;0.8731;0.7315;311.7096;149.5091;64.2785
21.77;0.2843;0.8731;0.7315;311.7096;149.5091;64.1510
21.78;0.2843;0.8731;0.7316;311.7096;149.5091;64.2119
21.80;0.2842;0.8730;0.7316;311.7096;149.5091;64.2152
21.82;0.2842;0.8730;0.7316;311.7096;149.5091;64.1752
21.83;0.2842;0.8730;0.7316;311.7096;149.5091;64.1752
21.85;0.2842;0.8730;0.7316;311.7096;149.5091;64.1441
21.87;0.2842;0.8730;0.7316;311.7096;149.5091;64.1752
21.88;0.2842;0.8730;0.7316;311.7096;149.5091;64.1752
21.90;0.2842;0.8730;0.7316;311.7096;149.5091;64.1773
21.92;0.2842;0.8730;0.7316;311.7096;149.5091;64.1773
21.93;0.2842;0.8730;0.7316;311.7096;149.5091;64.1773
21.95;0.2842;0.8730;0.7317;311.7096;149.5091;64.1773
21.97;0.2842;0.8729;0.7317;311.7096;149.5091;64.1949
21.98;0.2842;0.8729;0.7317;311.7096;149.5091;64.1949
22.00;0.2842;0.8729;0.7317;311.7096;149.5091;64.1949
22.02;0.2842;0.8729;0.7317;311.7096;149.5091;64.2350
22.03;0.2842;0.8729;0.7317;311.7096;149.5091;64.1949
22.05;0.2842;0.8729;0.7317;311.7096;149.5091;64.2371
22.07;0.2842;0.8729;0.7317;311.7096;149.5092;64.2371
22.08;0.2842;0.8729;0.7317;311.7096;149.5091;64.2350
22.10;0.2842;0.8729;0.7317;311.7096;149.5092;64.2750
22.12;0.2842;0.8729;0.7317;311.7096;149.5092;64.2717
22.13;0.2842;0.8729;0.7317;311.7096;149.5092;64.3139
22.15;0.2842;0.8729;0.7317;311.7096;149.5092;64.3139
22.17;0.2842;0.8730;0.7317;311.7096;149.5091;64.3163
22.18;0.2842;0.8730;0.7317;311.7096;149.5092;64.3307
22.20;0.2842;0.8730;0.7317;311.7096;149.5091;64.2998
22.22;0.2842;0.8730;0.7316;311.7096;149.5091;64.2942
22.23;0.2842;0.8730;0.7316;311.7096;149.5092;64.3497
22.25;0.2843;0.8730;0.7316;311.7096;149.5091;64.3863
22.27;0.2843;0.8731;0.7316;311.7096;149.5092;64.4205
22.28;0.2843;0.8731;0.7315;311.7096;149.5091;64.3440
22.30;0.2843;0.8732;0.7315;311.7096;149.5092;64.3408
22.32;0.2843;0.8732;0.7315;311.7096;149.5091;64.3749
22.33;0.2843;0.8732;0.7315;311.7096;149.5092;64.3572
22.35;0.2843;0.8732;0.7315;311.7096;149.5091;64.3396
22.37;0.2843;0.8732;0.7315;311.7096;149.5092;64.3889
22.38;0.2843;0.8732;0.7314;311.7096;149.5092;64.4032
22.40;0.2843;0.8732;0.7314;311.7096;149.5092;64.4009
22.42;0.2844;0.8733;0.7314;311.7096;149.5092;64.4153
22.43;0.2844;0.8733;0.7314;311.7096;149.5092;64.4130
22.45;0.2844;0.8733;0.7314;311.7096;149.5092;64.4130
22.47;0.2844;0.8733;0.7314;311.7096;149.5092;64.4645
22.48;0.2844;0.8733;0.7314;311.7096;149.5092;64.4983
22.50;0.2844;0.8733;0.7314;311.7096;149.5092;64.4613
22.52;0.2844;0.8733;0.7314;311.7096;149.5092;64.4197
22.53;0.2844;0.8733;0.7314;311.7096;149.5092;64.4907
22.55;0.2844;0.8733;0.7314;311.7096;149.5092;64.4319
22.57;0.2844;0.8733;0.7314;311.7096;149.5092;64.4142
22.58;0.2844;0.8733;0.7314;311.7096;149.5092;64.4142
22.60;0.2844;0.8733;0.7314;311.7096;149.5092;64.4142
22.62;0.2844;0.8734;0.7314;311.7096;149.5092;64.3945
22.63;0.2844;0.8734;0.7314;311.7096;149.5092;64.4359
22.65;0.2844;0.8734;0.7314;311.7096;149.5092;64.4338
22.67;0.2844;0.8734;0.7313;311.7096;149.5092;64.4089
22.68;0.2844;0.8734;0.7313;311.7096;149.5092;64.4821
22.70;0.2844;0.8734;0.7313;311.7096;149.5092;64.4821
22.72;0.2844;0.8734;0.7314;311.7096;149.5092;64.4265
22.73;0.2844;0.8734;0.7314;311.7096;149.5092;64.4265
22.75;0.2844;0.8734;0.7314;311.7096;149.5092;64.4679
22.77;0.2844;0.8733;0.7314;311.7096;149.5092;64.5565
22.78;0.2844;0.8733;0.7314;311.7096;149.5092;64.4833
22.80;0.2844;0.8733;0.7314;311.7096;149.5092;64.5173
22.82;0.2844;0.8733;0.7314;311.7096;149.5091;64.4855
22.83;0.2844;0.8733;0.7314;311.7096;149.5091;64.4855
22.85;0.2844;0.8733;0.7314;311.7096;149.5092;64.4462
22.87;0.2844;0.8733;0.7314;311.7096;149.5092;64.4462
22.88;0.2844;0.8733;0.7314;311.7096;149.5092;64.4462
22.90;0.2844;0.8733;0.7314;311.7096;149.5092;64.5194
22.92;0.2844;0.8733;0.7314;311.7096;149.5092;64.5194
22.93;0.2844;0.8733;0.7314;311.7096;149.5092;64.4462
22.95;0.2844;0.8733;0.7314;311.7096;149.5092;64.4855
22.97;0.2844;0.8733;0.7314;311.7096;149.5092;64.4617
22.98;0.2844;0.8733;0.7314;311.7096;149.5092;64.5031
23.00;0.2844;0.8733;0.7314;311.7096;149.5092;64.4814
23.02;0.2844;0.8733;0.7314;311.7096;149.5092;64.4671
23.03;0.2844;0.8733;0.7314;311.7096;149.5092;64.4847
23.05;0.2844;0.8733;0.7314;311.7096;149.5092;64.5558
23.07;0.2844;0.8733;0.7314;311.7096;149.5092;64.4847
23.08;0.2844;0.8733;0.7314;311.7096;149.5092;64.4847
23.10;0.2844;0.8733;0.7314;311.7096;149.5092;64.4847
23.12;0.2843;0.8732;0.7315;311.7096;149.5092;64.5023
23.13;0.2843;0.8732;0.7315;311.7096;149.5092;64.5023
23.15;0.2843;0.8732;0.7315;311.7096;149.5092;64.5755
23.17;0.2843;0.8732;0.7315;311.7096;149.5092;64.4838
23.18;0.2843;0.8732;0.7315;311.7096;149.5092;64.5570
23.20;0.2843;0.8732;0.7315;311.7096;149.5092;64.4838
23.22;0.2843;0.8731;0.7315;311.7096;149.5092;64.4870
23.23;0.2843;0.8731;0.7315;311.7096;149.5092;64.4870
23.25;0.2843;0.8731;0.7315;311.7096;149.5092;64.4653
23.27;0.2843;0.8731;0.7315;311.7096;149.5092;64.5047
23.28;0.2843;0.8731;0.7316;311.7096;149.5092;64.4707
23.30;0.2843;0.8731;0.7316;311.7096;149.5092;64.5439
23.32;0.2843;0.8731;0.7316;311.7096;149.5092;64.4883
23.33;0.2843;0.8731;0.7316;311.7096;149.5092;64.5221
23.35;0.2843;0.8731;0.7316;311.7096;149.5091;64.4883
23.37;0.2843;0.8731;0.7316;311.7096;149.5091;64.5615
23.38;0.2843;0.8730;0.7316;311.7096;149.5092;64.4739
23.40;0.2842;0.8730;0.7316;311.7096;149.5092;64.4792
23.42;0.2842;0.8730;0.7316;311.7096;149.5091;64.4398
23.43;0.2842;0.8730;0.7317;311.7096;149.5091;64.4398
23.45;0.2842;0.8729;0.7317;311.7096;149.5092;64.4767
23.47;0.2842;0.8729;0.7317;311.7096;149.5092;64.4638
23.48;0.2842;0.8728;0.7318;311.7096;149.5092;64.4836
23.50;0.2841;0.8728;0.7318;311.7096;149.5092;64.5205
23.52;0.2841;0.8727;0.7318;311.7096;149.5092;64.4505
23.53;0.2841;0.8727;0.7318;311.7096;149.5092;64.4131
23.55;0.2841;0.8727;0.7319;311.7096;149.5092;64.4162
23.57;0.2841;0.8726;0.7319;311.7096;149.5092;64.5386
23.58;0.2841;0.8726;0.7319;311.7096;149.5092;64.4360
23.60;0.2841;0.8726;0.7319;311.7096;149.5092;64.3963
23.62;0.2841;0.8726;0.7319;311.7096;149.5092;64.3963
23.63;0.2841;0.8726;0.7319;311.7096;149.5092;64.3985
23.65;0.2841;0.8726;0.7319;311.7096;149.5092;64.3985
23.67;0.2841;0.8726;0.7319;311.7096;149.5092;64.4319
23.68;0.2841;0.8726;0.7319;311.7096;149.5092;64.3411
23.70;0.2841;0.8726;0.7319;311.7096;149.5092;64.4143
23.72;0.2841;0.8727;0.7319;311.7096;149.5092;64.3411
23.73;0.2841;0.8727;0.7319;311.7096;149.5092;64.3234
23.75;0.2841;0.8727;0.7319;311.7096;149.5092;64.3776
23.77;0.2841;0.8727;0.7319;311.7096;149.5092;64.3600
23.78;0.2841;0.8727;0.7319;311.7096;149.5092;64.3202
23.80;0.2841;0.8727;0.7319;311.7096;149.5092;64.3758
23.82;0.2841;0.8727;0.7319;311.7096;149.5092;64.3445
23.83;0.2841;0.8727;0.7319;311.7096;149.5092;64.3445
23.85;0.2841;0.8727;0.7318;311.7096;149.5092;64.3568
23.87;0.2841;0.8728;0.7318;311.7096;149.5092;64.3413
23.88;0.2841;0.8728;0.7318;311.7096;149.5092;64.3237
23.90;0.2841;0.8728;0.7318;311.7096;149.5092;64.3237
23.92;0.2842;0.8728;0.7318;311.7096;149.5092;64.2784
23.93;0.2842;0.8728;0.7318;311.7096;149.5092;64.3204
23.95;0.2842;0.8728;0.7318;311.7096;149.5092;64.3150
23.97;0.2842;0.8729;0.7317;311.7096;149.5092;64.2973
23.98;0.2842;0.8729;0.7317;311.7096;149.5092;64.2785
24.00;0.2842;0.8729;0.7317;311.7096;149.5092;64.3496
24.02;0.2842;0.8730;0.7317;311.7096;149.5092;64.3784
24.03;0.2842;0.8730;0.7316;311.7096;149.5092;64.3273
24.05;0.2843;0.8730;0.7316;311.7096;149.5092;64.3815
24.07;0.2843;0.8731;0.7316;311.7096;149.5092;64.3739
24.08;0.2843;0.8731;0.7316;311.7096;149.5092;64.4615
24.10;0.2843;0.8731;0.7315;311.7096;149.5092;64.3850
24.12;0.2843;0.8731;0.7315;311.7096;149.5092;64.4224
24.13;0.2843;0.8731;0.7315;311.7096;149.5092;64.4224
24.15;0.2843;0.8731;0.7315;311.7096;149.5092;64.4048
24.17;0.2843;0.8732;0.7315;311.7096;149.5092;64.4171
24.18;0.2843;0.8732;0.7315;311.7096;149.5092;64.4150
24.20;0.2843;0.8732;0.7315;311.7096;149.5092;64.5276
24.22;0.2843;0.8732;0.7315;311.7096;149.5092;64.4903
24.23;0.2843;0.8732;0.7315;311.7096;149.5092;64.4544
24.25;0.2843;0.8732;0.7315;311.7096;149.5092;64.4688
24.27;0.2843;0.8732;0.7315;311.7096;149.5092;64.4688
24.28;0.2843;0.8732;0.7315;311.7096;149.5092;64.4512
24.30;0.2843;0.8732;0.7315;311.7096;149.5092;64.5367
24.32;0.2843;0.8732;0.7315;311.7096;149.5092;64.5367
24.33;0.2844;0.8733;0.7314;311.7096;149.5092;64.4852
24.35;0.2844;0.8733;0.7314;311.7096;149.5092;64.4602
24.37;0.2844;0.8733;0.7314;311.7096;149.5092;64.4996
24.38;0.2844;0.8733;0.7314;311.7096;149.5092;64.4406
24.40;0.2844;0.8733;0.7314;311.7096;149.5092;64.5138
24.42;0.2844;0.8733;0.7314;311.7096;149.5092;64.4799
24.43;0.2844;0.8733;0.7314;311.7096;149.5092;64.5531
24.45;0.2844;0.8733;0.7314;311.7096;149.5092;64.4799
24.47;0.2844;0.8733;0.7314;311.7096;149.5092;64.4942
24.48;0.2844;0.8733;0.7314;311.7096;149.5092;64.4210
24.50;0.2844;0.8733;0.7314;311.7096;149.5092;64.5334
24.52;0.2844;0.8733;0.7314;311.7096;149.5092;64.4426
24.53;0.2844;0.8734;0.7314;311.7096;149.5092;64.4909
24.55;0.2844;0.8734;0.7313;311.7096;149.5092;64.4537
24.57;0.2844;0.8734;0.7313;311.7096;149.5092;64.4681
24.58;0.2844;0.8735;0.7313;311.7096;149.5092;64.4630
24.60;0.2844;0.8735;0.7313;311.7096;149.5092;64.3722
24.62;0.2845;0.8735;0.7312;311.7096;149.5092;64.4080
24.63;0.2845;0.8736;0.7312;311.7096;149.5092;64.4048
24.65;0.2845;0.8736;0.7311;311.7096;149.5092;64.3996
24.67;0.2846;0.8737;0.7311;311.7096;149.5092;64.3895
24.68;0.2846;0.8738;0.7310;311.7096;149.5092;64.3669
24.70;0.2846;0.8738;0.7310;311.7096;149.5092;64.4225
24.72;0.2846;0.8739;0.7310;311.7096;149.5092;64.3444
24.73;0.2846;0.8739;0.7310;311.7096;149.5092;64.4303
24.75;0.2847;0.8739;0.7309;311.7096;149.5092;64.3539
24.77;0.2847;0.8740;0.7309;311.7096;149.5092;64.4223
24.78;0.2847;0.8740;0.7308;311.7096;149.5092;64.3526
24.80;0.2847;0.8740;0.7308;311.7096;149.5092;64.3653
24.82;0.2847;0.8741;0.7308;311.7096;149.5092;64.3478
24.83;0.2847;0.8741;0.7308;311.7096;149.5092;64.3605
24.85;0.2847;0.8741;0.7308;311.7096;149.5092;64.4305
24.87;0.2848;0.8742;0.7307;311.7096;149.5092;64.4643
24.88;0.2848;0.8743;0.7307;311.7096;149.5092;64.3878
24.90;0.2848;0.8743;0.7307;311.7096;149.5092;64.4611
24.92;0.2848;0.8743;0.7307;311.7096;149.5092;64.5139
24.93;0.2848;0.8743;0.7306;311.7096;149.5092;64.4792
24.95;0.2848;0.8743;0.7306;311.7096;149.5092;64.5139
24.97;0.2848;0.8743;0.7306;311.7096;149.5092;64.5267
24.98;0.2848;0.8744;0.7306;311.7096;149.5092;64.5652
25.00;0.2848;0.8744;0.7306;311.7096;149.5092;64.4920
25.02;0.2849;0.8744;0.7306;311.7096;149.5092;64.5619
25.03;0.2849;0.8744;0.7306;311.7096;149.5092;64.5619
25.05;0.2849;0.8745;0.7305;311.7096;149.5092;64.4854
25.07;0.2849;0.8745;0.7305;311.7096;149.5092;64.5238
25.08;0.2850;0.8746;0.7304;311.7096;149.5092;64.5348
25.10;0.2850;0.8746;0.7304;311.7096;149.5092;64.5157
25.12;0.2850;0.8747;0.7303;311.7096;149.5092;64.4775
25.13;0.2850;0.8747;0.7303;311.7096;149.5092;64.5331
25.15;0.2850;0.8748;0.7303;311.7096;149.5092;64.4950
25.17;0.2851;0.8748;0.7302;311.7096;149.5092;64.4917
25.18;0.2851;0.8749;0.7302;311.7096;149.5092;64.5074
25.20;0.2851;0.8749;0.7302;311.7096;149.5092;64.5280
25.22;0.2851;0.8750;0.7301;311.7096;149.5092;64.5805
25.23;0.2851;0.8750;0.7301;311.7096;149.5092;64.5931
25.25;0.2851;0.8750;0.7301;311.7096;149.5092;64.6454
25.27;0.2852;0.8751;0.7301;311.7096;149.5092;64.6659
25.28;0.2852;0.8751;0.7300;311.7096;149.5092;64.6256
25.30;0.2852;0.8751;0.7300;311.7096;149.5092;64.6223
25.32;0.2852;0.8751;0.7300;311.7096;149.5092;64.6585
25.33;0.2852;0.8752;0.7300;311.7096;149.5092;64.6552
25.35;0.2853;0.8753;0.7299;311.7096;149.5092;64.7021
25.37;0.2853;0.8754;0.7298;311.7096;149.5092;64.7334
25.38;0.2854;0.8755;0.7297;311.7096;149.5092;64.7231
25.40;0.2854;0.8756;0.7296;311.7096;149.5092;64.7698
25.42;0.2855;0.8757;0.7295;311.7096;149.5092;64.6525
25.43;0.2855;0.8758;0.7295;311.7096;149.5092;64.7349
25.45;0.2856;0.8760;0.7293;311.7096;149.5092;64.7049
25.47;0.2856;0.8761;0.7292;311.7096;149.5092;64.6773
