92.34;0.2870;0.8906;0.7298;306.6818;151.4946;102.0850
92.36;0.2873;0.8904;0.7298;306.7579;151.3429;102.1905
92.38;0.2871;0.8904;0.7300;306.6247;151.3593;102.2656
92.39;0.2873;0.8904;0.7300;306.5939;151.2069;102.4223
92.41;0.2874;0.8902;0.7301;306.5126;151.0176;102.5966
92.43;0.2873;0.8902;0.7302;306.3874;150.8898;102.7727
92.44;0.2873;0.8901;0.7302;306.3248;150.8256;102.8976
92.46;0.2874;0.8902;0.7305;306.1997;150.6967;103.0016
92.48;0.2873;0.8902;0.7305;306.1997;150.7202;103.0748
92.49;0.2873;0.8903;0.7307;306.0748;150.6141;103.1064
92.51;0.2872;0.8905;0.7311;305.8876;150.4651;103.3382
92.53;0.2872;0.8905;0.7312;305.8253;150.3994;103.3915
92.54;0.2873;0.8905;0.7313;305.7954;150.2443;103.4773
92.56;0.2871;0.8905;0.7313;305.7631;150.3570;103.4450
92.58;0.2873;0.8905;0.7314;305.7449;150.2298;103.4964
92.59;0.2873;0.8905;0.7314;305.7449;150.2298;103.4964
92.61;0.2873;0.8904;0.7315;305.7061;150.2197;103.4810
92.63;0.2873;0.8904;0.7316;305.6439;150.1534;103.6081
92.64;0.2872;0.8904;0.7315;305.6556;150.1816;103.5002
92.66;0.2872;0.8903;0.7315;305.6556;150.2052;103.5734
92.68;0.2873;0.8903;0.7316;305.6258;150.0497;103.6594
92.69;0.2871;0.8904;0.7317;305.5934;150.1623;103.6274
92.71;0.2872;0.8902;0.7316;305.6258;150.0968;103.6595
92.73;0.2872;0.8903;0.7317;305.5636;150.0301;103.7136
92.74;0.2873;0.8902;0.7316;305.5960;149.9411;103.7456
92.76;0.2872;0.8902;0.7316;305.5636;150.0301;103.7136
92.78;0.2873;0.8902;0.7317;305.5339;149.8743;103.7999
92.79;0.2873;0.8901;0.7317;305.5339;149.8743;103.7999
92.81;0.2873;0.8901;0.7316;305.5339;149.8508;103.8732
92.83;0.2875;0.8900;0.7316;305.5663;149.7619;103.9782
92.84;0.2875;0.8900;0.7316;305.5663;149.7619;103.9782
92.86;0.2875;0.8900;0.7316;305.5663;149.7619;104.0515
92.88;0.2875;0.8900;0.7316;305.5663;149.7619;104.0515
92.89;0.2875;0.8901;0.7317;305.5043;149.6948;104.1793
92.91;0.2876;0.8899;0.7316;305.5988;149.6731;104.1564
92.93;0.2876;0.8900;0.7317;305.5368;149.6060;104.2109
92.94;0.2876;0.8899;0.7317;305.5368;149.6060;104.2109
92.96;0.2876;0.8899;0.7315;305.5988;149.6730;104.2297
92.98;0.2877;0.8899;0.7317;305.5693;149.5173;104.3890
92.99;0.2877;0.8899;0.7317;305.5693;149.5173;104.3157
93.01;0.2877;0.8897;0.7315;305.6313;149.5844;104.2612
93.03;0.2877;0.8898;0.7316;305.5693;149.5173;104.3157
93.04;0.2877;0.8898;0.7316;305.5693;149.5173;104.3890
93.06;0.2877;0.8897;0.7315;305.6313;149.5844;104.2612
93.08;0.2877;0.8898;0.7316;305.5807;149.5458;104.3540
93.09;0.2877;0.8898;0.7316;305.5807;149.5457;104.2808
93.11;0.2877;0.8897;0.7316;305.5922;149.5742;104.3191
93.13;0.2876;0.8896;0.7315;305.6037;149.6026;104.2842
93.14;0.2877;0.8895;0.7314;305.7097;149.6326;104.2265
93.16;0.2877;0.8894;0.7314;305.7212;149.6608;104.1917
93.18;0.2876;0.8895;0.7315;305.6267;149.6828;104.2144
93.19;0.2876;0.8894;0.7315;305.6821;149.6508;104.1761
93.21;0.2876;0.8891;0.7313;305.7166;149.7356;104.0717
93.23;0.2875;0.8889;0.7311;305.7788;149.8018;104.0912
93.24;0.2874;0.8889;0.7311;305.6844;149.8243;104.0403
93.26;0.2875;0.8887;0.7309;305.7788;149.7783;104.0912
93.27;0.2876;0.8887;0.7309;305.7051;149.6602;104.1797
93.29;0.2875;0.8888;0.7309;305.6729;149.7254;104.1483
93.31;0.2877;0.8887;0.7308;305.7051;149.5896;104.1797
93.32;0.2876;0.8888;0.7308;305.6613;149.6500;104.2563
93.34;0.2877;0.8889;0.7309;305.5646;149.4982;104.4152
93.36;0.2876;0.8889;0.7309;305.5208;149.5350;104.4186
93.37;0.2876;0.8890;0.7309;305.4978;149.4780;104.4886
93.39;0.2876;0.8890;0.7308;305.4978;149.4780;104.5219
93.41;0.2875;0.8893;0.7310;305.3134;149.3981;104.6556
93.42;0.2875;0.8893;0.7310;305.2693;149.4349;104.6589
93.44;0.2874;0.8894;0.7310;305.2368;149.5004;104.6269
93.46;0.2874;0.8894;0.7310;305.2368;149.5004;104.6269
93.47;0.2874;0.8894;0.7310;305.2253;149.4716;104.6621
93.49;0.2874;0.8894;0.7310;305.2253;149.4716;104.6621
93.51;0.2874;0.8894;0.7310;305.2253;149.4716;104.6621
93.52;0.2873;0.8894;0.7310;305.1927;149.5608;104.6300
93.54;0.2872;0.8895;0.7310;305.1486;149.6213;104.6330
93.56;0.2872;0.8895;0.7310;305.1486;149.6213;104.6330
93.57;0.2872;0.8895;0.7310;305.1486;149.6213;104.6330
93.59;0.2871;0.8896;0.7310;305.1045;149.6819;104.6359
93.61;0.2869;0.8897;0.7311;304.9984;149.6977;104.6946
93.62;0.2868;0.8899;0.7312;304.8809;149.6607;104.7891
93.64;0.2867;0.8900;0.7312;304.8366;149.7213;104.7919
93.66;0.2866;0.8900;0.7312;304.8040;149.8110;104.7591
93.67;0.2866;0.8901;0.7313;304.7422;149.7421;104.8158
93.69;0.2864;0.8901;0.7313;304.7096;149.8319;104.7829
93.71;0.2867;0.8899;0.7312;304.7749;149.6523;104.9218
93.72;0.2866;0.8900;0.7313;304.6573;149.6142;104.9439
93.74;0.2866;0.8900;0.7310;304.6728;149.5429;105.0294
93.76;0.2867;0.8901;0.7311;304.5766;149.3848;105.1941
93.77;0.2866;0.8902;0.7311;304.4977;149.3329;105.3046
93.79;0.2868;0.8902;0.7311;304.4965;149.1543;105.4453
93.81;0.2869;0.8903;0.7310;304.4509;149.0121;105.6625
93.82;0.2869;0.8903;0.7309;304.4395;148.9588;105.6986
93.84;0.2870;0.8904;0.7310;304.3443;148.7744;105.7926
93.86;0.2870;0.8903;0.7308;304.3941;148.8161;105.8430
93.87;0.2871;0.8903;0.7307;304.3715;148.7328;105.9153
93.89;0.2871;0.8903;0.7307;304.3489;148.6730;105.9877
93.91;0.2871;0.8904;0.7306;304.2926;148.5232;106.1691
93.92;0.2871;0.8901;0.7306;304.2814;148.4932;106.1322
93.94;0.2870;0.8901;0.7308;304.2814;148.4932;106.2055
93.96;0.2870;0.8901;0.7308;304.2814;148.4932;106.2055
93.97;0.2870;0.8901;0.7308;304.2814;148.4932;106.2055
93.99;0.2870;0.8901;0.7308;304.2814;148.4932;106.2055
94.01;0.2870;0.8901;0.7308;304.2814;148.4932;106.2055
94.02;0.2870;0.8901;0.7308;304.2814;148.4932;106.2055
94.04;0.2870;0.8901;0.7308;304.2814;148.4932;106.2055
94.06;0.2870;0.8901;0.7308;304.2814;148.4932;106.1529
94.07;0.2870;0.8901;0.7308;304.2814;148.4932;106.1529
94.09;0.2870;0.8901;0.7308;304.2814;148.4932;106.1117
94.11;0.2870;0.8901;0.7308;304.2814;148.4932;106.1117
94.12;0.2870;0.8901;0.7308;304.2814;148.4932;106.0706
94.14;0.2870;0.8901;0.7308;304.2814;148.4932;106.0706
94.16;0.2870;0.8901;0.7308;304.2814;148.4932;106.0706
94.17;0.2870;0.8901;0.7308;304.2814;148.4932;106.0706
94.19;0.2870;0.8901;0.7308;304.2814;148.4932;106.0294
94.21;0.2870;0.8901;0.7308;304.2814;148.4932;106.0294
94.22;0.2870;0.8901;0.7308;304.2814;148.4932;106.0499
94.24;0.2870;0.8900;0.7308;304.2814;148.4932;105.9845
94.26;0.2870;0.8900;0.7308;304.2814;148.4932;105.9316
94.27;0.2870;0.8900;0.7308;304.2814;148.4932;105.9200
94.29;0.2870;0.8900;0.7308;304.2814;148.4932;105.9200
94.31;0.2870;0.8900;0.7309;304.2814;148.4932;105.9287
94.32;0.2870;0.8900;0.7309;304.2814;148.4932;105.8874
94.34;0.2870;0.8900;0.7309;304.2814;148.4932;105.8461
94.36;0.2870;0.8900;0.7309;304.2814;148.4932;105.8344
94.37;0.2870;0.8899;0.7309;304.2814;148.4932;105.8539
94.39;0.2870;0.8899;0.7309;304.2814;148.4932;105.9271
94.41;0.2869;0.8899;0.7309;304.2814;148.4932;105.8008
94.42;0.2869;0.8899;0.7309;304.2814;148.4932;105.8010
94.44;0.2869;0.8899;0.7309;304.2814;148.4932;105.8626
94.46;0.2869;0.8899;0.7309;304.2814;148.4932;105.7893
94.47;0.2869;0.8899;0.7309;304.2814;148.4932;105.8626
94.49;0.2869;0.8898;0.7309;304.2814;148.4932;105.8213
94.51;0.2869;0.8898;0.7309;304.2814;148.4932;105.8509
94.52;0.2869;0.8898;0.7310;304.2814;148.4932;105.8289
94.54;0.2869;0.8898;0.7310;304.2814;148.4932;105.8367
94.56;0.2869;0.8897;0.7310;304.2814;148.4932;105.8445
94.57;0.2869;0.8897;0.7310;304.2814;148.4932;105.8329
94.59;0.2868;0.8897;0.7310;304.2814;148.4932;105.8523
94.61;0.2868;0.8896;0.7311;304.2814;148.4932;105.8679
94.62;0.2868;0.8895;0.7312;304.2814;148.4932;105.8225
94.64;0.2867;0.8894;0.7312;304.2814;148.4932;105.8381
94.66;0.2867;0.8893;0.7313;304.2814;148.4932;105.7727
94.67;0.2867;0.8892;0.7313;304.2814;148.4932;105.8343
94.69;0.2867;0.8892;0.7313;304.2814;148.4932;105.8421
94.71;0.2866;0.8890;0.7314;304.2814;148.4932;105.8889
94.72;0.2866;0.8889;0.7315;304.2814;148.4932;105.8851
94.74;0.2866;0.8888;0.7315;304.2814;148.4932;105.8078
94.76;0.2865;0.8888;0.7315;304.2814;148.4932;105.8695
94.77;0.2865;0.8888;0.7316;304.2814;148.4932;105.8774
94.79;0.2865;0.8887;0.7316;304.2814;148.4932;105.8355
94.81;0.2865;0.8886;0.7316;304.2814;148.4932;105.9047
94.82;0.2865;0.8886;0.7317;304.2814;148.4932;105.8591
94.84;0.2864;0.8885;0.7317;304.2814;148.4932;105.8351
94.86;0.2864;0.8885;0.7317;304.2814;148.4932;105.8548
94.87;0.2864;0.8884;0.7318;304.2814;148.4932;105.7894
94.89;0.2864;0.8884;0.7318;304.2814;148.4932;105.7775
94.91;0.2863;0.8882;0.7319;304.2814;148.4932;105.8358
94.92;0.2863;0.8881;0.7319;304.2814;148.4932;105.8513
94.94;0.2863;0.8881;0.7320;304.2814;148.4932;105.7738
94.96;0.2863;0.8880;0.7320;304.2814;148.4932;105.7622
94.97;0.2862;0.8879;0.7320;304.2814;148.4932;105.8431
94.99;0.2862;0.8879;0.7321;304.2814;148.4932;105.8431
95.01;0.2862;0.8878;0.7321;304.2814;148.4932;105.7852
95.02;0.2862;0.8877;0.7322;304.2814;148.4932;105.8434
95.04;0.2861;0.8877;0.7322;304.2814;148.4932;105.8200
95.06;0.2861;0.8876;0.7322;304.2814;148.4932;105.7776
95.07;0.2861;0.8876;0.7322;304.2814;148.4932;105.7121
95.09;0.2861;0.8876;0.7322;304.2814;148.4932;105.8048
95.11;0.2861;0.8875;0.7323;304.2814;148.4932;105.8320
95.12;0.2861;0.8874;0.7323;304.2814;148.4932;105.7548
95.14;0.2860;0.8873;0.7324;304.2814;148.4932;105.7084
95.16;0.2860;0.8873;0.7324;304.2814;148.4932;105.7392
95.17;0.2860;0.8873;0.7324;304.2814;148.4932;105.7470
95.19;0.2860;0.8872;0.7325;304.2814;148.4932;105.6620
95.21;0.2859;0.8871;0.7326;304.2814;148.4932;105.7508
95.22;0.2859;0.8869;0.7326;304.2814;148.4932;105.7237
95.24;0.2858;0.8868;0.7327;304.2814;148.4932;105.6771
95.26;0.2858;0.8868;0.7327;304.2814;148.4932;105.5921
95.27;0.2858;0.8868;0.7327;304.2814;148.4932;105.5804
95.29;0.2858;0.8867;0.7327;304.2814;148.4932;105.6304
95.31;0.2858;0.8866;0.7328;304.2814;148.4932;105.6576
95.32;0.2858;0.8866;0.7328;304.2814;148.4932;105.6225
95.34;0.2857;0.8865;0.7329;304.2814;148.4932;105.6614
95.36;0.2857;0.8865;0.7329;304.2814;148.4932;105.5336
95.37;0.2857;0.8864;0.7329;304.2814;148.4932;105.5530
95.39;0.2857;0.8864;0.7329;304.2814;148.4932;105.5101
95.41;0.2857;0.8863;0.7330;304.2814;148.4932;105.6224
95.42;0.2856;0.8863;0.7330;304.2814;148.4932;105.5451
95.44;0.2856;0.8862;0.7330;304.2814;148.4932;105.5831
95.46;0.2856;0.8862;0.7331;304.2814;148.4932;105.5831
95.47;0.2856;0.8861;0.7331;304.2814;148.4932;105.5909
95.49;0.2856;0.8861;0.7331;304.2814;148.4932;105.5792
95.51;0.2855;0.8860;0.7332;304.2814;148.4932;105.4589
95.52;0.2855;0.8859;0.7332;304.2814;148.4932;105.4967
95.54;0.2855;0.8859;0.7332;304.2814;148.4932;105.3686
95.56;0.2855;0.8859;0.7333;304.2814;148.4932;105.4301
95.57;0.2855;0.8858;0.7333;304.2814;148.4932;105.4495
95.59;0.2855;0.8858;0.7333;304.2814;148.4932;105.3763
95.61;0.2855;0.8858;0.7333;304.2814;148.4932;105.3708
95.62;0.2855;0.8858;0.7333;304.2814;148.4932;105.3170
95.64;0.2854;0.8857;0.7333;304.2814;148.4932;105.3664
95.66;0.2854;0.8857;0.7333;304.2814;148.4932;105.3664
95.67;0.2854;0.8857;0.7333;304.2814;148.4932;105.3664
95.69;0.2854;0.8857;0.7333;304.2814;148.4932;105.3664
95.71;0.2854;0.8857;0.7333;304.2814;148.4932;105.3231
95.72;0.2854;0.8857;0.7333;304.2814;148.4932;105.3665
95.74;0.2854;0.8857;0.7333;304.2814;148.4932;105.2499
95.76;0.2854;0.8857;0.7333;304.2814;148.4932;105.3232
95.77;0.2854;0.8857;0.7333;304.2814;148.4932;105.3231
95.79;0.2854;0.8857;0.7333;304.2814;148.4932;105.3232
95.81;0.2854;0.8857;0.7333;304.2814;148.4932;105.3232
95.82;0.2854;0.8857;0.7333;304.2814;148.4932;105.3232
95.84;0.2854;0.8857;0.7333;304.2814;148.4932;105.2500
95.86;0.2854;0.8857;0.7333;304.2814;148.4932;105.3427
95.87;0.2854;0.8857;0.7333;304.2814;148.4932;105.3426
95.89;0.2854;0.8857;0.7333;304.2814;148.4932;105.3010
95.91;0.2854;0.8857;0.7333;304.2814;148.4932;105.2771
95.92;0.2854;0.8857;0.7334;304.2814;148.4932;105.3698
95.94;0.2854;0.8857;0.7334;304.2814;148.4932;105.3400
95.96;0.2854;0.8857;0.7334;304.2814;148.4932;105.2967
95.97;0.2854;0.8857;0.7334;304.2814;148.4932;105.2965
95.99;0.2854;0.8857;0.7334;304.2814;148.4932;105.3698
96.01;0.2854;0.8857;0.7334;304.2814;148.4932;105.2967
96.02;0.2854;0.8857;0.7334;304.2814;148.4932;105.3699
96.04;0.2854;0.8857;0.7334;304.2814;148.4932;105.3699
96.06;0.2854;0.8857;0.7334;304.2814;148.4932;105.3265
96.07;0.2854;0.8857;0.7334;304.2814;148.4932;105.3699
96.09;0.2854;0.8857;0.7334;304.2814;148.4932;105.2966
96.11;0.2854;0.8857;0.7334;304.2814;148.4932;105.3265
96.12;0.2854;0.8857;0.7334;304.2814;148.4932;105.2533
96.14;0.2854;0.8857;0.7334;304.2814;148.4932;105.3265
96.16;0.2854;0.8857;0.7334;304.2814;148.4932;105.3265
96.17;0.2854;0.8857;0.7334;304.2814;148.4932;105.3265
96.19;0.2854;0.8857;0.7334;304.2814;148.4932;105.3459
96.21;0.2854;0.8857;0.7334;304.2814;148.4932;105.3459
96.22;0.2854;0.8857;0.7334;304.2814;148.4932;105.3026
96.24;0.2854;0.8857;0.7334;304.2814;148.4932;105.3026
96.26;0.2854;0.8857;0.7334;304.2814;148.4932;105.3027
96.27;0.2854;0.8857;0.7334;304.2814;148.4932;105.3027
96.29;0.2854;0.8857;0.7334;304.2814;148.4932;105.3027
96.31;0.2854;0.8857;0.7334;304.2814;148.4932;105.3027
96.32;0.2854;0.8857;0.7334;304.2814;148.4932;105.3027
96.34;0.2854;0.8857;0.7334;304.2814;148.4932;105.3027
96.36;0.2854;0.8857;0.7334;304.2814;148.4932;105.3027
96.37;0.2854;0.8857;0.7334;304.2814;148.4932;105.2295
96.39;0.2854;0.8857;0.7334;304.2814;148.4932;105.2100
96.41;0.2854;0.8857;0.7334;304.2814;148.4932;105.2833
96.42;0.2854;0.8857;0.7334;304.2814;148.4932;105.2833
96.44;0.2854;0.8857;0.7334;304.2814;148.4932;105.2102
96.46;0.2854;0.8857;0.7334;304.2814;148.4932;105.2834
96.47;0.2854;0.8857;0.7333;304.2814;148.4932;105.2221
96.49;0.2854;0.8857;0.7333;304.2814;148.4932;105.2221
96.51;0.2854;0.8857;0.7333;304.2814;148.4932;105.2953
96.52;0.2854;0.8857;0.7333;304.2814;148.4932;105.2221
96.54;0.2854;0.8857;0.7333;304.2814;148.4932;105.2953
96.56;0.2854;0.8857;0.7333;304.2814;148.4932;105.2953
96.57;0.2854;0.8857;0.7333;304.2814;148.4932;105.2220
96.59;0.2854;0.8857;0.7333;304.2814;148.4932;105.2219
96.61;0.2854;0.8857;0.7333;304.2814;148.4932;105.2951
96.62;0.2854;0.8857;0.7333;304.2814;148.4932;105.2220
96.64;0.2854;0.8857;0.7333;304.2814;148.4932;105.2953
96.66;0.2854;0.8857;0.7333;304.2814;148.4932;105.2951
96.67;0.2854;0.8857;0.7333;304.2814;148.4932;105.2953
96.69;0.2854;0.8857;0.7333;304.2814;148.4932;105.2654
96.71;0.2854;0.8857;0.7333;304.2814;148.4932;105.2220
96.72;0.2854;0.8857;0.7333;304.2814;148.4932;105.2220
96.74;0.2854;0.8857;0.7333;304.2814;148.4932;105.2220
96.76;0.2854;0.8857;0.7333;304.2814;148.4932;105.2654
96.77;0.2854;0.8857;0.7333;304.2814;148.4932;105.2951
96.79;0.2854;0.8857;0.7333;304.2814;148.4932;105.2025
96.81;0.2854;0.8857;0.7333;304.2814;148.4932;105.2757
96.82;0.2854;0.8857;0.7333;304.2814;148.4932;105.3191
96.84;0.2854;0.8857;0.7333;304.2814;148.4932;105.2757
96.86;0.2854;0.8857;0.7333;304.2814;148.4932;105.2757
96.87;0.2854;0.8857;0.7333;304.2814;148.4932;105.3191
96.89;0.2854;0.8857;0.7333;304.2814;148.4932;105.2757
96.91;0.2854;0.8857;0.7333;304.2814;148.4932;105.2757
96.92;0.2854;0.8857;0.7333;304.2814;148.4932;105.3191
96.94;0.2854;0.8857;0.7333;304.2814;148.4932;105.2457
96.96;0.2854;0.8857;0.7333;304.2814;148.4932;105.2457
96.97;0.2854;0.8857;0.7333;304.2814;148.4932;105.3189
96.99;0.2854;0.8857;0.7333;304.2814;148.4932;105.2023
97.01;0.2854;0.8857;0.7333;304.2814;148.4932;105.3189
97.02;0.2854;0.8857;0.7333;304.2814;148.4932;105.2022
97.04;0.2854;0.8857;0.7333;304.2814;148.4932;105.2457
97.06;0.2854;0.8857;0.7333;304.2814;148.4932;105.3189
97.07;0.2854;0.8857;0.7333;304.2814;148.4932;105.3189
97.09;0.2854;0.8857;0.7333;304.2814;148.4932;105.2457
97.11;0.2854;0.8857;0.7333;304.2814;148.4932;105.2456
97.12;0.2854;0.8857;0.7333;304.2814;148.4932;105.3188
97.14;0.2854;0.8857;0.7333;304.2814;148.4932;105.3188
97.16;0.2854;0.8857;0.7333;304.2814;148.4932;105.3622
97.17;0.2854;0.8857;0.7333;304.2814;148.4932;105.2889
97.19;0.2854;0.8857;0.7333;304.2814;148.4932;105.3322
97.21;0.2854;0.8857;0.7333;304.2814;148.4932;105.4055
97.22;0.2854;0.8857;0.7333;304.2814;148.4932;105.4488
97.24;0.2854;0.8857;0.7333;304.2814;148.4932;105.4681
97.26;0.2854;0.8857;0.7333;304.2814;148.4932;105.5115
97.27;0.2854;0.8857;0.7333;304.2814;148.4932;105.5115
97.29;0.2854;0.8857;0.7333;304.2814;148.4932;105.4682
97.31;0.2854;0.8857;0.7333;304.2814;148.4932;105.5115
97.32;0.2854;0.8857;0.7333;304.2814;148.4932;105.5115
97.34;0.2854;0.8857;0.7333;304.2814;148.4932;105.5547
97.36;0.2854;0.8857;0.7333;304.2814;148.4932;105.5547
97.37;0.2854;0.8857;0.7333;304.2814;148.4932;105.5547
97.39;0.2854;0.8857;0.7333;304.2814;148.4932;105.5547
97.41;0.2854;0.8857;0.7333;304.2814;148.4932;105.5547
97.42;0.2854;0.8857;0.7333;304.2814;148.4932;105.5248
97.44;0.2854;0.8857;0.7333;304.2814;148.4932;105.4815
97.46;0.2854;0.8857;0.7333;304.2814;148.4932;105.4815
97.47;0.2854;0.8857;0.7333;304.2814;148.4932;105.5979
97.49;0.2854;0.8857;0.7333;304.2814;148.4932;105.5979
97.51;0.2854;0.8857;0.7333;304.2814;148.4932;105.6412
97.52;0.2854;0.8857;0.7333;304.2814;148.4932;105.6412
97.54;0.2854;0.8857;0.7333;304.2814;148.4932;105.6412
97.56;0.2854;0.8857;0.7333;304.2814;148.4932;105.6412
97.57;0.2854;0.8857;0.7333;304.2814;148.4932;105.5680
97.59;0.2854;0.8857;0.7333;304.2814;148.4932;105.5680
97.61;0.2854;0.8857;0.7333;304.2814;148.4932;105.5680
97.62;0.2854;0.8857;0.7333;304.2814;148.4932;105.6412
97.64;0.2854;0.8857;0.7333;304.2814;148.4932;105.6530
97.66;0.2854;0.8857;0.7333;304.2814;148.4932;105.6530
97.67;0.2854;0.8857;0.7333;304.2814;148.4932;105.6229
97.69;0.2854;0.8857;0.7333;304.2814;148.4932;105.6530
97.71;0.2854;0.8857;0.7333;304.2814;148.4932;105.6530
97.72;0.2854;0.8857;0.7333;304.2814;148.4932;105.6530
97.74;0.2854;0.8857;0.7333;304.2814;148.4932;105.6960
97.76;0.2854;0.8857;0.7333;304.2814;148.4932;105.6961
97.77;0.2854;0.8857;0.7333;304.2814;148.4932;105.6228
97.79;0.2854;0.8857;0.7333;304.2814;148.4932;105.6961
97.81;0.2854;0.8857;0.7333;304.2814;148.4932;105.6961
97.82;0.2854;0.8857;0.7333;304.2814;148.4932;105.6228
97.84;0.2854;0.8857;0.7333;304.2814;148.4932;105.6228
97.86;0.2854;0.8857;0.7333;304.2814;148.4932;105.6228
97.87;0.2854;0.8857;0.7333;304.2814;148.4932;105.6529
97.89;0.2854;0.8857;0.7333;304.2814;148.4932;105.6960
97.91;0.2854;0.8857;0.7333;304.2814;148.4932;105.6528
97.92;0.2854;0.8857;0.7333;304.2814;148.4932;105.6960
97.94;0.2854;0.8857;0.7333;304.2814;148.4932;105.6960
97.96;0.2854;0.8857;0.7333;304.2814;148.4932;105.6528
97.97;0.2854;0.8857;0.7333;304.2814;148.4932;105.6528
97.99;0.2854;0.8857;0.7333;304.2814;148.4932;105.6959
98.01;0.2854;0.8857;0.7333;304.2814;148.4932;105.6227
98.02;0.2854;0.8857;0.7334;304.2814;148.4932;105.7154
98.04;0.2854;0.8857;0.7334;304.2814;148.4932;105.7154
98.06;0.2854;0.8857;0.7334;304.2814;148.4932;105.6422
98.07;0.2854;0.8857;0.7334;304.2814;148.4932;105.7586
98.09;0.2854;0.8857;0.7334;304.2814;148.4932;105.7154
98.11;0.2854;0.8857;0.7334;304.2814;148.4931;105.7586
98.12;0.2854;0.8857;0.7334;304.2814;148.4931;105.7586
98.14;0.2854;0.8857;0.7334;304.2814;148.4932;105.8018
98.16;0.2854;0.8857;0.7334;304.2814;148.4932;105.8017
98.17;0.2854;0.8857;0.7334;304.2814;148.4932;105.6854
98.19;0.2854;0.8857;0.7334;304.2814;148.4932;105.7480
98.21;0.2854;0.8857;0.7334;304.2814;148.4932;105.7479
98.22;0.2854;0.8857;0.7334;304.2814;148.4932;105.8212
98.24;0.2854;0.8857;0.7334;304.2814;148.4932;105.8213
98.26;0.2854;0.8857;0.7334;304.2814;148.4932;105.8644
98.27;0.2854;0.8857;0.7334;304.2814;148.4932;105.8644
98.29;0.2854;0.8857;0.7334;304.2814;148.4932;105.7912
98.31;0.2854;0.8857;0.7334;304.2814;148.4932;105.8644
98.32;0.2854;0.8857;0.7334;304.2814;148.4932;105.8644
98.34;0.2854;0.8857;0.7334;304.2814;148.4932;105.9075
98.36;0.2854;0.8857;0.7334;304.2814;148.4932;105.9075
98.37;0.2854;0.8857;0.7334;304.2814;148.4932;105.9075
98.39;0.2854;0.8857;0.7334;304.2814;148.4932;105.9075
98.41;0.2854;0.8857;0.7334;304.2814;148.4932;105.9075
98.42;0.2854;0.8857;0.7334;304.2814;148.4932;105.9506
98.44;0.2854;0.8856;0.7334;304.2814;148.4932;105.9701
98.46;0.2854;0.8856;0.7334;304.2814;148.4932;105.9701
98.47;0.2854;0.8856;0.7334;304.2814;148.4932;106.0132
98.49;0.2854;0.8856;0.7334;304.2814;148.4932;106.0132
98.51;0.2854;0.8856;0.7334;304.2814;148.4932;105.9400
98.52;0.2854;0.8857;0.7334;304.2814;148.4932;105.9819
98.54;0.2854;0.8857;0.7333;304.2814;148.4932;106.0365
98.56;0.2854;0.8857;0.7333;304.2814;148.4932;105.9439
98.57;0.2854;0.8857;0.7333;304.2814;148.4932;105.9855
98.59;0.2854;0.8857;0.7333;304.2814;148.4932;105.9855
98.61;0.2854;0.8857;0.7333;304.2814;148.4932;105.9986
98.62;0.2854;0.8857;0.7333;304.2814;148.4932;105.9865
98.64;0.2854;0.8857;0.7333;304.2814;148.4932;105.9865
98.66;0.2854;0.8857;0.7333;304.2814;148.4932;106.1027
98.67;0.2854;0.8857;0.7333;304.2814;148.4932;106.1027
98.69;0.2854;0.8857;0.7333;304.2814;148.4932;106.0597
98.71;0.2854;0.8857;0.7333;304.2814;148.4932;106.1027
98.72;0.2854;0.8857;0.7333;304.2814;148.4932;106.1457
98.74;0.2854;0.8857;0.7333;304.2814;148.4932;106.1457
98.76;0.2854;0.8857;0.7333;304.2814;148.4932;106.0725
98.77;0.2854;0.8857;0.7333;304.2814;148.4932;106.1457
98.79;0.2854;0.8857;0.7333;304.2814;148.4932;106.0725
98.81;0.2854;0.8857;0.7333;304.2814;148.4932;106.1457
98.82;0.2854;0.8857;0.7333;304.2814;148.4932;106.1457
98.84;0.2854;0.8857;0.7333;304.2814;148.4932;106.1457
98.86;0.2854;0.8857;0.7333;304.2814;148.4932;106.1457
98.87;0.2854;0.8857;0.7333;304.2814;148.4932;106.0725
98.89;0.2854;0.8857;0.7333;304.2814;148.4932;106.1457
98.91;0.2854;0.8857;0.7333;304.2814;148.4932;106.0725
98.92;0.2854;0.8857;0.7333;304.2814;148.4932;106.1341
98.94;0.2854;0.8857;0.7333;304.2814;148.4932;106.1341
98.96;0.2854;0.8857;0.7333;304.2814;148.4932;106.1341
98.97;0.2854;0.8857;0.7333;304.2814;148.4932;106.0609
98.99;0.2854;0.8857;0.7333;304.2814;148.4932;106.1341
99.01;0.2854;0.8857;0.7333;304.2814;148.4932;106.0716
99.02;0.2854;0.8857;0.7333;304.2814;148.4932;106.0716
99.04;0.2854;0.8857;0.7333;304.2814;148.4932;106.0716
99.06;0.2854;0.8857;0.7333;304.2814;148.4932;106.0714
99.07;0.2854;0.8857;0.7333;304.2814;148.4932;106.0716
99.09;0.2854;0.8857;0.7333;304.2814;148.4932;106.0716
99.11;0.2854;0.8857;0.7333;304.2814;148.4932;105.9553
99.12;0.2854;0.8857;0.7333;304.2814;148.4932;106.0402
99.14;0.2854;0.8857;0.7333;304.2814;148.4932;105.9670
99.16;0.2854;0.8857;0.7333;304.2814;148.4932;105.9972
99.17;0.2855;0.8857;0.7333;304.2814;148.4932;106.0402
99.19;0.2854;0.8857;0.7333;304.2814;148.4932;105.9970
99.21;0.2855;0.8857;0.7333;304.2814;148.4932;106.0519
99.22;0.2855;0.8857;0.7333;304.2814;148.4932;105.9786
99.24;0.2855;0.8857;0.7333;304.2814;148.4932;106.0519
99.26;0.2855;0.8857;0.7333;304.2814;148.4932;106.0517
99.27;0.2855;0.8857;0.7333;304.2814;148.4932;106.0087
99.29;0.2854;0.8857;0.7333;304.2814;148.4932;106.0517
99.31;0.2854;0.8857;0.7333;304.2814;148.4932;106.0517
99.32;0.2854;0.8857;0.7333;304.2814;148.4932;106.0517
99.34;0.2854;0.8857;0.7333;304.2814;148.4932;106.0282
99.36;0.2854;0.8857;0.7333;304.2814;148.4932;106.0712
99.37;0.2854;0.8857;0.7333;304.2814;148.4932;105.9979
99.39;0.2854;0.8857;0.7333;304.2814;148.4932;106.0712
99.41;0.2854;0.8857;0.7333;304.2814;148.4932;105.9979
99.42;0.2854;0.8857;0.7333;304.2814;148.4932;106.0516
99.44;0.2854;0.8857;0.7333;304.2814;148.4932;106.0086
99.46;0.2855;0.8857;0.7333;304.2814;148.4932;105.9783
99.47;0.2855;0.8858;0.7333;304.2814;148.4932;105.9900
99.49;0.2855;0.8858;0.7333;304.2814;148.4932;106.0202
99.51;0.2855;0.8858;0.7333;304.2814;148.4932;106.0201
99.52;0.2855;0.8858;0.7333;304.2814;148.4932;106.0631
99.54;0.2855;0.8858;0.7333;304.2814;148.4932;106.0632
99.56;0.2855;0.8858;0.7333;304.2814;148.4932;105.9898
99.57;0.2855;0.8858;0.7333;304.2814;148.4932;106.0631
99.59;0.2855;0.8858;0.7333;304.2814;148.4932;106.0631
99.61;0.2855;0.8858;0.7333;304.2814;148.4932;105.9900
99.62;0.2855;0.8858;0.7333;304.2814;148.4932;106.0201
99.64;0.2855;0.8858;0.7333;304.2814;148.4932;105.9900
99.66;0.2855;0.8858;0.7333;304.2814;148.4932;106.0201
99.67;0.2855;0.8858;0.7333;304.2814;148.4932;106.0747
99.69;0.2855;0.8858;0.7333;304.2814;148.4932;106.0747
99.71;0.2855;0.8858;0.7333;304.2814;148.4932;106.0562
99.72;0.2855;0.8858;0.7333;304.2814;148.4932;106.1723
99.74;0.2855;0.8858;0.7333;304.2814;148.4932;106.1722
99.76;0.2855;0.8858;0.7333;304.2814;148.4932;106.1722
99.77;0.2855;0.8858;0.7333;304.2814;148.4932;106.0991
99.79;0.2855;0.8858;0.7333;304.2814;148.4932;106.1722
99.81;0.2855;0.8858;0.7333;304.2814;148.4932;106.1420
99.82;0.2855;0.8858;0.7333;304.2814;148.4932;106.0991
99.84;0.2855;0.8858;0.7333;304.2814;148.4932;106.1722
99.86;0.2855;0.8858;0.7333;304.2814;148.4932;106.0991
99.87;0.2855;0.8858;0.7333;304.2814;148.4932;106.1420
99.89;0.2855;0.8858;0.7333;304.2814;148.4932;106.1536
99.91;0.2855;0.8858;0.7333;304.2814;148.4932;106.1839
99.92;0.2855;0.8858;0.7333;304.2814;148.4932;106.2383
99.94;0.2855;0.8858;0.7333;304.2814;148.4932;106.1650
99.96;0.2855;0.8859;0.7332;304.2814;148.4932;106.2188
99.97;0.2855;0.8859;0.7332;304.2814;148.4932;106.2304
99.99;0.2855;0.8859;0.7332;304.2814;148.4932;106.1571
100.01;0.2855;0.8859;0.7332;304.2814;148.4932;106.1376
100.02;0.2855;0.8859;0.7332;304.2814;148.4932;106.1914
100.04;0.2855;0.8859;0.7332;304.2814;148.4932;106.2028
100.06;0.2855;0.8859;0.7332;304.2814;148.4932;106.2028
100.07;0.2855;0.8860;0.7332;304.2814;148.4932;106.1296
100.09;0.2855;0.8860;0.7332;304.2814;148.4932;106.1217
100.11;0.2856;0.8860;0.7331;304.2813;148.4932;106.1871
100.12;0.2856;0.8861;0.7331;304.2813;148.4932;106.1870
100.14;0.2856;0.8861;0.7331;304.2813;148.4932;106.1986
100.16;0.2856;0.8862;0.7331;304.2813;148.4932;106.1907
100.17;0.2856;0.8862;0.7331;304.2813;148.4932;106.1174
100.19;0.2856;0.8862;0.7331;304.2813;148.4932;106.1907
100.21;0.2856;0.8862;0.7330;304.2813;148.4932;106.1945
100.22;0.2856;0.8863;0.7330;304.2813;148.4932;106.1748
100.24;0.2857;0.8863;0.7330;304.2814;148.4932;106.1437
100.26;0.2857;0.8863;0.7330;304.2813;148.4932;106.1974
100.27;0.2857;0.8864;0.7330;304.2813;148.4932;106.1786
100.29;0.2857;0.8864;0.7329;304.2814;148.4932;106.1169
100.31;0.2857;0.8865;0.7329;304.2813;148.4932;106.1201
100.32;0.2857;0.8866;0.7328;304.2813;148.4932;106.1548
100.34;0.2858;0.8866;0.7328;304.2813;148.4932;106.1469
100.36;0.2858;0.8867;0.7328;304.2813;148.4932;106.1390
100.37;0.2858;0.8867;0.7327;304.2813;148.4932;106.1311
100.39;0.2858;0.8868;0.7327;304.2813;148.4932;106.1428
100.41;0.2859;0.8869;0.7326;304.2814;148.4932;106.0654
100.42;0.2859;0.8870;0.7326;304.2813;148.4932;106.1113
100.44;0.2859;0.8871;0.7325;304.2814;148.4932;106.1035
100.46;0.2860;0.8871;0.7325;304.2813;148.4931;106.0956
100.47;0.2860;0.8872;0.7325;304.2813;148.4932;106.1072
100.49;0.2860;0.8872;0.7325;304.2813;148.4931;106.0994
100.51;0.2860;0.8873;0.7324;304.2813;148.4931;106.0838
100.52;0.2861;0.8874;0.7323;304.2814;148.4931;106.1298
100.54;0.2861;0.8875;0.7323;304.2814;148.4932;106.1220
100.56;0.2861;0.8876;0.7322;304.2814;148.4932;106.1142
100.57;0.2861;0.8877;0.7322;304.2813;148.4932;106.1796
100.59;0.2862;0.8877;0.7322;304.2813;148.4931;106.1912
100.61;0.2862;0.8879;0.7321;304.2814;148.4932;106.2292
100.62;0.2863;0.8880;0.7320;304.2813;148.4931;106.2866
100.64;0.2863;0.8882;0.7319;304.2814;148.4931;106.3323
100.66;0.2863;0.8882;0.7319;304.2813;148.4931;106.3663
100.67;0.2864;0.8883;0.7318;304.2814;148.4931;106.3166
100.69;0.2864;0.8883;0.7318;304.2813;148.4931;106.3816
100.71;0.2864;0.8885;0.7317;304.2814;148.4931;106.4077
100.72;0.2865;0.8887;0.7316;304.2814;148.4931;106.3920
100.74;0.2865;0.8887;0.7316;304.2814;148.4931;106.4490
100.76;0.2866;0.8888;0.7315;304.2814;148.4931;106.4943
100.77;0.2866;0.8889;0.7315;304.2814;148.4931;106.4749
100.79;0.2866;0.8890;0.7314;304.2814;148.4931;106.4786
100.81;0.2867;0.8892;0.7313;304.2814;148.4931;106.4667
100.82;0.2867;0.8894;0.7312;304.2813;148.4931;106.5569
100.84;0.2868;0.8895;0.7311;304.2814;148.4931;106.5642
100.86;0.2868;0.8896;0.7311;304.2814;148.4931;106.5564
