9.00;0.3126;0.9031;0.7496;304.5684;114.7702;80.8598
9.02;0.3127;0.9027;0.7497;304.6709;114.7744;80.8741
9.03;0.3127;0.9023;0.7499;304.7709;114.8119;80.7741
9.05;0.3126;0.9021;0.7501;304.7850;114.8099;80.8455
9.07;0.3125;0.9017;0.7501;304.8367;114.9095;80.9391
9.08;0.3123;0.9013;0.7501;304.9229;115.1294;80.8278
9.10;0.3123;0.9013;0.7501;304.9229;115.1294;80.8278
9.12;0.3123;0.9009;0.7503;304.9815;115.0881;80.9240
9.13;0.3122;0.9006;0.7503;305.0279;115.2297;80.9363
9.15;0.3122;0.9001;0.7503;305.1219;115.2977;80.8688
9.17;0.3122;0.8999;0.7503;305.1643;115.3943;80.8873
9.18;0.3121;0.8994;0.7506;305.1762;115.3658;80.9503
9.20;0.3121;0.8994;0.7506;305.1762;115.3658;80.9503
9.22;0.3120;0.8991;0.7506;305.2222;115.4494;81.0763
9.23;0.3122;0.8988;0.7509;305.2854;115.2194;81.3716
9.25;0.3123;0.8986;0.7512;305.3527;114.9247;81.7460
9.27;0.3123;0.8985;0.7513;305.3626;114.7905;81.9732
9.28;0.3126;0.8982;0.7517;305.4331;114.4145;82.3051
9.30;0.3126;0.8982;0.7517;305.4331;114.4145;82.3051
9.32;0.3127;0.8980;0.7520;305.4482;114.2127;82.6043
9.33;0.3126;0.8980;0.7523;305.4185;114.0266;82.8057
9.35;0.3128;0.8978;0.7525;305.5233;113.8211;83.0124
9.37;0.3128;0.8977;0.7525;305.4834;113.7683;83.0610
9.38;0.3129;0.8974;0.7526;305.5352;113.6291;83.0502
9.40;0.3129;0.8974;0.7526;305.5352;113.6291;83.0502
9.42;0.3128;0.8973;0.7526;305.4953;113.5528;83.1720
9.43;0.3128;0.8972;0.7528;305.4215;113.3583;83.2765
9.45;0.3127;0.8971;0.7528;305.3848;113.2489;83.4388
9.47;0.3128;0.8970;0.7529;305.3952;113.0924;83.5175
9.48;0.3127;0.8968;0.7530;305.3221;112.8730;83.6964
9.50;0.3127;0.8968;0.7530;305.3221;112.8730;83.6964
9.52;0.3126;0.8967;0.7532;305.2495;112.6764;83.8761
9.53;0.3124;0.8965;0.7533;305.1772;112.5025;84.0567
9.55;0.3123;0.8963;0.7533;305.1412;112.4153;84.1473
9.57;0.3122;0.8962;0.7534;305.0696;112.2402;84.3290
9.58;0.3121;0.8959;0.7536;305.0453;112.0425;84.4990
9.60;0.3121;0.8959;0.7536;305.0453;112.0425;84.4990
9.62;0.3120;0.8959;0.7538;304.9629;112.0704;84.6032
9.63;0.3120;0.8956;0.7539;304.9672;112.0028;84.6015
9.65;0.3117;0.8953;0.7538;304.9713;111.9352;84.6527
9.67;0.3117;0.8951;0.7541;304.9713;111.9352;84.5978
9.68;0.3116;0.8949;0.7541;304.9713;111.9352;84.6947
9.70;0.3116;0.8949;0.7541;304.9713;111.9352;84.6947
9.72;0.3115;0.8948;0.7542;304.9713;111.9352;84.7086
9.73;0.3114;0.8947;0.7542;304.9713;111.9352;84.6971
9.75;0.3114;0.8946;0.7542;304.9713;111.9353;84.7359
9.77;0.3113;0.8945;0.7542;304.9713;111.9352;84.7109
9.78;0.3113;0.8945;0.7542;304.9713;111.9353;84.7220
9.80;0.3113;0.8945;0.7542;304.9713;111.9353;84.7220
9.82;0.3112;0.8944;0.7543;304.9713;111.9353;84.6645
9.83;0.3112;0.8943;0.7543;304.9713;111.9353;84.6394
9.85;0.3112;0.8942;0.7543;304.9713;111.9353;84.6273
9.87;0.3111;0.8942;0.7543;304.9713;111.9353;84.7068
9.88;0.3111;0.8941;0.7543;304.9713;111.9352;84.6845
9.90;0.3111;0.8941;0.7543;304.9713;111.9352;84.6845
9.92;0.3110;0.8940;0.7544;304.9713;111.9353;84.7233
9.93;0.3110;0.8940;0.7544;304.9713;111.9353;84.8222
9.95;0.3109;0.8939;0.7544;304.9713;111.9352;84.7774
9.97;0.3109;0.8938;0.7544;304.9713;111.9353;84.7969
9.98;0.3108;0.8937;0.7545;304.9713;111.9352;84.7776
10.00;0.3108;0.8937;0.7545;304.9713;111.9352;84.7776
10.02;0.3107;0.8935;0.7545;304.9713;111.9352;84.8959
10.03;0.3106;0.8934;0.7545;304.9713;111.9353;85.0142
10.05;0.3104;0.8931;0.7546;304.9713;111.9353;85.0139
10.07;0.3104;0.8930;0.7546;304.9713;111.9353;85.0335
10.08;0.3103;0.8929;0.7547;304.9713;111.9353;85.1105
10.10;0.3103;0.8929;0.7547;304.9713;111.9352;85.1105
10.12;0.3102;0.8928;0.7547;304.9713;111.9352;85.1553
10.13;0.3102;0.8927;0.7547;304.9713;111.9352;85.2137
10.15;0.3101;0.8926;0.7547;304.9713;111.9352;85.2523
10.17;0.3100;0.8925;0.7548;304.9713;111.9352;85.2972
10.18;0.3099;0.8923;0.7548;304.9713;111.9352;85.3231
10.20;0.3099;0.8923;0.7548;304.9713;111.9352;85.3231
10.22;0.3098;0.8922;0.7549;304.9713;111.9353;85.3679
10.23;0.3097;0.8920;0.7549;304.9713;111.9353;85.4133
10.25;0.3096;0.8918;0.7550;304.9713;111.9353;85.4450
10.27;0.3094;0.8916;0.7550;304.9713;111.9352;85.5699
10.28;0.3093;0.8914;0.7551;304.9713;111.9352;85.5751
10.30;0.3093;0.8914;0.7551;304.9713;111.9352;85.5751
10.32;0.3092;0.8912;0.7551;304.9713;111.9353;85.7063
10.33;0.3091;0.8910;0.7552;304.9713;111.9352;85.7518
10.35;0.3089;0.8908;0.7552;304.9713;111.9352;85.7241
10.37;0.3088;0.8906;0.7553;304.9713;111.9353;85.8014
10.38;0.3087;0.8905;0.7553;304.9713;111.9352;85.9112
10.40;0.3087;0.8905;0.7553;304.9713;111.9352;85.9112
10.42;0.3086;0.8903;0.7553;304.9713;111.9352;85.9894
10.43;0.3085;0.8902;0.7554;304.9713;111.9352;86.0861
10.45;0.3084;0.8900;0.7554;304.9713;111.9353;86.1116
10.47;0.3084;0.8899;0.7554;304.9713;111.9352;86.1503
10.48;0.3083;0.8898;0.7555;304.9713;111.9353;86.1768
10.50;0.3083;0.8898;0.7555;304.9713;111.9353;86.1768
10.52;0.3082;0.8896;0.7555;304.9713;111.9352;86.2756
10.53;0.3081;0.8895;0.7556;304.9713;111.9353;86.2939
10.55;0.3080;0.8894;0.7556;304.9713;111.9353;86.3143
10.57;0.3080;0.8893;0.7556;304.9713;111.9353;86.3723
10.58;0.3079;0.8892;0.7556;304.9713;111.9353;86.3785
10.60;0.3079;0.8892;0.7556;304.9713;111.9353;86.3785
10.62;0.3079;0.8892;0.7556;304.9713;111.9353;86.4183
10.63;0.3079;0.8891;0.7556;304.9713;111.9353;86.4703
10.65;0.3078;0.8891;0.7557;304.9713;111.9353;86.5223
10.67;0.3078;0.8891;0.7557;304.9713;111.9353;86.5223
10.68;0.3078;0.8891;0.7557;304.9713;111.9353;86.5757
10.70;0.3078;0.8891;0.7557;304.9713;111.9353;86.5757
10.72;0.3078;0.8891;0.7557;304.9713;111.9353;86.6277
10.73;0.3078;0.8891;0.7557;304.9713;111.9353;86.6277
10.75;0.3078;0.8891;0.7557;304.9713;111.9353;86.6277
10.77;0.3078;0.8891;0.7557;304.9713;111.9353;86.6797
10.78;0.3078;0.8891;0.7557;304.9713;111.9353;86.8029
10.80;0.3078;0.8891;0.7557;304.9713;111.9353;86.8029
10.82;0.3078;0.8890;0.7557;304.9713;111.9353;87.0187
10.83;0.3077;0.8889;0.7557;304.9713;111.9353;87.1264
10.85;0.3077;0.8889;0.7557;304.9713;111.9353;87.1976
10.87;0.3077;0.8888;0.7557;304.9713;111.9353;87.3745
10.88;0.3076;0.8887;0.7558;304.9713;111.9353;87.4568
10.90;0.3076;0.8887;0.7558;304.9713;111.9353;87.4568
10.92;0.3076;0.8887;0.7558;304.9713;111.9353;87.4875
10.93;0.3075;0.8886;0.7558;304.9713;111.9353;87.4859
10.95;0.3075;0.8885;0.7558;304.9713;111.9353;87.4817
10.97;0.3074;0.8884;0.7558;304.9713;111.9353;87.3361
10.98;0.3074;0.8884;0.7558;304.9713;111.9353;87.3147
11.00;0.3074;0.8884;0.7558;304.9713;111.9353;87.3147
11.02;0.3073;0.8883;0.7559;304.9713;111.9353;87.2425
11.03;0.3073;0.8883;0.7559;304.9713;111.9353;87.2415
11.05;0.3073;0.8882;0.7559;304.9713;111.9353;87.1958
11.07;0.3072;0.8882;0.7559;304.9713;111.9353;87.1746
11.08;0.3072;0.8880;0.7559;304.9713;111.9353;87.1983
11.10;0.3072;0.8880;0.7559;304.9713;111.9353;87.1983
11.12;0.3071;0.8879;0.7560;304.9713;111.9353;87.1719
11.13;0.3070;0.8878;0.7560;304.9713;111.9353;87.1893
11.15;0.3070;0.8878;0.7560;304.9713;111.9353;87.1926
11.17;0.3070;0.8877;0.7560;304.9713;111.9353;87.2119
11.18;0.3069;0.8876;0.7560;304.9713;111.9353;87.2163
11.20;0.3069;0.8876;0.7560;304.9713;111.9353;87.2163
11.22;0.3068;0.8875;0.7561;304.9713;111.9353;87.2452
11.23;0.3068;0.8874;0.7561;304.9713;111.9353;87.2645
11.25;0.3067;0.8873;0.7561;304.9713;111.9353;87.2434
11.27;0.3066;0.8872;0.7561;304.9713;111.9353;87.3341
11.28;0.3066;0.8872;0.7562;304.9713;111.9353;87.2609
11.30;0.3066;0.8872;0.7562;304.9713;111.9353;87.2609
11.32;0.3066;0.8871;0.7562;304.9713;111.9353;87.2653
11.33;0.3065;0.8871;0.7562;304.9713;111.9353;87.3403
11.35;0.3064;0.8869;0.7562;304.9713;111.9353;87.2927
11.37;0.3064;0.8868;0.7562;304.9713;111.9353;87.3120
11.38;0.3063;0.8867;0.7563;304.9713;111.9353;87.3051
11.40;0.3063;0.8867;0.7563;304.9713;111.9353;87.3051
11.42;0.3062;0.8866;0.7563;304.9713;111.9353;87.3765
11.43;0.3062;0.8865;0.7563;304.9713;111.9353;87.3613
11.45;0.3061;0.8864;0.7564;304.9713;111.9353;87.3675
11.47;0.3061;0.8864;0.7564;304.9713;111.9353;87.4064
11.48;0.3060;0.8863;0.7564;304.9713;111.9353;87.4239
11.50;0.3060;0.8863;0.7564;304.9713;111.9353;87.4239
11.52;0.3060;0.8862;0.7564;304.9713;111.9354;87.3763
11.53;0.3060;0.8862;0.7564;304.9713;111.9353;87.4283
11.55;0.3059;0.8861;0.7564;304.9713;111.9353;87.4264
11.57;0.3059;0.8861;0.7564;304.9713;111.9353;87.3533
11.58;0.3059;0.8861;0.7565;304.9713;111.9353;87.3556
11.60;0.3059;0.8861;0.7565;304.9713;111.9353;87.3556
11.62;0.3059;0.8860;0.7565;304.9713;111.9353;87.3538
11.63;0.3059;0.8860;0.7565;304.9713;111.9353;87.2999
11.65;0.3058;0.8859;0.7565;304.9713;111.9353;87.1758
11.67;0.3058;0.8859;0.7565;304.9713;111.9354;87.1951
11.68;0.3058;0.8859;0.7565;304.9713;111.9353;87.0323
11.70;0.3058;0.8859;0.7565;304.9713;111.9353;87.0323
11.72;0.3057;0.8858;0.7565;304.9713;111.9354;87.0367
11.73;0.3057;0.8857;0.7565;304.9713;111.9354;86.9534
11.75;0.3056;0.8856;0.7566;304.9713;111.9353;86.8911
11.77;0.3055;0.8855;0.7566;304.9713;111.9353;86.8633
11.78;0.3055;0.8854;0.7566;304.9713;111.9353;86.9429
11.80;0.3055;0.8854;0.7566;304.9713;111.9353;86.9429
11.82;0.3054;0.8854;0.7566;304.9713;111.9354;86.9084
11.83;0.3054;0.8854;0.7566;304.9713;111.9354;86.8667
11.85;0.3054;0.8853;0.7567;304.9713;111.9353;86.7764
11.87;0.3054;0.8853;0.7567;304.9713;111.9354;86.7749
11.88;0.3053;0.8852;0.7567;304.9713;111.9354;86.6273
11.90;0.3053;0.8852;0.7567;304.9713;111.9354;86.6273
11.92;0.3053;0.8851;0.7567;304.9713;111.9354;86.6050
11.93;0.3052;0.8850;0.7567;304.9713;111.9354;86.6227
11.95;0.3052;0.8849;0.7567;304.9713;111.9353;86.5944
11.97;0.3051;0.8849;0.7568;304.9713;111.9354;86.5406
11.98;0.3050;0.8847;0.7568;304.9713;111.9354;86.5970
12.00;0.3050;0.8847;0.7568;304.9713;111.9354;86.5970
12.02;0.3049;0.8846;0.7568;304.9713;111.9354;86.5683
12.03;0.3049;0.8845;0.7569;304.9713;111.9354;86.5861
12.05;0.3048;0.8844;0.7569;304.9713;111.9354;86.6104
12.07;0.3048;0.8843;0.7569;304.9713;111.9354;86.5316
12.08;0.3047;0.8842;0.7569;304.9713;111.9354;86.5016
12.10;0.3047;0.8842;0.7569;304.9713;111.9354;86.5016
12.12;0.3046;0.8842;0.7569;304.9713;111.9354;86.5925
12.13;0.3046;0.8840;0.7570;304.9713;111.9354;86.6104
12.15;0.3045;0.8839;0.7570;304.9713;111.9354;86.5760
12.17;0.3044;0.8838;0.7570;304.9713;111.9354;86.6730
12.18;0.3044;0.8838;0.7570;304.9713;111.9354;86.5270
12.20;0.3044;0.8838;0.7570;304.9713;111.9354;86.5270
12.22;0.3043;0.8837;0.7571;304.9713;111.9354;86.5243
12.23;0.3043;0.8836;0.7571;304.9713;111.9354;86.4692
12.25;0.3042;0.8834;0.7571;304.9713;111.9354;86.5065
12.27;0.3041;0.8833;0.7572;304.9713;111.9354;86.5973
12.28;0.3040;0.8832;0.7572;304.9713;111.9354;86.5437
12.30;0.3040;0.8832;0.7572;304.9713;111.9354;86.5437
12.32;0.3039;0.8830;0.7572;304.9713;111.9354;86.5488
12.33;0.3038;0.8829;0.7573;304.9713;111.9354;86.5132
12.35;0.3038;0.8828;0.7573;304.9713;111.9354;86.5847
12.37;0.3038;0.8828;0.7573;304.9713;111.9354;86.5244
12.38;0.3037;0.8828;0.7573;304.9713;111.9354;86.4375
12.40;0.3037;0.8828;0.7573;304.9713;111.9354;86.4376
12.42;0.3037;0.8827;0.7573;304.9713;111.9354;86.4169
12.43;0.3037;0.8827;0.7573;304.9713;111.9354;86.4218
12.45;0.3037;0.8827;0.7573;304.9713;111.9354;86.4080
12.47;0.3037;0.8827;0.7573;304.9713;111.9354;86.4080
12.48;0.3037;0.8827;0.7573;304.9713;111.9354;86.3874
12.50;0.3037;0.8827;0.7573;304.9713;111.9354;86.3874
12.52;0.3037;0.8827;0.7573;304.9713;111.9354;86.3874
12.53;0.3037;0.8827;0.7573;304.9713;111.9354;86.3145
12.55;0.3037;0.8827;0.7573;304.9713;111.9354;86.3874
12.57;0.3037;0.8827;0.7573;304.9713;111.9354;86.2882
12.58;0.3037;0.8827;0.7573;304.9713;111.9354;86.2952
12.60;0.3037;0.8827;0.7573;304.9713;111.9354;86.2952
12.62;0.3037;0.8827;0.7573;304.9713;111.9354;86.2952
12.63;0.3037;0.8827;0.7573;304.9713;111.9354;86.3145
12.65;0.3037;0.8826;0.7573;304.9713;111.9354;86.3014
12.67;0.3037;0.8826;0.7573;304.9713;111.9354;86.3014
12.68;0.3037;0.8826;0.7573;304.9713;111.9354;86.3014
12.70;0.3037;0.8826;0.7573;304.9713;111.9354;86.3014
12.72;0.3037;0.8826;0.7573;304.9713;111.9354;86.2944
12.73;0.3037;0.8826;0.7573;304.9713;111.9354;86.3014
12.75;0.3037;0.8826;0.7573;304.9713;111.9354;86.2944
12.77;0.3037;0.8826;0.7573;304.9713;111.9354;86.3013
12.78;0.3037;0.8826;0.7573;304.9713;111.9354;86.2944
12.80;0.3037;0.8826;0.7573;304.9713;111.9354;86.2944
12.82;0.3037;0.8826;0.7573;304.9713;111.9354;86.3013
12.83;0.3037;0.8826;0.7573;304.9713;111.9354;86.3013
12.85;0.3037;0.8826;0.7573;304.9713;111.9354;86.2944
12.87;0.3037;0.8826;0.7573;304.9713;111.9354;86.3013
12.88;0.3036;0.8826;0.7573;304.9713;111.9354;86.3013
12.90;0.3036;0.8826;0.7573;304.9713;111.9354;86.3013
12.92;0.3036;0.8826;0.7574;304.9713;111.9354;86.3136
12.93;0.3036;0.8826;0.7574;304.9713;111.9354;86.3136
12.95;0.3036;0.8826;0.7574;304.9713;111.9354;86.2477
12.97;0.3036;0.8826;0.7574;304.9713;111.9354;86.2477
12.98;0.3036;0.8825;0.7574;304.9713;111.9354;86.2477
13.00;0.3036;0.8825;0.7574;304.9713;111.9354;86.2477
13.02;0.3036;0.8825;0.7574;304.9713;111.9354;86.3206
13.03;0.3036;0.8825;0.7574;304.9713;111.9354;86.3206
13.05;0.3036;0.8825;0.7574;304.9713;111.9354;86.3399
13.07;0.3036;0.8825;0.7574;304.9713;111.9354;86.3329
13.08;0.3035;0.8825;0.7574;304.9713;111.9354;86.4114
13.10;0.3035;0.8825;0.7574;304.9713;111.9355;86.4114
13.12;0.3035;0.8824;0.7574;304.9713;111.9354;86.3386
13.13;0.3035;0.8824;0.7574;304.9713;111.9355;86.3578
13.15;0.3035;0.8824;0.7574;304.9713;111.9355;86.4100
13.17;0.3035;0.8824;0.7574;304.9713;111.9354;86.4029
13.18;0.3035;0.8824;0.7574;304.9713;111.9355;86.4100
13.20;0.3035;0.8824;0.7574;304.9713;111.9355;86.4100
13.22;0.3035;0.8824;0.7574;304.9713;111.9354;86.4551
13.23;0.3035;0.8824;0.7574;304.9713;111.9355;86.3822
13.25;0.3035;0.8824;0.7574;304.9713;111.9355;86.4416
13.27;0.3035;0.8824;0.7574;304.9713;111.9354;86.4209
13.28;0.3035;0.8824;0.7574;304.9713;111.9355;86.4657
13.30;0.3035;0.8824;0.7574;304.9713;111.9355;86.4657
13.32;0.3035;0.8823;0.7574;304.9713;111.9355;86.4643
13.33;0.3035;0.8823;0.7574;304.9713;111.9355;86.4435
13.35;0.3035;0.8823;0.7574;304.9713;111.9355;86.5031
13.37;0.3035;0.8823;0.7574;304.9713;111.9355;86.4302
13.38;0.3035;0.8823;0.7574;304.9713;111.9355;86.3367
13.40;0.3035;0.8823;0.7574;304.9713;111.9355;86.3367
13.42;0.3035;0.8823;0.7574;304.9713;111.9355;86.3367
13.43;0.3035;0.8823;0.7574;304.9713;111.9355;86.3812
13.45;0.3035;0.8823;0.7574;304.9713;111.9355;86.3888
13.47;0.3035;0.8823;0.7574;304.9713;111.9355;86.3083
13.48;0.3035;0.8823;0.7574;304.9713;111.9355;86.3083
13.50;0.3035;0.8823;0.7574;304.9713;111.9355;86.3083
13.52;0.3035;0.8823;0.7574;304.9713;111.9355;86.3160
13.53;0.3035;0.8823;0.7574;304.9713;111.9355;86.3160
13.55;0.3035;0.8823;0.7574;304.9713;111.9355;86.3160
13.57;0.3035;0.8823;0.7574;304.9713;111.9355;86.3160
13.58;0.3035;0.8823;0.7574;304.9713;111.9355;86.3160
13.60;0.3035;0.8823;0.7574;304.9713;111.9355;86.3160
13.62;0.3035;0.8823;0.7574;304.9713;111.9355;86.3083
13.63;0.3035;0.8823;0.7574;304.9713;111.9355;86.2432
13.65;0.3035;0.8823;0.7574;304.9713;111.9355;86.2355
13.67;0.3035;0.8823;0.7574;304.9713;111.9355;86.2432
13.68;0.3035;0.8823;0.7574;304.9713;111.9355;86.2147
13.70;0.3035;0.8823;0.7574;304.9713;111.9355;86.2147
13.72;0.3035;0.8823;0.7574;304.9713;111.9355;86.2225
13.73;0.3035;0.8823;0.7574;304.9713;111.9355;86.2668
13.75;0.3035;0.8823;0.7574;304.9713;111.9355;86.2149
13.77;0.3035;0.8823;0.7574;304.9713;111.9355;86.2071
13.78;0.3035;0.8823;0.7574;304.9713;111.9355;86.1135
13.80;0.3035;0.8823;0.7574;304.9713;111.9355;86.1135
13.82;0.3035;0.8823;0.7574;304.9713;111.9355;86.1135
13.83;0.3035;0.8823;0.7574;304.9713;111.9355;86.1656
13.85;0.3035;0.8823;0.7574;304.9713;111.9355;86.1135
13.87;0.3035;0.8823;0.7574;304.9713;111.9355;86.1135
13.88;0.3035;0.8824;0.7574;304.9713;111.9355;86.0928
13.90;0.3035;0.8824;0.7574;304.9713;111.9355;86.0928
13.92;0.3035;0.8824;0.7574;304.9713;111.9355;86.0928
13.93;0.3035;0.8824;0.7574;304.9713;111.9355;86.0735
13.95;0.3035;0.8824;0.7574;304.9713;111.9355;86.0735
13.97;0.3035;0.8824;0.7574;304.9713;111.9355;86.0735
13.98;0.3035;0.8824;0.7574;304.9713;111.9355;86.0735
14.00;0.3035;0.8824;0.7574;304.9713;111.9355;86.0735
14.02;0.3035;0.8824;0.7574;304.9713;111.9355;86.0527
14.03;0.3035;0.8824;0.7574;304.9713;111.9355;86.0007
14.05;0.3035;0.8824;0.7574;304.9713;111.9355;86.0527
14.07;0.3035;0.8824;0.7574;304.9713;111.9355;85.9928
14.08;0.3035;0.8824;0.7574;304.9713;111.9355;85.9799
14.10;0.3035;0.8824;0.7574;304.9713;111.9355;85.9799
14.12;0.3035;0.8824;0.7574;304.9713;111.9355;85.9720
14.13;0.3035;0.8824;0.7574;304.9713;111.9355;85.9591
14.15;0.3035;0.8824;0.7574;304.9713;111.9355;85.9591
14.17;0.3035;0.8824;0.7574;304.9713;111.9355;85.9591
14.18;0.3035;0.8824;0.7574;304.9713;111.9355;85.8783
14.20;0.3035;0.8824;0.7574;304.9713;111.9355;85.8783
14.22;0.3035;0.8824;0.7574;304.9713;111.9355;85.8864
14.23;0.3035;0.8824;0.7574;304.9713;111.9355;85.8864
14.25;0.3035;0.8824;0.7574;304.9713;111.9355;85.8864
14.27;0.3035;0.8824;0.7574;304.9713;111.9355;85.9511
14.28;0.3035;0.8824;0.7574;304.9713;111.9355;85.8864
14.30;0.3035;0.8824;0.7574;304.9713;111.9355;85.8864
14.32;0.3035;0.8824;0.7574;304.9713;111.9355;85.9384
14.33;0.3035;0.8824;0.7574;304.9713;111.9355;85.9515
14.35;0.3035;0.8824;0.7574;304.9713;111.9355;85.9954
14.37;0.3035;0.8824;0.7574;304.9713;111.9355;85.9100
14.38;0.3035;0.8824;0.7574;304.9713;111.9355;85.8580
14.40;0.3035;0.8824;0.7574;304.9713;111.9355;85.8579
14.42;0.3035;0.8824;0.7574;304.9713;111.9355;85.9210
14.43;0.3035;0.8824;0.7574;304.9713;111.9355;85.8565
14.45;0.3035;0.8824;0.7574;304.9713;111.9355;85.8565
14.47;0.3035;0.8824;0.7574;304.9713;111.9355;85.9084
14.48;0.3035;0.8824;0.7574;304.9713;111.9355;85.8357
14.50;0.3035;0.8824;0.7574;304.9713;111.9355;85.8357
14.52;0.3035;0.8824;0.7574;304.9713;111.9355;85.8877
14.53;0.3035;0.8824;0.7574;304.9713;111.9355;85.8274
14.55;0.3035;0.8824;0.7574;304.9713;111.9355;85.8280
14.57;0.3035;0.8824;0.7574;304.9713;111.9355;85.8607
14.58;0.3035;0.8824;0.7574;304.9713;111.9355;85.8607
14.60;0.3035;0.8824;0.7574;304.9713;111.9355;85.8607
14.62;0.3035;0.8824;0.7574;304.9713;111.9355;85.9043
14.63;0.3035;0.8824;0.7574;304.9713;111.9355;85.8834
14.65;0.3035;0.8824;0.7574;304.9713;111.9355;85.9485
14.67;0.3035;0.8824;0.7574;304.9713;111.9355;85.9400
14.68;0.3035;0.8824;0.7574;304.9713;111.9355;85.8672
14.70;0.3035;0.8824;0.7574;304.9713;111.9355;85.8672
14.72;0.3035;0.8824;0.7574;304.9713;111.9355;85.7945
14.73;0.3035;0.8824;0.7574;304.9713;111.9355;85.8588
14.75;0.3035;0.8824;0.7574;304.9713;111.9355;85.8510
14.77;0.3035;0.8824;0.7574;304.9713;111.9355;85.8424
14.78;0.3035;0.8824;0.7574;304.9713;111.9355;85.8128
14.80;0.3035;0.8824;0.7574;304.9713;111.9355;85.8128
14.82;0.3035;0.8824;0.7574;304.9713;111.9355;85.7831
14.83;0.3035;0.8824;0.7574;304.9713;111.9355;85.8261
14.85;0.3035;0.8824;0.7574;304.9713;111.9355;85.7962
14.87;0.3035;0.8824;0.7574;304.9713;111.9355;85.7875
14.88;0.3035;0.8824;0.7574;304.9713;111.9355;85.7661
14.90;0.3035;0.8824;0.7574;304.9713;111.9355;85.7661
14.92;0.3035;0.8824;0.7574;304.9713;111.9355;85.7575
14.93;0.3035;0.8824;0.7574;304.9713;111.9355;85.6847
14.95;0.3035;0.8824;0.7574;304.9713;111.9355;85.6847
14.97;0.3035;0.8824;0.7574;304.9713;111.9355;85.7360
14.98;0.3035;0.8824;0.7574;304.9713;111.9355;85.7360
15.00;0.3035;0.8824;0.7574;304.9713;111.9355;85.7360
15.02;0.3035;0.8824;0.7574;304.9713;111.9355;85.7493
15.03;0.3035;0.8824;0.7574;304.9713;111.9355;85.7493
15.05;0.3035;0.8824;0.7574;304.9713;111.9355;85.7492
15.07;0.3035;0.8824;0.7574;304.9713;111.9355;85.7492
15.08;0.3035;0.8824;0.7574;304.9713;111.9355;85.7492
15.10;0.3035;0.8824;0.7574;304.9713;111.9355;85.7492
15.12;0.3035;0.8824;0.7574;304.9713;111.9355;85.7492
15.13;0.3035;0.8824;0.7574;304.9713;111.9355;85.7492
15.15;0.3035;0.8824;0.7574;304.9713;111.9355;85.6765
15.17;0.3035;0.8824;0.7574;304.9713;111.9355;85.6765
15.18;0.3035;0.8824;0.7574;304.9713;111.9355;85.6765
15.20;0.3035;0.8824;0.7574;304.9713;111.9355;85.6765
15.22;0.3035;0.8824;0.7574;304.9713;111.9355;85.6765
15.23;0.3035;0.8824;0.7574;304.9713;111.9355;85.7278
15.25;0.3035;0.8825;0.7574;304.9713;111.9355;85.6038
15.27;0.3035;0.8825;0.7574;304.9713;111.9355;85.6683
15.28;0.3035;0.8825;0.7574;304.9713;111.9355;85.6491
15.30;0.3035;0.8825;0.7574;304.9713;111.9355;85.6491
15.32;0.3036;0.8825;0.7574;304.9713;111.9355;85.6491
15.33;0.3036;0.8825;0.7574;304.9713;111.9355;85.6491
15.35;0.3036;0.8825;0.7574;304.9713;111.9355;85.6491
15.37;0.3036;0.8825;0.7574;304.9713;111.9355;85.5896
15.38;0.3036;0.8826;0.7573;304.9713;111.9355;85.5153
15.40;0.3036;0.8826;0.7573;304.9713;111.9355;85.5153
15.42;0.3036;0.8826;0.7573;304.9713;111.9355;85.5071
15.43;0.3037;0.8827;0.7573;304.9713;111.9355;85.3848
15.45;0.3037;0.8827;0.7573;304.9713;111.9355;85.3121
15.47;0.3037;0.8827;0.7573;304.9713;111.9355;85.2089
15.48;0.3036;0.8827;0.7573;304.9713;111.9355;85.1783
15.50;0.3036;0.8827;0.7573;304.9713;111.9355;85.1783
15.52;0.3037;0.8827;0.7573;304.9713;111.9355;85.0774
15.53;0.3037;0.8827;0.7573;304.9713;111.9355;85.0467
15.55;0.3037;0.8827;0.7573;304.9713;111.9355;84.9650
15.57;0.3037;0.8827;0.7573;304.9713;111.9355;84.9967
15.58;0.3037;0.8827;0.7573;304.9713;111.9354;85.0010
15.60;0.3037;0.8827;0.7573;304.9713;111.9354;85.0010
15.62;0.3037;0.8828;0.7573;304.9713;111.9354;84.9283
15.63;0.3037;0.8828;0.7573;304.9713;111.9355;84.9193
15.65;0.3037;0.8828;0.7573;304.9713;111.9354;84.9103
15.67;0.3037;0.8828;0.7573;304.9713;111.9355;84.9610
15.68;0.3037;0.8828;0.7573;304.9713;111.9355;84.9520
15.70;0.3037;0.8828;0.7573;304.9713;111.9355;84.9520
15.72;0.3037;0.8828;0.7573;304.9713;111.9355;84.9520
15.73;0.3037;0.8828;0.7573;304.9713;111.9355;84.8793
15.75;0.3037;0.8828;0.7573;304.9713;111.9355;84.8793
15.77;0.3037;0.8828;0.7573;304.9713;111.9355;84.9520
15.78;0.3037;0.8828;0.7573;304.9713;111.9355;84.8793
15.80;0.3037;0.8828;0.7573;304.9713;111.9355;84.8793
15.82;0.3038;0.8828;0.7573;304.9713;111.9355;84.8793
15.83;0.3038;0.8828;0.7573;304.9713;111.9354;84.9433
15.85;0.3038;0.8828;0.7573;304.9713;111.9354;84.9433
15.87;0.3038;0.8828;0.7573;304.9713;111.9354;84.8706
15.88;0.3038;0.8828;0.7573;304.9713;111.9354;84.9433
15.90;0.3038;0.8828;0.7573;304.9713;111.9354;84.9433
15.92;0.3038;0.8828;0.7573;304.9713;111.9355;84.9212
15.93;0.3038;0.8828;0.7573;304.9713;111.9354;84.9433
15.95;0.3038;0.8828;0.7573;304.9713;111.9355;84.9212
15.97;0.3038;0.8828;0.7573;304.9713;111.9355;84.9121
15.98;0.3038;0.8829;0.7573;304.9713;111.9355;84.8929
16.00;0.3038;0.8829;0.7573;304.9713;111.9355;84.8929
16.02;0.3038;0.8829;0.7573;304.9713;111.9355;84.8929
16.03;0.3038;0.8829;0.7573;304.9713;111.9355;84.8929
16.05;0.3038;0.8830;0.7573;304.9713;111.9355;84.8736
16.07;0.3039;0.8830;0.7572;304.9713;111.9355;84.9151
16.08;0.3039;0.8830;0.7572;304.9713;111.9354;84.9464
16.10;0.3039;0.8830;0.7572;304.9713;111.9354;84.9464
16.12;0.3039;0.8831;0.7572;304.9713;111.9355;84.9876
16.13;0.3039;0.8831;0.7572;304.9713;111.9355;84.9190
16.15;0.3040;0.8831;0.7572;304.9713;111.9355;84.9819
16.17;0.3040;0.8832;0.7572;304.9713;111.9355;84.9761
16.18;0.3040;0.8832;0.7572;304.9713;111.9355;84.9443
16.20;0.3040;0.8832;0.7572;304.9713;111.9355;84.9443
16.22;0.3040;0.8832;0.7572;304.9713;111.9355;84.9658
16.23;0.3040;0.8832;0.7572;304.9713;111.9355;84.9338
16.25;0.3040;0.8833;0.7572;304.9713;111.9355;84.8730
16.27;0.3040;0.8833;0.7572;304.9713;111.9355;84.8406
16.28;0.3040;0.8833;0.7572;304.9713;111.9355;84.8177
16.30;0.3040;0.8833;0.7572;304.9713;111.9355;84.8177
16.32;0.3040;0.8832;0.7572;304.9713;111.9355;84.8140
16.33;0.3040;0.8832;0.7572;304.9713;111.9355;84.7317
16.35;0.3040;0.8832;0.7572;304.9713;111.9355;84.7317
16.37;0.3040;0.8832;0.7572;304.9713;111.9355;84.7087
16.38;0.3040;0.8833;0.7572;304.9713;111.9355;84.7087
16.40;0.3040;0.8833;0.7572;304.9713;111.9355;84.7087
16.42;0.3040;0.8833;0.7572;304.9713;111.9355;84.6130
16.43;0.3040;0.8833;0.7572;304.9713;111.9355;84.6628
16.45;0.3040;0.8832;0.7572;304.9713;111.9355;84.5901
16.47;0.3040;0.8832;0.7572;304.9713;111.9355;84.6398
16.48;0.3040;0.8832;0.7572;304.9713;111.9355;84.6398
16.50;0.3040;0.8832;0.7572;304.9713;111.9355;84.6398
16.52;0.3040;0.8833;0.7572;304.9713;111.9355;84.5671
16.53;0.3041;0.8833;0.7572;304.9713;111.9355;84.5479
16.55;0.3041;0.8833;0.7572;304.9713;111.9355;84.5577
16.57;0.3040;0.8833;0.7572;304.9713;111.9355;84.5671
16.58;0.3040;0.8833;0.7572;304.9713;111.9355;84.5671
16.60;0.3040;0.8833;0.7572;304.9713;111.9355;84.5671
16.62;0.3040;0.8833;0.7572;304.9713;111.9355;84.5770
16.63;0.3040;0.8833;0.7572;304.9713;111.9355;84.5770
16.65;0.3040;0.8833;0.7572;304.9713;111.9355;84.5770
16.67;0.3040;0.8833;0.7572;304.9713;111.9355;84.5770
16.68;0.3040;0.8833;0.7572;304.9713;111.9355;84.5043
16.70;0.3040;0.8833;0.7572;304.9713;111.9355;84.5043
16.72;0.3040;0.8833;0.7572;304.9713;111.9355;84.5043
16.73;0.3040;0.8833;0.7572;304.9713;111.9355;84.5671
16.75;0.3040;0.8833;0.7572;304.9713;111.9355;84.4944
16.77;0.3040;0.8833;0.7572;304.9713;111.9355;84.5770
16.78;0.3040;0.8833;0.7572;304.9713;111.9355;84.5671
16.80;0.3040;0.8833;0.7572;304.9713;111.9355;84.5671
16.82;0.3040;0.8833;0.7572;304.9713;111.9355;84.5043
16.83;0.3040;0.8833;0.7572;304.9713;111.9355;84.4944
16.85;0.3040;0.8833;0.7572;304.9713;111.9355;84.5043
16.87;0.3040;0.8833;0.7572;304.9713;111.9355;84.5043
16.88;0.3040;0.8833;0.7572;304.9713;111.9355;84.4944
16.90;0.3040;0.8833;0.7572;304.9713;111.9355;84.4944
16.92;0.3040;0.8833;0.7572;304.9713;111.9355;84.5043
16.93;0.3040;0.8833;0.7572;304.9713;111.9355;84.5043
16.95;0.3040;0.8833;0.7572;304.9713;111.9355;84.5671
16.97;0.3040;0.8833;0.7572;304.9713;111.9355;84.4944
16.98;0.3040;0.8833;0.7572;304.9713;111.9355;84.5043
17.00;0.3040;0.8833;0.7572;304.9713;111.9355;84.5043
17.02;0.3040;0.8833;0.7572;304.9713;111.9355;84.5671
17.03;0.3040;0.8833;0.7572;304.9713;111.9355;84.5441
17.05;0.3040;0.8833;0.7572;304.9713;111.9355;84.4944
17.07;0.3040;0.8833;0.7572;304.9713;111.9355;84.4944
17.08;0.3041;0.8833;0.7572;304.9713;111.9355;84.5515
17.10;0.3041;0.8833;0.7572;304.9713;111.9355;84.5515
17.12;0.3041;0.8833;0.7572;304.9713;111.9354;84.4596
17.13;0.3041;0.8834;0.7571;304.9713;111.9355;84.5266
17.15;0.3041;0.8834;0.7571;304.9713;111.9354;84.5303
17.17;0.3042;0.8835;0.7571;304.9713;111.9355;84.4383
17.18;0.3043;0.8836;0.7571;304.9713;111.9354;84.4861
17.20;0.3043;0.8836;0.7571;304.9713;111.9354;84.4861
17.22;0.3043;0.8837;0.7571;304.9713;111.9355;84.4076
17.23;0.3044;0.8838;0.7570;304.9713;111.9355;84.4417
17.25;0.3045;0.8839;0.7570;304.9713;111.9354;84.4167
17.27;0.3045;0.8840;0.7570;304.9713;111.9355;84.3878
17.28;0.3046;0.8841;0.7569;304.9713;111.9354;84.3205
17.30;0.3046;0.8841;0.7569;304.9713;111.9354;84.3205
17.32;0.3046;0.8841;0.7569;304.9713;111.9354;84.2285
17.33;0.3047;0.8843;0.7569;304.9713;111.9355;84.2093
17.35;0.3048;0.8844;0.7569;304.9713;111.9354;84.2436
17.37;0.3048;0.8845;0.7569;304.9713;111.9355;84.1789
17.38;0.3050;0.8848;0.7568;304.9713;111.9354;84.1592
17.40;0.3050;0.8848;0.7568;304.9713;111.9354;84.1592
17.42;0.3052;0.8851;0.7567;304.9714;111.9355;84.0728
17.43;0.3053;0.8853;0.7566;304.9713;111.9355;83.9521
17.45;0.3054;0.8854;0.7566;304.9713;111.9355;83.9769
17.47;0.3055;0.8855;0.7566;304.9714;111.9354;83.9385
17.48;0.3057;0.8858;0.7565;304.9713;111.9355;83.7838
17.50;0.3057;0.8858;0.7565;304.9713;111.9355;83.7838
17.52;0.3058;0.8860;0.7565;304.9713;111.9354;83.7168
