20.27;0.2910;0.8990;0.7418;299.8131;140.4470;121.1528
20.28;0.2909;0.8990;0.7418;299.8131;140.4706;121.1528
20.30;0.2909;0.8990;0.7418;299.8131;140.4706;121.1528
20.32;0.2909;0.8990;0.7418;299.8131;140.4706;121.1527
20.33;0.2909;0.8990;0.7418;299.8131;140.4706;121.2260
20.35;0.2909;0.8989;0.7418;299.8217;140.5085;121.1823
20.37;0.2909;0.8989;0.7417;299.8217;140.5085;121.1091
20.38;0.2909;0.8988;0.7417;299.8303;140.5229;121.0654
20.40;0.2909;0.8988;0.7417;299.8303;140.5229;121.0654
20.42;0.2909;0.8987;0.7416;299.8388;140.5371;121.0218
20.43;0.2910;0.8986;0.7415;299.8561;140.5657;121.0078
20.45;0.2909;0.8986;0.7416;299.7633;140.5569;121.0613
20.47;0.2907;0.8987;0.7415;299.7262;140.6442;121.0315
20.48;0.2907;0.8987;0.7415;299.7262;140.6442;121.0315
20.50;0.2907;0.8987;0.7415;299.7262;140.6442;121.0315
20.52;0.2907;0.8987;0.7415;299.7262;140.6442;121.0315
20.53;0.2906;0.8987;0.7417;299.6335;140.6353;121.0853
20.55;0.2906;0.8987;0.7417;299.6335;140.6588;121.1586
20.57;0.2906;0.8987;0.7417;299.6335;140.6588;121.1586
20.58;0.2906;0.8987;0.7417;299.6335;140.6588;121.1586
20.60;0.2905;0.8986;0.7416;299.6422;140.6969;121.1147
20.62;0.2905;0.8986;0.7416;299.6422;140.6969;121.1147
20.63;0.2904;0.8986;0.7417;299.5669;140.7643;121.0808
20.65;0.2904;0.8986;0.7417;299.5669;140.7643;121.0808
20.67;0.2905;0.8984;0.7416;299.6212;140.7530;121.0963
20.68;0.2904;0.8984;0.7416;299.6386;140.8292;121.0087
20.70;0.2903;0.8984;0.7416;299.6105;140.9549;120.9348
20.72;0.2903;0.8983;0.7417;299.5810;140.9733;120.8868
20.73;0.2904;0.8981;0.7416;299.6353;140.9616;120.9026
20.75;0.2903;0.8981;0.7415;299.6073;141.0639;120.8286
20.77;0.2904;0.8981;0.7417;299.5881;140.8803;120.9421
20.78;0.2902;0.8981;0.7417;299.5602;141.0063;120.9413
20.80;0.2904;0.8980;0.7416;299.6056;140.9330;121.0009
20.82;0.2904;0.8980;0.7416;299.6144;140.9475;120.9571
20.83;0.2905;0.8980;0.7417;299.5584;140.8046;121.1136
20.85;0.2907;0.8981;0.7419;299.5026;140.6614;121.2705
20.87;0.2907;0.8981;0.7418;299.5026;140.6379;121.2705
20.88;0.2907;0.8982;0.7418;299.4659;140.6785;121.2404
20.90;0.2908;0.8981;0.7418;299.5026;140.5907;121.2705
20.92;0.2909;0.8981;0.7418;299.5026;140.5672;121.2705
20.93;0.2909;0.8982;0.7417;299.4659;140.5843;121.2404
20.95;0.2909;0.8982;0.7417;299.4293;140.6251;121.2835
20.97;0.2909;0.8982;0.7417;299.4293;140.6016;121.2835
20.98;0.2909;0.8982;0.7417;299.3927;140.6425;121.2532
21.00;0.2909;0.8982;0.7417;299.3927;140.6425;121.2532
21.02;0.2909;0.8982;0.7416;299.3927;140.6190;121.2532
21.03;0.2909;0.8983;0.7418;299.3002;140.5870;121.3069
21.05;0.2909;0.8983;0.7418;299.3002;140.5635;121.3069
21.07;0.2908;0.8983;0.7416;299.3195;140.7485;121.1920
21.08;0.2908;0.8983;0.7416;299.3195;140.7249;121.2653
21.10;0.2908;0.8983;0.7416;299.3195;140.7249;121.3385
21.12;0.2908;0.8983;0.7416;299.3195;140.7249;121.3385
21.13;0.2908;0.8983;0.7416;299.3195;140.7249;121.4118
21.15;0.2908;0.8983;0.7416;299.3195;140.7249;121.4118
21.17;0.2908;0.8983;0.7416;299.3195;140.7249;121.4118
21.18;0.2908;0.8983;0.7416;299.3195;140.7249;121.4118
21.20;0.2908;0.8983;0.7416;299.3195;140.7249;121.4118
21.22;0.2908;0.8983;0.7416;299.3195;140.7485;121.4118
21.23;0.2908;0.8983;0.7416;299.3195;140.7485;121.4850
21.25;0.2908;0.8983;0.7416;299.3195;140.7485;121.4118
21.27;0.2908;0.8983;0.7416;299.3195;140.7485;121.4850
21.28;0.2908;0.8983;0.7416;299.3284;140.7869;121.4409
21.30;0.2908;0.8983;0.7416;299.3284;140.7869;121.4409
21.32;0.2907;0.8983;0.7416;299.3284;140.8105;121.4409
21.33;0.2907;0.8983;0.7416;299.3284;140.8105;121.4409
21.35;0.2907;0.8983;0.7416;299.3373;140.8489;121.3969
21.37;0.2907;0.8982;0.7416;299.3462;140.8872;121.3528
21.38;0.2908;0.8982;0.7416;299.3916;140.8606;121.3396
21.40;0.2906;0.8982;0.7416;299.3551;140.9492;121.3088
21.42;0.2906;0.8982;0.7416;299.3551;140.9492;121.3088
21.43;0.2905;0.8982;0.7418;299.3169;140.9769;121.3045
21.45;0.2905;0.8981;0.7417;299.3910;141.1730;121.1330
21.47;0.2904;0.8980;0.7416;299.4091;141.2495;121.0453
21.48;0.2905;0.8979;0.7416;299.4723;141.2987;120.9448
21.50;0.2904;0.8979;0.7416;299.4814;141.3368;120.9010
21.52;0.2905;0.8979;0.7418;299.4791;141.2530;120.9268
21.53;0.2905;0.8978;0.7418;299.4971;141.3291;120.7661
21.55;0.2905;0.8977;0.7418;299.5512;141.3401;120.7826
21.57;0.2905;0.8977;0.7418;299.5693;141.4160;120.6954
21.58;0.2905;0.8976;0.7419;299.5490;141.4736;120.6028
21.60;0.2906;0.8975;0.7419;299.5938;141.4228;120.5898
21.62;0.2905;0.8975;0.7419;299.6120;141.4986;120.5027
21.63;0.2906;0.8973;0.7420;299.6272;141.4676;120.4406
21.65;0.2907;0.8972;0.7421;299.6332;141.3990;120.4949
21.67;0.2907;0.8971;0.7420;299.6514;141.4746;120.4079
21.68;0.2906;0.8970;0.7421;299.6308;141.5326;120.3882
21.70;0.2907;0.8969;0.7420;299.6844;141.5194;120.4048
21.72;0.2905;0.8969;0.7421;299.6103;141.5908;120.3683
21.73;0.2906;0.8967;0.7423;299.5769;141.5053;120.4159
21.75;0.2905;0.8965;0.7424;299.5563;141.5640;120.3225
21.77;0.2905;0.8964;0.7424;299.5745;141.6397;120.3086
21.78;0.2907;0.8962;0.7425;299.5847;141.5042;120.4151
21.80;0.2907;0.8962;0.7427;299.5457;141.4875;120.4084
21.82;0.2905;0.8961;0.7426;299.5382;141.6900;120.2477
21.83;0.2906;0.8959;0.7428;299.4857;141.5301;120.4542
21.85;0.2905;0.8959;0.7428;299.4556;141.5752;120.4038
21.87;0.2904;0.8959;0.7430;299.4165;141.5588;120.4702
21.88;0.2905;0.8958;0.7431;299.4119;141.4771;120.5664
21.90;0.2905;0.8958;0.7432;299.3636;141.4225;120.6035
21.92;0.2904;0.8958;0.7432;299.3727;141.4843;120.6328
21.93;0.2904;0.8959;0.7435;299.3106;141.3332;120.8099
21.95;0.2905;0.8959;0.7436;299.3058;141.2518;120.8326
21.97;0.2905;0.8959;0.7436;299.3058;141.2518;120.8326
21.98;0.2905;0.8959;0.7438;299.2921;141.1555;120.8991
22.00;0.2904;0.8960;0.7439;299.2348;141.1090;121.0540
22.02;0.2904;0.8960;0.7439;299.2348;141.1090;121.0540
22.03;0.2905;0.8960;0.7442;299.2162;140.9314;121.1428
22.05;0.2904;0.8956;0.7444;299.2162;140.9314;121.1673
22.07;0.2903;0.8955;0.7444;299.2162;140.9314;121.0873
22.08;0.2903;0.8954;0.7445;299.2162;140.9314;121.0278
22.10;0.2903;0.8953;0.7445;299.2162;140.9314;121.0066
22.12;0.2902;0.8952;0.7446;299.2162;140.9314;120.9960
22.13;0.2901;0.8949;0.7447;299.2162;140.9314;120.9612
22.15;0.2901;0.8948;0.7447;299.2162;140.9314;121.0338
22.17;0.2901;0.8948;0.7447;299.2162;140.9314;121.0126
22.18;0.2901;0.8947;0.7448;299.2162;140.9314;121.0612
22.20;0.2900;0.8947;0.7448;299.2162;140.9314;121.0507
22.22;0.2900;0.8947;0.7448;299.2162;140.9314;121.1691
22.23;0.2900;0.8946;0.7448;299.2162;140.9314;121.1821
22.25;0.2900;0.8946;0.7448;299.2162;140.9314;121.2273
22.27;0.2900;0.8946;0.7448;299.2162;140.9314;121.2273
22.28;0.2900;0.8945;0.7448;299.2162;140.9314;121.2725
22.30;0.2900;0.8945;0.7448;299.2162;140.9314;121.2725
22.32;0.2900;0.8945;0.7449;299.2162;140.9314;121.2618
22.33;0.2900;0.8945;0.7449;299.2162;140.9314;121.2131
22.35;0.2900;0.8944;0.7449;299.2162;140.9313;121.2025
22.37;0.2900;0.8944;0.7449;299.2162;140.9314;121.1537
22.38;0.2899;0.8944;0.7449;299.2162;140.9313;121.1225
22.40;0.2899;0.8944;0.7449;299.2162;140.9314;121.1958
22.42;0.2899;0.8944;0.7449;299.2162;140.9313;121.1753
22.43;0.2900;0.8944;0.7449;299.2162;140.9313;121.1060
22.45;0.2900;0.8944;0.7449;299.2162;140.9313;121.1793
22.47;0.2900;0.8944;0.7449;299.2162;140.9313;121.2038
22.48;0.2899;0.8944;0.7449;299.2162;140.9314;121.2038
22.50;0.2899;0.8944;0.7449;299.2162;140.9314;121.2038
22.52;0.2899;0.8943;0.7449;299.2162;140.9314;121.2771
22.53;0.2899;0.8943;0.7449;299.2162;140.9314;121.2976
22.55;0.2899;0.8943;0.7449;299.2162;140.9314;121.3220
22.57;0.2899;0.8943;0.7450;299.2162;140.9314;121.2175
22.58;0.2899;0.8943;0.7450;299.2162;140.9314;121.2458
22.60;0.2899;0.8942;0.7450;299.2162;140.9314;121.2703
22.62;0.2899;0.8942;0.7450;299.2162;140.9314;121.1971
22.63;0.2899;0.8942;0.7450;299.2162;140.9314;121.2176
22.65;0.2899;0.8942;0.7450;299.2162;140.9314;121.2703
22.67;0.2899;0.8942;0.7450;299.2162;140.9314;121.2458
22.68;0.2899;0.8942;0.7450;299.2162;140.9314;121.2049
22.70;0.2899;0.8942;0.7450;299.2162;140.9314;121.2294
22.72;0.2899;0.8942;0.7450;299.2162;140.9314;121.2049
22.73;0.2899;0.8943;0.7450;299.2162;140.9314;121.1639
22.75;0.2899;0.8943;0.7450;299.2162;140.9314;121.2371
22.77;0.2899;0.8943;0.7450;299.2162;140.9314;121.1639
22.78;0.2899;0.8943;0.7450;299.2162;140.9314;121.1474
22.80;0.2899;0.8943;0.7450;299.2162;140.9314;121.1961
22.82;0.2899;0.8943;0.7449;299.2162;140.9313;121.1511
22.83;0.2899;0.8943;0.7449;299.2162;140.9314;121.2243
22.85;0.2899;0.8943;0.7450;299.2162;140.9314;121.2203
22.87;0.2899;0.8942;0.7450;299.2162;140.9314;121.2936
22.88;0.2899;0.8942;0.7450;299.2162;140.9314;121.2935
22.90;0.2899;0.8942;0.7450;299.2162;140.9314;121.2203
22.92;0.2899;0.8942;0.7450;299.2162;140.9314;121.2935
22.93;0.2899;0.8941;0.7450;299.2162;140.9314;121.3013
22.95;0.2898;0.8941;0.7450;299.2162;140.9314;121.3500
22.97;0.2898;0.8941;0.7450;299.2162;140.9314;121.3013
22.98;0.2898;0.8941;0.7450;299.2162;140.9314;121.2768
23.00;0.2898;0.8941;0.7450;299.2162;140.9314;121.2768
23.02;0.2898;0.8941;0.7450;299.2162;140.9314;121.3362
23.03;0.2899;0.8941;0.7450;299.2162;140.9314;121.4375
23.05;0.2899;0.8942;0.7450;299.2162;140.9314;121.4170
23.07;0.2899;0.8942;0.7450;299.2162;140.9314;121.3925
23.08;0.2899;0.8942;0.7450;299.2162;140.9314;121.5143
23.10;0.2899;0.8942;0.7450;299.2162;140.9314;121.5629
23.12;0.2899;0.8942;0.7450;299.2162;140.9314;121.5629
23.13;0.2899;0.8942;0.7450;299.2162;140.9314;121.6813
23.15;0.2899;0.8942;0.7450;299.2162;140.9314;121.6568
23.17;0.2899;0.8942;0.7450;299.2162;140.9314;121.7300
23.18;0.2899;0.8942;0.7450;299.2162;140.9314;121.7053
23.20;0.2899;0.8942;0.7450;299.2162;140.9314;121.7052
23.22;0.2899;0.8942;0.7450;299.2162;140.9314;121.7539
23.23;0.2899;0.8942;0.7450;299.2162;140.9314;121.8130
23.25;0.2899;0.8942;0.7450;299.2162;140.9314;121.8615
23.27;0.2899;0.8942;0.7450;299.2162;140.9314;121.8616
23.28;0.2899;0.8942;0.7450;299.2162;140.9314;121.8616
23.30;0.2899;0.8942;0.7450;299.2162;140.9314;121.8616
23.32;0.2899;0.8942;0.7450;299.2162;140.9314;121.9101
23.33;0.2899;0.8942;0.7450;299.2162;140.9313;121.8614
23.35;0.2899;0.8942;0.7450;299.2162;140.9314;121.9348
23.37;0.2899;0.8942;0.7450;299.2162;140.9314;121.8895
23.38;0.2899;0.8943;0.7449;299.2162;140.9314;121.8724
23.40;0.2899;0.8943;0.7449;299.2162;140.9314;121.8829
23.42;0.2899;0.8943;0.7449;299.2162;140.9314;121.9419
23.43;0.2899;0.8943;0.7449;299.2162;140.9314;121.9419
23.45;0.2899;0.8943;0.7449;299.2162;140.9314;121.9356
23.47;0.2899;0.8943;0.7449;299.2162;140.9314;121.9108
23.48;0.2899;0.8943;0.7449;299.2162;140.9314;121.9108
23.50;0.2899;0.8943;0.7449;299.2162;140.9314;121.9635
23.52;0.2899;0.8943;0.7449;299.2162;140.9314;121.8902
23.53;0.2899;0.8943;0.7449;299.2162;140.9314;121.8902
23.55;0.2899;0.8943;0.7449;299.2162;140.9314;121.9635
23.57;0.2899;0.8943;0.7449;299.2162;140.9314;122.0119
23.58;0.2899;0.8943;0.7449;299.2162;140.9314;122.0014
23.60;0.2899;0.8943;0.7449;299.2162;140.9314;121.9282
23.62;0.2899;0.8942;0.7450;299.2162;140.9314;121.9909
23.63;0.2899;0.8941;0.7450;299.2162;140.9314;121.9072
23.65;0.2898;0.8941;0.7450;299.2162;140.9314;121.9072
23.67;0.2898;0.8940;0.7451;299.2162;140.9314;121.9699
23.68;0.2898;0.8939;0.7451;299.2162;140.9314;121.9385
23.70;0.2898;0.8939;0.7451;299.2162;140.9314;121.8547
23.72;0.2897;0.8938;0.7452;299.2162;140.9314;121.8234
23.73;0.2897;0.8936;0.7452;299.2162;140.9314;121.9169
23.75;0.2896;0.8934;0.7453;299.2162;140.9314;121.9230
23.77;0.2896;0.8933;0.7453;299.2162;140.9314;121.9265
23.78;0.2895;0.8932;0.7454;299.2162;140.9314;121.8952
23.80;0.2895;0.8931;0.7454;299.2162;140.9314;121.8013
23.82;0.2894;0.8930;0.7455;299.2162;140.9314;121.8008
23.83;0.2894;0.8928;0.7456;299.2162;140.9314;121.8948
23.85;0.2894;0.8927;0.7456;299.2162;140.9314;121.9464
23.87;0.2893;0.8925;0.7457;299.2162;140.9314;121.8833
23.88;0.2893;0.8925;0.7457;299.2162;140.9314;121.8867
23.90;0.2893;0.8925;0.7457;299.2162;140.9314;121.8134
23.92;0.2892;0.8924;0.7458;299.2162;140.9314;121.9281
23.93;0.2892;0.8924;0.7458;299.2162;140.9314;121.8962
23.95;0.2892;0.8923;0.7458;299.2162;140.9314;122.0108
23.97;0.2892;0.8922;0.7458;299.2162;140.9314;121.9271
23.98;0.2891;0.8921;0.7459;299.2162;140.9313;121.8778
24.00;0.2891;0.8921;0.7459;299.2162;140.9313;121.9167
24.02;0.2891;0.8919;0.7460;299.2162;140.9314;121.8776
24.03;0.2890;0.8916;0.7461;299.2162;140.9314;121.8463
24.05;0.2889;0.8915;0.7462;299.2162;140.9314;121.8071
24.07;0.2889;0.8914;0.7462;299.2162;140.9314;121.8205
24.08;0.2888;0.8910;0.7464;299.2162;140.9314;121.7389
24.10;0.2887;0.8909;0.7464;299.2162;140.9314;121.6790
24.12;0.2887;0.8909;0.7464;299.2162;140.9314;121.6791
24.13;0.2886;0.8905;0.7466;299.2162;140.9314;121.7458
24.15;0.2885;0.8903;0.7467;299.2162;140.9314;121.5541
24.17;0.2884;0.8901;0.7468;299.2162;140.9314;121.5742
24.18;0.2884;0.8901;0.7468;299.2162;140.9314;121.5847
24.20;0.2884;0.8900;0.7468;299.2162;140.9314;121.6494
24.22;0.2884;0.8900;0.7468;299.2162;140.9313;121.5968
24.23;0.2883;0.8898;0.7469;299.2162;140.9313;121.5882
24.25;0.2883;0.8898;0.7469;299.2162;140.9313;121.4882
24.27;0.2883;0.8898;0.7469;299.2162;140.9314;121.5616
24.28;0.2883;0.8898;0.7469;299.2162;140.9314;121.4779
24.30;0.2883;0.8898;0.7469;299.2162;140.9313;121.5513
24.32;0.2883;0.8898;0.7469;299.2162;140.9314;121.4907
24.33;0.2883;0.8897;0.7469;299.2162;140.9313;121.4175
24.35;0.2883;0.8897;0.7469;299.2162;140.9314;121.4408
24.37;0.2883;0.8897;0.7469;299.2162;140.9314;121.4409
24.38;0.2883;0.8897;0.7469;299.2162;140.9314;121.4304
24.40;0.2883;0.8897;0.7470;299.2162;140.9314;121.4510
24.42;0.2883;0.8897;0.7470;299.2162;140.9313;121.4405
24.43;0.2882;0.8895;0.7470;299.2162;140.9313;121.4497
24.45;0.2882;0.8893;0.7471;299.2162;140.9313;121.5431
24.47;0.2881;0.8893;0.7471;299.2162;140.9313;121.4800
24.48;0.2881;0.8891;0.7472;299.2162;140.9314;121.5001
24.50;0.2880;0.8890;0.7472;299.2162;140.9314;121.5305
24.52;0.2880;0.8889;0.7473;299.2162;140.9314;121.5533
24.53;0.2879;0.8887;0.7474;299.2162;140.9313;121.4293
24.55;0.2879;0.8885;0.7475;299.2162;140.9313;121.4494
24.57;0.2879;0.8885;0.7475;299.2162;140.9314;121.4495
24.58;0.2878;0.8884;0.7475;299.2162;140.9314;121.3573
24.60;0.2878;0.8884;0.7475;299.2162;140.9314;121.3880
24.62;0.2878;0.8883;0.7475;299.2162;140.9313;121.3684
24.63;0.2877;0.8880;0.7477;299.2162;140.9314;121.3286
24.65;0.2876;0.8877;0.7478;299.2162;140.9314;121.2783
24.67;0.2875;0.8876;0.7478;299.2162;140.9314;121.3194
24.68;0.2874;0.8873;0.7480;299.2162;140.9314;121.3093
24.70;0.2874;0.8872;0.7480;299.2162;140.9314;121.3731
24.72;0.2873;0.8870;0.7481;299.2162;140.9314;121.3305
24.73;0.2873;0.8868;0.7482;299.2162;140.9314;121.2803
24.75;0.2872;0.8866;0.7483;299.2162;140.9314;121.3003
24.77;0.2872;0.8865;0.7483;299.2162;140.9314;121.3104
24.78;0.2871;0.8864;0.7484;299.2162;140.9314;121.3005
24.80;0.2871;0.8864;0.7484;299.2162;140.9314;121.3212
24.82;0.2871;0.8864;0.7484;299.2162;140.9314;121.3946
24.83;0.2871;0.8863;0.7484;299.2162;140.9314;121.3117
24.85;0.2871;0.8863;0.7484;299.2162;140.9314;121.3324
24.87;0.2871;0.8863;0.7484;299.2162;140.9314;121.3326
24.88;0.2871;0.8863;0.7484;299.2162;140.9314;121.3326
24.90;0.2871;0.8863;0.7484;299.2162;140.9314;121.3432
24.92;0.2871;0.8863;0.7484;299.2162;140.9314;121.3434
24.93;0.2871;0.8863;0.7484;299.2162;140.9314;121.3946
24.95;0.2871;0.8863;0.7484;299.2162;140.9314;121.3434
24.97;0.2871;0.8863;0.7484;299.2162;140.9314;121.3434
24.98;0.2871;0.8863;0.7484;299.2162;140.9314;121.3434
25.00;0.2871;0.8863;0.7484;299.2162;140.9314;121.3434
25.02;0.2871;0.8864;0.7484;299.2162;140.9314;121.4273
25.03;0.2871;0.8864;0.7484;299.2162;140.9314;121.3540
25.05;0.2871;0.8864;0.7484;299.2162;140.9314;121.3540
25.07;0.2871;0.8864;0.7484;299.2162;140.9314;121.4273
25.08;0.2871;0.8864;0.7484;299.2162;140.9314;121.3540
25.10;0.2871;0.8864;0.7484;299.2162;140.9314;121.3540
25.12;0.2871;0.8864;0.7484;299.2162;140.9314;121.4051
25.13;0.2871;0.8864;0.7484;299.2162;140.9314;121.3540
25.15;0.2871;0.8864;0.7484;299.2162;140.9314;121.4049
25.17;0.2871;0.8864;0.7484;299.2162;140.9314;121.4051
25.18;0.2871;0.8864;0.7484;299.2162;140.9314;121.4049
25.20;0.2871;0.8864;0.7484;299.2162;140.9314;121.3946
25.22;0.2871;0.8864;0.7484;299.2162;140.9314;121.3943
25.23;0.2871;0.8864;0.7484;299.2162;140.9314;121.4043
25.25;0.2871;0.8864;0.7484;299.2162;140.9314;121.4043
25.27;0.2871;0.8864;0.7484;299.2162;140.9314;121.4043
25.28;0.2871;0.8863;0.7484;299.2162;140.9314;121.4250
25.30;0.2871;0.8863;0.7484;299.2162;140.9314;121.4250
25.32;0.2871;0.8863;0.7484;299.2162;140.9314;121.3738
25.33;0.2871;0.8863;0.7484;299.2162;140.9314;121.3116
25.35;0.2871;0.8862;0.7484;299.2162;140.9314;121.2703
25.37;0.2871;0.8862;0.7484;299.2162;140.9314;121.2703
25.38;0.2870;0.8862;0.7485;299.2162;140.9314;121.1885
25.40;0.2870;0.8862;0.7485;299.2162;140.9314;121.1779
25.42;0.2870;0.8862;0.7485;299.2162;140.9314;121.1472
25.43;0.2870;0.8862;0.7485;299.2162;140.9314;121.1366
25.45;0.2870;0.8862;0.7485;299.2162;140.9314;121.1366
25.47;0.2870;0.8862;0.7485;299.2162;140.9314;121.0853
25.48;0.2870;0.8862;0.7485;299.2162;140.9314;121.1585
25.50;0.2870;0.8862;0.7485;299.2162;140.9314;121.0340
25.52;0.2870;0.8861;0.7485;299.2162;140.9314;121.0765
25.53;0.2870;0.8861;0.7485;299.2162;140.9314;121.0439
25.55;0.2870;0.8861;0.7485;299.2162;140.9314;121.0332
25.57;0.2870;0.8861;0.7485;299.2162;140.9314;121.0226
25.58;0.2870;0.8861;0.7485;299.2162;140.9314;120.9713
25.60;0.2870;0.8861;0.7485;299.2162;140.9314;120.9919
25.62;0.2870;0.8860;0.7485;299.2162;140.9314;120.9919
25.63;0.2870;0.8860;0.7486;299.2162;140.9314;120.9599
25.65;0.2870;0.8859;0.7486;299.2162;140.9314;120.9495
25.67;0.2869;0.8859;0.7486;299.2162;140.9314;120.9495
25.68;0.2869;0.8859;0.7486;299.2162;140.9314;120.9604
25.70;0.2869;0.8858;0.7486;299.2162;140.9314;120.8767
25.72;0.2869;0.8858;0.7487;299.2162;140.9314;120.9597
25.73;0.2869;0.8857;0.7487;299.2162;140.9314;120.8352
25.75;0.2869;0.8857;0.7487;299.2162;140.9314;120.7730
25.77;0.2869;0.8857;0.7487;299.2162;140.9314;120.7936
25.78;0.2868;0.8856;0.7487;299.2162;140.9314;120.7830
25.80;0.2868;0.8856;0.7487;299.2162;140.9314;120.7315
25.82;0.2868;0.8856;0.7487;299.2162;140.9314;120.7315
25.83;0.2868;0.8856;0.7487;299.2162;140.9314;120.7532
25.85;0.2868;0.8856;0.7487;299.2162;140.9314;120.6799
25.87;0.2868;0.8856;0.7487;299.2162;140.9314;120.7005
25.88;0.2868;0.8856;0.7487;299.2162;140.9314;120.6694
25.90;0.2868;0.8856;0.7487;299.2162;140.9314;120.8149
25.92;0.2868;0.8855;0.7488;299.2162;140.9314;120.7000
25.93;0.2868;0.8855;0.7488;299.2162;140.9314;120.7938
25.95;0.2868;0.8855;0.7488;299.2162;140.9314;120.7305
25.97;0.2868;0.8855;0.7488;299.2162;140.9314;120.7510
25.98;0.2868;0.8854;0.7488;299.2162;140.9315;120.7510
26.00;0.2868;0.8854;0.7488;299.2162;140.9314;120.6994
26.02;0.2868;0.8854;0.7488;299.2162;140.9314;120.7510
26.03;0.2868;0.8854;0.7488;299.2162;140.9314;120.7510
26.05;0.2868;0.8854;0.7488;299.2162;140.9315;120.6992
26.07;0.2868;0.8854;0.7488;299.2162;140.9314;120.6994
26.08;0.2868;0.8854;0.7488;299.2162;140.9315;120.6994
26.10;0.2868;0.8854;0.7488;299.2162;140.9315;120.6994
26.12;0.2868;0.8854;0.7488;299.2162;140.9315;120.6994
26.13;0.2868;0.8854;0.7488;299.2162;140.9315;120.6994
26.15;0.2868;0.8854;0.7488;299.2162;140.9314;120.7727
26.17;0.2868;0.8854;0.7488;299.2162;140.9314;120.7211
26.18;0.2868;0.8854;0.7488;299.2162;140.9314;120.7727
26.20;0.2868;0.8854;0.7488;299.2162;140.9314;120.6995
26.22;0.2868;0.8854;0.7488;299.2162;140.9314;120.7725
26.23;0.2868;0.8854;0.7488;299.2162;140.9314;120.6995
26.25;0.2868;0.8855;0.7488;299.2162;140.9314;120.6789
26.27;0.2868;0.8855;0.7488;299.2162;140.9314;120.7519
26.28;0.2868;0.8855;0.7488;299.2162;140.9314;120.7521
26.30;0.2868;0.8855;0.7488;299.2162;140.9314;120.6789
26.32;0.2868;0.8855;0.7488;299.2162;140.9314;120.6583
26.33;0.2868;0.8855;0.7488;299.2162;140.9314;120.6172
26.35;0.2868;0.8856;0.7487;299.2162;140.9314;120.6073
26.37;0.2868;0.8856;0.7487;299.2162;140.9314;120.5867
26.38;0.2868;0.8856;0.7487;299.2162;140.9314;120.5769
26.40;0.2868;0.8856;0.7487;299.2162;140.9314;120.5769
26.42;0.2869;0.8857;0.7487;299.2162;140.9314;120.5671
26.43;0.2869;0.8858;0.7486;299.2162;140.9314;120.5465
26.45;0.2869;0.8859;0.7486;299.2162;140.9314;120.6204
26.47;0.2869;0.8859;0.7486;299.2162;140.9314;120.6094
26.48;0.2870;0.8860;0.7485;299.2162;140.9314;120.6309
26.50;0.2870;0.8860;0.7485;299.2162;140.9314;120.6309
26.52;0.2870;0.8861;0.7485;299.2162;140.9314;120.6930
26.53;0.2870;0.8861;0.7485;299.2162;140.9314;120.7549
26.55;0.2870;0.8861;0.7485;299.2162;140.9314;120.8168
26.57;0.2870;0.8861;0.7485;299.2162;140.9314;120.8682
26.58;0.2870;0.8861;0.7485;299.2162;140.9314;120.9193
26.60;0.2870;0.8861;0.7485;299.2162;140.9314;120.9193
26.62;0.2870;0.8861;0.7485;299.2162;140.9314;120.9926
26.63;0.2870;0.8861;0.7485;299.2162;140.9314;120.9924
26.65;0.2870;0.8861;0.7485;299.2162;140.9314;120.9812
26.67;0.2870;0.8861;0.7485;299.2162;140.9314;120.9812
26.68;0.2871;0.8862;0.7484;299.2162;140.9314;120.9713
26.70;0.2871;0.8862;0.7484;299.2162;140.9314;120.9713
26.72;0.2871;0.8863;0.7484;299.2162;140.9314;120.9713
26.73;0.2871;0.8863;0.7484;299.2162;140.9314;121.0025
26.75;0.2871;0.8863;0.7484;299.2162;140.9314;121.0025
26.77;0.2871;0.8863;0.7484;299.2162;140.9314;121.0757
26.78;0.2871;0.8863;0.7484;299.2162;140.9314;121.0025
26.80;0.2871;0.8863;0.7484;299.2162;140.9314;121.1271
26.82;0.2871;0.8863;0.7484;299.2162;140.9313;121.0538
26.83;0.2871;0.8863;0.7484;299.2162;140.9313;121.0538
26.85;0.2871;0.8863;0.7484;299.2162;140.9313;121.0538
26.87;0.2871;0.8863;0.7484;299.2162;140.9313;121.0538
26.88;0.2871;0.8863;0.7484;299.2162;140.9314;121.1271
26.90;0.2871;0.8863;0.7484;299.2162;140.9313;121.0538
26.92;0.2871;0.8862;0.7484;299.2162;140.9313;121.0432
26.93;0.2871;0.8862;0.7485;299.2162;140.9313;121.0432
26.95;0.2871;0.8862;0.7485;299.2162;140.9313;121.0432
26.97;0.2871;0.8862;0.7485;299.2162;140.9313;121.0432
26.98;0.2870;0.8862;0.7485;299.2162;140.9313;121.0638
27.00;0.2870;0.8862;0.7485;299.2162;140.9313;121.1371
27.02;0.2870;0.8862;0.7485;299.2162;140.9313;121.0638
27.03;0.2870;0.8862;0.7485;299.2162;140.9313;121.0638
27.05;0.2870;0.8862;0.7485;299.2162;140.9313;121.0534
27.07;0.2870;0.8862;0.7485;299.2162;140.9313;121.0534
27.08;0.2870;0.8862;0.7485;299.2162;140.9313;121.0534
27.10;0.2870;0.8862;0.7485;299.2162;140.9313;121.0021
27.12;0.2870;0.8862;0.7485;299.2162;140.9313;121.0534
27.13;0.2870;0.8862;0.7485;299.2162;140.9313;121.0021
27.15;0.2870;0.8862;0.7485;299.2162;140.9313;121.0534
27.17;0.2870;0.8862;0.7485;299.2162;140.9313;121.0534
27.18;0.2870;0.8862;0.7485;299.2162;140.9313;121.0534
27.20;0.2870;0.8862;0.7485;299.2162;140.9313;121.0534
27.22;0.2870;0.8862;0.7485;299.2162;140.9313;121.0534
27.23;0.2870;0.8862;0.7485;299.2162;140.9313;121.0328
27.25;0.2870;0.8862;0.7485;299.2162;140.9313;121.1060
27.27;0.2870;0.8862;0.7485;299.2162;140.9313;121.0328
27.28;0.2870;0.8862;0.7485;299.2162;140.9313;121.0328
27.30;0.2870;0.8862;0.7485;299.2162;140.9313;120.9815
27.32;0.2870;0.8862;0.7485;299.2162;140.9313;121.0328
27.33;0.2871;0.8862;0.7485;299.2162;140.9313;121.0434
27.35;0.2871;0.8862;0.7484;299.2162;140.9313;121.1167
27.37;0.2871;0.8863;0.7484;299.2162;140.9313;121.1167
27.38;0.2871;0.8863;0.7484;299.2162;140.9313;121.1786
27.40;0.2871;0.8863;0.7484;299.2162;140.9313;121.1673
27.42;0.2871;0.8863;0.7484;299.2162;140.9313;121.1673
27.43;0.2871;0.8864;0.7484;299.2162;140.9313;121.1779
27.45;0.2871;0.8864;0.7484;299.2162;140.9313;121.2398
27.47;0.2871;0.8864;0.7484;299.2162;140.9313;121.2504
27.48;0.2871;0.8865;0.7483;299.2162;140.9313;121.2916
27.50;0.2871;0.8865;0.7483;299.2162;140.9313;121.3022
27.52;0.2872;0.8865;0.7483;299.2162;140.9313;121.2816
27.53;0.2872;0.8866;0.7483;299.2162;140.9313;121.2510
27.55;0.2872;0.8867;0.7483;299.2162;140.9313;121.3128
27.57;0.2872;0.8867;0.7483;299.2162;140.9313;121.3128
27.58;0.2872;0.8868;0.7482;299.2162;140.9313;121.3645
27.60;0.2872;0.8868;0.7482;299.2162;140.9313;121.3437
27.62;0.2872;0.8868;0.7482;299.2162;140.9313;121.3437
27.63;0.2873;0.8868;0.7482;299.2162;140.9313;121.3540
27.65;0.2873;0.8868;0.7482;299.2162;140.9313;121.4051
27.67;0.2873;0.8868;0.7482;299.2162;140.9313;121.4051
27.68;0.2873;0.8868;0.7482;299.2162;140.9313;121.4781
27.70;0.2873;0.8868;0.7482;299.2162;140.9313;121.4049
27.72;0.2873;0.8868;0.7482;299.2162;140.9313;121.4887
27.73;0.2873;0.8868;0.7482;299.2162;140.9313;121.4664
27.75;0.2873;0.8868;0.7482;299.2162;140.9313;121.4662
27.77;0.2873;0.8868;0.7482;299.2162;140.9313;121.5394
27.78;0.2873;0.8868;0.7482;299.2162;140.9313;121.5172
27.80;0.2873;0.8868;0.7482;299.2162;140.9313;121.4662
27.82;0.2873;0.8868;0.7482;299.2162;140.9312;121.5173
27.83;0.2873;0.8869;0.7482;299.2162;140.9312;121.5171
27.85;0.2873;0.8870;0.7481;299.2162;140.9312;121.5488
27.87;0.2873;0.8870;0.7481;299.2162;140.9312;121.5488
27.88;0.2874;0.8871;0.7481;299.2162;140.9312;121.6000
27.90;0.2874;0.8872;0.7480;299.2162;140.9312;121.5794
27.92;0.2874;0.8872;0.7480;299.2162;140.9312;121.6202
27.93;0.2875;0.8874;0.7479;299.2162;140.9312;121.6819
27.95;0.2875;0.8876;0.7479;299.2162;140.9312;121.8045
27.97;0.2875;0.8876;0.7478;299.2163;140.9312;121.7328
27.98;0.2876;0.8877;0.7478;299.2162;140.9312;121.7632
28.00;0.2876;0.8877;0.7478;299.2162;140.9312;121.7632
28.02;0.2876;0.8878;0.7478;299.2162;140.9312;121.8543
28.03;0.2876;0.8878;0.7478;299.2162;140.9312;121.8540
28.05;0.2876;0.8879;0.7477;299.2162;140.9312;121.8738
28.07;0.2876;0.8879;0.7477;299.2162;140.9312;121.9470
28.08;0.2876;0.8879;0.7477;299.2162;140.9312;122.0081
28.10;0.2876;0.8879;0.7477;299.2163;140.9312;121.9348
28.12;0.2876;0.8879;0.7477;299.2163;140.9312;121.9854
28.13;0.2876;0.8879;0.7477;299.2163;140.9312;121.9854
28.15;0.2877;0.8879;0.7477;299.2162;140.9312;122.0690
28.17;0.2877;0.8879;0.7477;299.2162;140.9312;122.0690
28.18;0.2877;0.8880;0.7477;299.2162;140.9312;122.0466
28.20;0.2877;0.8880;0.7477;299.2162;140.9312;122.0466
28.22;0.2877;0.8880;0.7477;299.2162;140.9312;122.0466
28.23;0.2877;0.8880;0.7477;299.2162;140.9312;122.0466
28.25;0.2877;0.8880;0.7477;299.2162;140.9312;122.1302
28.27;0.2877;0.8880;0.7477;299.2162;140.9312;122.1302
28.28;0.2877;0.8880;0.7477;299.2162;140.9312;122.1283
28.30;0.2877;0.8880;0.7477;299.2163;140.9312;122.1508
28.32;0.2877;0.8880;0.7477;299.2162;140.9312;122.1282
28.33;0.2877;0.8880;0.7477;299.2162;140.9312;122.2015
28.35;0.2877;0.8880;0.7477;299.2162;140.9312;122.1283
28.37;0.2877;0.8880;0.7477;299.2163;140.9312;122.1489
28.38;0.2877;0.8880;0.7477;299.2162;140.9312;122.1996
28.40;0.2877;0.8880;0.7477;299.2162;140.9312;122.1283
28.42;0.2877;0.8881;0.7476;299.2162;140.9312;122.1283
28.43;0.2877;0.8881;0.7476;299.2162;140.9312;122.1686
28.45;0.2877;0.8882;0.7476;299.2162;140.9312;122.2296
28.47;0.2878;0.8882;0.7476;299.2162;140.9312;122.1789
28.48;0.2878;0.8883;0.7475;299.2162;140.9312;122.1985
28.50;0.2878;0.8883;0.7475;299.2162;140.9312;122.1778
28.52;0.2878;0.8883;0.7475;299.2162;140.9312;122.1778
28.53;0.2879;0.8885;0.7475;299.2162;140.9312;122.2492
28.55;0.2879;0.8886;0.7474;299.2162;140.9312;122.2389
28.57;0.2879;0.8886;0.7474;299.2162;140.9312;122.2389
28.58;0.2879;0.8887;0.7474;299.2162;140.9312;122.2894
28.60;0.2880;0.8888;0.7473;299.2162;140.9312;122.3604
28.62;0.2880;0.8889;0.7473;299.2162;140.9312;122.3811
28.63;0.2881;0.8891;0.7472;299.2162;140.9312;122.3604
28.65;0.2881;0.8892;0.7472;299.2162;140.9312;122.3796
28.67;0.2881;0.8892;0.7471;299.2162;140.9312;122.3900
28.68;0.2882;0.8893;0.7471;299.2162;140.9312;122.5006
28.70;0.2882;0.8894;0.7471;299.2162;140.9312;122.4902
28.72;0.2882;0.8894;0.7470;299.2162;140.9312;122.5299
28.73;0.2882;0.8895;0.7470;299.2162;140.9312;122.5091
28.75;0.2882;0.8896;0.7470;299.2162;140.9312;122.5987
28.77;0.2883;0.8896;0.7470;299.2162;140.9312;122.6091
28.78;0.2883;0.8896;0.7470;299.2162;140.9312;122.6383
