8.35;0.2846;0.9301;0.7216;300.7718;150.6856;87.1390
8.37;0.2832;0.9298;0.7216;300.6167;152.0120;85.7252
8.38;0.2827;0.9298;0.7216;300.5624;152.5126;85.2294
8.40;0.2823;0.9296;0.7216;300.5557;152.9102;84.8006
8.42;0.2816;0.9292;0.7213;300.6174;153.8056;83.9013
8.43;0.2813;0.9291;0.7212;300.6299;154.1865;83.4381
8.45;0.2810;0.9286;0.7210;300.7039;154.8166;82.7304
8.47;0.2805;0.9278;0.7206;300.8947;155.9049;81.3615
8.48;0.2803;0.9276;0.7206;300.8896;156.2304;80.9836
8.50;0.2800;0.9274;0.7205;300.9294;156.6355;80.5673
8.52;0.2794;0.9270;0.7205;300.9396;157.3776;79.8441
8.53;0.2792;0.9268;0.7204;301.0094;157.6885;79.5375
8.55;0.2787;0.9263;0.7204;301.0918;158.2486;78.9984
8.57;0.2783;0.9252;0.7200;301.4389;159.0038;78.1443
8.58;0.2781;0.9249;0.7198;301.5301;159.3098;77.8885
8.60;0.2782;0.9245;0.7195;301.6832;159.3180;77.8846
8.62;0.2783;0.9238;0.7190;301.8471;159.4688;77.8617
8.63;0.2784;0.9236;0.7189;301.8516;159.4523;77.9471
8.65;0.2785;0.9232;0.7187;301.8770;159.4697;78.0866
8.67;0.2785;0.9227;0.7186;301.8526;159.5553;78.2710
8.68;0.2785;0.9224;0.7184;301.9187;159.6378;78.2927
8.70;0.2787;0.9222;0.7183;301.9609;159.5343;78.4495
8.72;0.2788;0.9218;0.7182;301.9864;159.5520;78.5157
8.73;0.2789;0.9215;0.7181;302.0448;159.4987;78.5676
8.75;0.2789;0.9209;0.7178;302.1859;159.5768;78.6107
8.77;0.2796;0.9195;0.7171;302.5125;159.3255;78.6903
8.78;0.2798;0.9190;0.7169;302.6197;159.2796;78.7216
8.80;0.2800;0.9185;0.7166;302.6811;159.1875;78.7095
8.82;0.2803;0.9176;0.7163;302.7792;159.1072;78.7206
8.83;0.2804;0.9172;0.7161;302.7870;159.1223;78.7434
8.85;0.2805;0.9167;0.7162;302.6280;158.9585;78.9259
8.87;0.2809;0.9160;0.7164;302.3867;158.4381;79.5814
8.88;0.2812;0.9158;0.7166;302.3545;158.1347;79.8887
8.90;0.2812;0.9156;0.7166;302.3118;158.0981;80.0016
8.92;0.2817;0.9153;0.7170;302.1907;157.6888;80.3041
8.93;0.2818;0.9151;0.7172;302.1839;157.5676;80.4820
8.95;0.2823;0.9148;0.7176;302.1603;157.1712;80.7852
8.97;0.2830;0.9145;0.7182;302.1476;156.5105;81.4953
8.98;0.2832;0.9145;0.7185;302.0926;156.3324;81.7668
9.00;0.2832;0.9145;0.7187;302.0535;156.2052;81.9328
9.02;0.2836;0.9143;0.7191;302.0950;155.8078;82.4317
9.03;0.2837;0.9143;0.7194;302.0777;155.5699;82.6917
9.05;0.2839;0.9142;0.7198;302.1507;155.2660;83.1875
9.07;0.2839;0.9140;0.7205;302.1710;154.8802;83.6570
9.08;0.2840;0.9139;0.7207;302.2159;154.7680;83.7752
9.10;0.2838;0.9139;0.7209;302.2231;154.7609;83.8331
9.12;0.2839;0.9135;0.7211;302.3730;154.6526;84.0047
9.13;0.2839;0.9133;0.7213;302.4477;154.5759;84.0522
9.15;0.2839;0.9128;0.7214;302.6181;154.5934;83.9527
9.17;0.2842;0.9120;0.7220;302.7527;154.3564;83.9916
9.18;0.2842;0.9118;0.7222;302.7719;154.3467;83.9408
9.20;0.2841;0.9116;0.7224;302.7680;154.4442;83.8000
9.22;0.2842;0.9112;0.7229;302.7441;154.3041;83.7592
9.23;0.2844;0.9109;0.7228;302.8453;154.2177;83.7312
9.25;0.2845;0.9107;0.7232;302.7098;154.0403;83.8003
9.27;0.2847;0.9104;0.7238;302.5125;153.5250;84.2870
9.28;0.2848;0.9103;0.7241;302.4574;153.3746;84.5486
9.30;0.2847;0.9103;0.7243;302.4025;153.2475;84.7370
9.32;0.2849;0.9103;0.7249;302.2564;152.7835;85.2685
9.33;0.2851;0.9102;0.7251;302.2258;152.5247;85.5454
9.35;0.2852;0.9101;0.7254;302.1602;152.1265;86.0504
9.37;0.2855;0.9098;0.7256;302.2112;151.5232;86.7091
9.38;0.2856;0.9097;0.7257;302.2289;151.3149;86.8789
9.40;0.2857;0.9096;0.7258;302.2217;151.2125;86.9619
9.42;0.2859;0.9092;0.7257;302.3308;150.8860;87.4139
9.43;0.2860;0.9090;0.7257;302.3628;150.6863;87.5453
9.45;0.2863;0.9086;0.7257;302.4531;150.3497;87.8800
9.47;0.2867;0.9079;0.7257;302.5371;149.8675;88.2917
9.48;0.2867;0.9077;0.7257;302.5433;149.7976;88.3354
9.50;0.2869;0.9075;0.7258;302.5304;149.5258;88.5684
9.52;0.2869;0.9073;0.7260;302.4720;149.2730;88.8342
9.53;0.2869;0.9070;0.7259;302.5363;149.2865;88.8802
9.55;0.2869;0.9068;0.7261;302.4510;149.1369;89.0624
9.57;0.2870;0.9065;0.7264;302.4568;148.8749;89.4452
9.58;0.2871;0.9065;0.7265;302.4628;148.7826;89.5600
9.60;0.2871;0.9065;0.7267;302.4565;148.6826;89.6385
9.62;0.2874;0.9063;0.7268;302.5536;148.4566;90.0246
9.63;0.2876;0.9061;0.7267;302.6567;148.3545;90.1852
9.65;0.2878;0.9058;0.7269;302.7776;148.1929;90.4943
9.67;0.2883;0.9054;0.7272;302.9785;147.9421;91.0650
9.68;0.2884;0.9053;0.7273;303.0074;147.9140;91.1755
9.70;0.2886;0.9051;0.7274;303.0756;147.7935;91.3280
9.72;0.2888;0.9047;0.7275;303.2298;147.7281;91.5936
9.73;0.2889;0.9046;0.7276;303.2697;147.7315;91.7392
9.75;0.2891;0.9042;0.7277;303.4227;147.6430;91.9299
9.77;0.2894;0.9038;0.7278;303.6298;147.4522;92.3466
9.78;0.2895;0.9037;0.7281;303.6616;147.2902;92.5306
9.80;0.2897;0.9036;0.7282;303.7441;147.0685;92.7900
9.82;0.2901;0.9032;0.7282;303.9742;146.8262;93.1679
9.83;0.2903;0.9031;0.7283;304.0176;146.6501;93.3118
9.85;0.2907;0.9028;0.7285;304.1507;146.3498;93.6403
9.87;0.2911;0.9023;0.7284;304.3632;146.1921;93.9001
9.88;0.2912;0.9022;0.7284;304.4638;146.0985;93.9744
9.90;0.2913;0.9020;0.7284;304.5250;146.0937;94.0115
9.92;0.2915;0.9017;0.7284;304.7083;146.0553;94.1960
9.93;0.2916;0.9015;0.7284;304.7801;146.0565;94.2701
9.95;0.2916;0.9012;0.7284;304.8956;146.2231;94.1998
9.97;0.2916;0.9006;0.7280;305.1772;146.4612;94.1504
9.98;0.2918;0.9004;0.7279;305.2767;146.3673;94.1506
10.00;0.2917;0.9003;0.7278;305.2986;146.4256;94.2258
10.02;0.2919;0.9000;0.7277;305.4198;146.3662;94.3010
10.03;0.2920;0.8997;0.7276;305.5387;146.4127;94.2765
10.05;0.2920;0.8997;0.7277;305.5408;146.3775;94.4493
10.07;0.2919;0.8993;0.7276;305.7200;146.4879;94.5360
10.08;0.2919;0.8992;0.7275;305.7803;146.5050;94.6468
10.10;0.2920;0.8989;0.7274;305.8882;146.5452;94.6587
10.12;0.2921;0.8986;0.7272;306.0454;146.5500;94.7437
10.13;0.2919;0.8985;0.7271;306.0563;146.6254;94.7819
10.15;0.2919;0.8982;0.7269;306.1752;146.6930;94.7595
10.17;0.2919;0.8979;0.7267;306.2354;146.7097;94.7974
10.18;0.2918;0.8978;0.7267;306.2463;146.7613;94.7625
10.20;0.2917;0.8978;0.7267;306.2463;146.7849;94.7625
10.22;0.2916;0.8977;0.7267;306.2573;146.8601;94.8009
10.23;0.2916;0.8976;0.7266;306.3543;146.8943;94.7757
10.25;0.2915;0.8977;0.7268;306.2955;146.8912;94.9084
10.27;0.2915;0.8975;0.7266;306.4034;146.9534;94.9217
10.28;0.2916;0.8975;0.7267;306.3829;146.7932;95.0883
10.30;0.2915;0.8975;0.7268;306.3828;146.8167;95.0151
10.32;0.2915;0.8975;0.7269;306.3624;146.7271;95.1817
10.33;0.2916;0.8974;0.7269;306.4007;146.6643;95.2887
10.35;0.2916;0.8975;0.7271;306.3805;146.5747;95.3819
10.37;0.2920;0.8973;0.7274;306.4758;146.2512;95.7211
10.38;0.2920;0.8973;0.7275;306.4665;146.1665;95.7788
10.40;0.2920;0.8973;0.7276;306.5051;146.1281;95.8848
10.42;0.2920;0.8972;0.7278;306.5240;146.0008;96.0830
10.43;0.2922;0.8971;0.7279;306.6014;145.8778;96.2941
10.45;0.2926;0.8971;0.7282;306.6404;145.4365;96.6147
10.47;0.2930;0.8969;0.7284;306.7773;145.0820;97.1240
10.48;0.2932;0.8968;0.7287;306.7977;144.8864;97.3189
10.50;0.2932;0.8968;0.7287;306.8368;144.8734;97.3494
10.52;0.2934;0.8967;0.7289;306.8967;144.6187;97.7202
10.53;0.2935;0.8967;0.7289;306.9360;144.5592;97.8235
10.55;0.2937;0.8965;0.7290;307.0539;144.3811;98.0592
10.57;0.2938;0.8965;0.7292;307.0753;144.2111;98.3980
10.58;0.2940;0.8964;0.7292;307.1147;144.1286;98.5737
10.60;0.2940;0.8964;0.7292;307.1147;144.1286;98.7202
10.62;0.2941;0.8964;0.7293;307.1063;143.9990;98.9939
10.63;0.2943;0.8964;0.7293;307.1458;143.9167;99.1693
10.65;0.2942;0.8965;0.7295;307.0490;143.8998;99.3472
10.67;0.2943;0.8967;0.7294;306.8434;143.9231;99.4021
10.68;0.2944;0.8967;0.7293;306.7839;144.0044;99.3452
10.70;0.2941;0.8970;0.7292;306.5596;144.2655;99.1496
10.72;0.2936;0.8976;0.7294;306.0370;144.6404;98.9558
10.73;0.2931;0.8980;0.7295;305.7095;144.9146;98.7443
10.75;0.2922;0.8989;0.7299;305.0160;145.3797;98.6761
10.77;0.2903;0.9005;0.7307;303.7503;146.2917;98.1008
10.78;0.2896;0.9010;0.7310;303.3690;146.6891;97.8324
10.80;0.2889;0.9016;0.7314;302.9302;147.0104;97.4808
10.82;0.2875;0.9025;0.7320;302.1138;147.7719;96.9170
10.83;0.2867;0.9030;0.7323;301.7363;148.2138;96.5560
10.85;0.2851;0.9039;0.7330;300.9257;149.0542;95.8164
10.87;0.2827;0.9052;0.7342;299.7832;150.4082;94.7861
10.88;0.2820;0.9056;0.7345;299.4481;150.8331;94.4383
10.90;0.2813;0.9058;0.7347;299.2218;151.2846;94.0902
10.92;0.2800;0.9062;0.7353;298.7054;152.1887;93.3024
10.93;0.2794;0.9064;0.7356;298.4626;152.6716;92.8988
10.95;0.2783;0.9066;0.7363;298.0510;153.4646;92.1836
10.97;0.2770;0.9068;0.7369;297.5708;154.5181;91.3395
10.98;0.2765;0.9071;0.7373;297.2815;154.7554;91.2049
11.00;0.2762;0.9071;0.7375;297.1814;154.9797;91.0197
11.02;0.2756;0.9074;0.7381;296.8042;155.1268;90.9731
11.03;0.2753;0.9075;0.7385;296.6158;155.2114;90.9508
11.05;0.2751;0.9078;0.7390;296.3669;155.2027;91.0124
11.07;0.2749;0.9080;0.7395;296.1323;155.1825;91.0344
11.08;0.2749;0.9080;0.7395;296.1323;155.2060;91.0343
11.10;0.2748;0.9081;0.7396;296.0383;155.2234;90.9883
11.12;0.2747;0.9082;0.7398;295.9583;155.2790;90.9730
11.13;0.2748;0.9081;0.7397;296.0059;155.2055;90.9880
11.15;0.2749;0.9079;0.7398;296.0351;155.1526;90.9598
11.17;0.2751;0.9074;0.7397;296.1954;155.2083;90.6910
11.18;0.2751;0.9071;0.7395;296.2988;155.2864;90.5367
11.20;0.2754;0.9069;0.7395;296.3745;155.1376;90.5213
11.22;0.2755;0.9063;0.7393;296.5198;155.2006;90.3686
11.23;0.2755;0.9060;0.7393;296.5758;155.2001;90.3280
11.25;0.2758;0.9052;0.7390;296.7340;155.1503;90.2591
11.27;0.2760;0.9046;0.7390;296.8157;154.9751;90.3093
11.28;0.2763;0.9040;0.7391;296.8683;154.7518;90.4391
11.30;0.2763;0.9038;0.7392;296.8474;154.6743;90.5162
11.32;0.2768;0.9032;0.7393;296.9030;154.2722;90.7766
11.33;0.2769;0.9031;0.7394;296.8862;154.0139;91.0601
11.35;0.2774;0.9026;0.7396;296.9459;153.4584;91.5952
11.37;0.2782;0.9023;0.7401;297.0684;152.3888;92.7967
11.38;0.2786;0.9022;0.7404;297.1852;151.9315;93.2945
11.40;0.2791;0.9020;0.7405;297.4168;151.3734;93.9882
11.42;0.2803;0.9015;0.7405;297.8396;150.2507;95.2016
11.43;0.2810;0.9013;0.7406;298.0766;149.6458;95.8704
11.45;0.2823;0.9007;0.7405;298.6259;148.5648;96.9868
11.47;0.2843;0.8996;0.7401;299.6235;147.1318;98.6195
11.48;0.2852;0.8992;0.7400;299.9975;146.4765;99.2348
11.50;0.2860;0.8987;0.7398;300.3962;145.9878;99.8750
11.52;0.2878;0.8978;0.7395;301.1748;144.8314;101.0954
11.53;0.2885;0.8974;0.7393;301.5771;144.3880;101.7142
11.55;0.2900;0.8964;0.7390;302.3942;143.5766;102.6011
11.57;0.2922;0.8947;0.7381;303.7090;142.5798;103.6369
11.58;0.2928;0.8942;0.7378;304.0521;142.2947;103.8424
11.60;0.2934;0.8935;0.7372;304.5109;142.1704;103.9151
11.62;0.2944;0.8925;0.7363;305.2043;141.9597;104.0473
11.63;0.2947;0.8920;0.7359;305.5053;142.0056;104.0049
11.65;0.2954;0.8912;0.7352;305.9826;141.8619;104.0139
11.67;0.2960;0.8905;0.7346;306.4239;141.8191;104.1494
11.68;0.2963;0.8903;0.7345;306.5551;141.7307;104.2843
11.70;0.2962;0.8902;0.7344;306.6222;141.8338;104.2618
11.72;0.2964;0.8899;0.7342;306.7791;141.8324;104.2881
11.73;0.2962;0.8897;0.7340;306.8188;142.0446;104.2065
11.75;0.2960;0.8895;0.7338;306.8763;142.3142;104.0530
11.77;0.2956;0.8894;0.7336;306.8038;142.6746;103.9822
11.78;0.2952;0.8895;0.7336;306.7054;142.9494;103.8721
11.80;0.2949;0.8895;0.7335;306.6521;143.1718;103.7501
11.82;0.2942;0.8895;0.7333;306.5020;143.6717;103.5151
11.83;0.2937;0.8897;0.7332;306.3700;144.0331;103.3757
11.85;0.2929;0.8899;0.7331;306.1587;144.5581;103.2905
11.87;0.2915;0.8904;0.7332;305.7485;145.4004;102.7833
11.88;0.2910;0.8907;0.7333;305.5491;145.6683;102.5835
11.90;0.2906;0.8909;0.7334;305.3947;145.9052;102.4479
11.92;0.2898;0.8912;0.7335;305.1265;146.3477;102.1144
11.93;0.2894;0.8914;0.7336;304.9831;146.5936;102.0130
11.95;0.2888;0.8918;0.7340;304.6511;146.8681;101.8248
11.97;0.2879;0.8923;0.7345;304.1911;147.2690;101.6357
11.98;0.2876;0.8925;0.7347;304.0388;147.4893;101.4943
12.00;0.2875;0.8927;0.7349;303.8843;147.4282;101.5871
12.02;0.2869;0.8930;0.7352;303.6040;147.7517;101.5177
12.03;0.2866;0.8932;0.7353;303.4757;147.8540;101.4438
12.05;0.2863;0.8935;0.7358;303.1932;147.8937;101.4649
12.07;0.2856;0.8940;0.7362;302.8090;148.2016;101.3897
12.08;0.2855;0.8941;0.7363;302.7150;148.2145;101.4951
12.10;0.2854;0.8941;0.7363;302.6811;148.3047;101.3888
12.12;0.2852;0.8944;0.7366;302.4931;148.3301;101.4534
12.13;0.2851;0.8945;0.7367;302.3992;148.3426;101.4127
12.15;0.2848;0.8946;0.7367;302.3315;148.5241;101.2725
12.17;0.2843;0.8949;0.7370;302.0762;148.7550;101.2699
12.18;0.2843;0.8949;0.7372;302.0161;148.6997;101.2635
12.20;0.2842;0.8949;0.7372;302.0161;148.7232;101.2635
12.22;0.2840;0.8951;0.7376;301.8622;148.7267;101.3640
12.23;0.2837;0.8952;0.7377;301.7794;148.8188;101.3584
12.25;0.2838;0.8951;0.7379;301.7751;148.7612;101.3089
12.27;0.2838;0.8947;0.7379;301.8591;148.7550;101.1707
12.28;0.2838;0.8947;0.7381;301.7718;148.6958;101.2616
12.30;0.2838;0.8945;0.7380;301.8047;148.7956;101.1442
12.32;0.2838;0.8941;0.7379;301.8657;148.8671;100.8593
12.33;0.2840;0.8939;0.7381;301.8112;148.6942;100.9096
12.35;0.2842;0.8937;0.7380;301.8113;148.6170;100.8372
12.37;0.2847;0.8938;0.7382;301.7013;148.1780;100.8630
12.38;0.2848;0.8939;0.7384;301.5916;148.0058;100.9586
12.40;0.2848;0.8933;0.7384;301.5916;148.0058;100.8938
12.42;0.2846;0.8934;0.7387;301.5916;148.0058;100.7656
12.43;0.2846;0.8934;0.7387;301.5916;148.0058;100.7456
12.45;0.2846;0.8934;0.7387;301.5916;148.0058;100.7448
12.47;0.2846;0.8934;0.7387;301.5916;148.0058;100.7167
12.48;0.2846;0.8934;0.7387;301.5916;148.0058;100.7451
12.50;0.2846;0.8934;0.7387;301.5916;148.0058;100.7542
12.52;0.2846;0.8934;0.7387;301.5916;148.0058;100.7745
12.53;0.2846;0.8934;0.7387;301.5916;148.0058;100.7745
12.55;0.2846;0.8934;0.7388;301.5916;148.0058;100.8148
12.57;0.2846;0.8933;0.7388;301.5916;148.0058;100.9156
12.58;0.2846;0.8933;0.7388;301.5916;148.0058;100.9360
12.60;0.2846;0.8932;0.7388;301.5916;148.0058;100.9564
12.62;0.2846;0.8932;0.7388;301.5916;148.0058;100.9769
12.63;0.2845;0.8932;0.7388;301.5916;148.0058;101.0179
12.65;0.2845;0.8931;0.7389;301.5916;148.0058;100.9652
12.67;0.2845;0.8932;0.7389;301.5916;148.0058;100.9973
12.68;0.2845;0.8932;0.7389;301.5916;148.0058;100.9247
12.70;0.2845;0.8932;0.7389;301.5916;148.0058;100.9247
12.72;0.2845;0.8932;0.7389;301.5916;148.0058;100.9253
12.73;0.2845;0.8932;0.7389;301.5916;148.0058;100.9253
12.75;0.2845;0.8932;0.7388;301.5916;148.0058;100.9053
12.77;0.2846;0.8932;0.7388;301.5916;148.0058;100.9354
12.78;0.2846;0.8933;0.7388;301.5916;148.0058;100.8990
12.80;0.2846;0.8933;0.7388;301.5916;148.0058;100.9210
12.82;0.2846;0.8934;0.7387;301.5916;148.0058;100.9030
12.83;0.2846;0.8934;0.7387;301.5916;148.0058;100.8740
12.85;0.2847;0.8935;0.7387;301.5916;148.0058;100.8393
12.87;0.2847;0.8937;0.7386;301.5916;148.0058;100.8674
12.88;0.2847;0.8937;0.7386;301.5916;148.0058;100.8896
12.90;0.2847;0.8938;0.7385;301.5916;148.0058;100.9007
12.92;0.2848;0.8938;0.7385;301.5916;148.0058;100.8926
12.93;0.2848;0.8939;0.7385;301.5916;148.0058;100.8389
12.95;0.2863;0.8956;0.7429;300.0941;144.7738;103.5856
12.97;0.2864;0.8960;0.7430;299.9068;144.2317;104.1350
12.98;0.2866;0.8961;0.7432;299.8649;143.9777;104.4029
13.00;0.2867;0.8963;0.7435;299.7311;143.7208;104.6471
13.02;0.2871;0.8964;0.7439;299.7028;143.1958;105.1298
13.03;0.2872;0.8966;0.7442;299.5705;142.9347;105.3781
13.05;0.2876;0.8969;0.7447;299.5359;142.3928;105.9064
13.07;0.2882;0.8974;0.7456;299.3924;141.3947;106.8797
13.08;0.2884;0.8975;0.7457;299.4115;141.2542;107.0696
13.10;0.2885;0.8976;0.7459;299.3832;141.0327;107.2256
13.12;0.2888;0.8979;0.7464;299.3273;140.6124;107.6115
13.13;0.2889;0.8979;0.7464;299.3554;140.5111;107.7564
13.15;0.2891;0.8980;0.7467;299.3485;140.1959;108.1024
13.17;0.2892;0.8981;0.7469;299.4188;139.8631;108.4784
13.18;0.2895;0.8979;0.7469;299.5284;139.6330;108.6285
13.20;0.2898;0.8979;0.7469;299.6014;139.4646;108.8256
13.22;0.2902;0.8976;0.7469;299.7627;139.2066;109.1289
13.23;0.2903;0.8975;0.7469;299.8066;139.1617;109.1821
13.25;0.2908;0.8974;0.7470;299.9054;138.7697;109.4655
13.27;0.2911;0.8972;0.7471;300.0591;138.5239;109.9554
13.28;0.2912;0.8971;0.7471;300.0958;138.4413;110.0521
13.30;0.2915;0.8970;0.7471;300.1691;138.2766;110.1717
13.32;0.2916;0.8971;0.7473;300.1512;138.1210;110.4249
13.33;0.2916;0.8970;0.7472;300.2426;138.1594;110.4373
13.35;0.2917;0.8969;0.7472;300.2794;138.1010;110.6066
13.37;0.2918;0.8968;0.7472;300.3230;138.0573;110.5850
13.38;0.2919;0.8968;0.7473;300.3120;137.9171;110.7199
13.40;0.2920;0.8966;0.7472;300.4034;137.9319;110.6591
13.42;0.2919;0.8967;0.7473;300.3624;137.9589;110.6539
13.43;0.2919;0.8966;0.7473;300.4059;137.9389;110.6320
13.45;0.2919;0.8965;0.7474;300.3649;137.9189;110.7000
13.47;0.2918;0.8962;0.7474;300.3809;137.9787;110.5111
13.48;0.2916;0.8963;0.7475;300.2964;138.0260;110.6009
13.50;0.2917;0.8961;0.7475;300.3465;138.0206;110.5347
13.52;0.2916;0.8959;0.7475;300.3190;138.0773;110.4407
13.53;0.2916;0.8958;0.7476;300.2778;138.0577;110.3618
13.55;0.2914;0.8957;0.7476;300.2365;138.0853;110.4294
13.57;0.2913;0.8958;0.7477;300.1815;138.0597;110.5126
13.58;0.2913;0.8959;0.7478;300.1335;138.0252;110.5516
13.60;0.2913;0.8958;0.7478;300.1471;138.1022;110.4626
13.62;0.2913;0.8959;0.7479;300.0990;138.0441;110.5016
13.63;0.2913;0.8959;0.7480;300.0508;137.9860;110.5408
13.65;0.2911;0.8956;0.7481;300.0508;137.9860;110.5612
13.67;0.2911;0.8955;0.7482;300.0508;137.9860;110.4544
13.68;0.2911;0.8954;0.7482;300.0508;137.9860;110.5165
13.70;0.2911;0.8954;0.7482;300.0508;137.9860;110.4564
13.72;0.2910;0.8953;0.7483;300.0508;137.9860;110.3851
13.73;0.2910;0.8953;0.7483;300.0508;137.9860;110.4583
13.75;0.2910;0.8952;0.7483;300.0508;137.9860;110.3869
13.77;0.2909;0.8950;0.7484;300.0508;137.9860;110.3887
13.78;0.2909;0.8950;0.7484;300.0508;137.9860;110.4507
13.80;0.2909;0.8950;0.7484;300.0508;137.9860;110.4507
13.82;0.2909;0.8948;0.7485;300.0508;137.9860;110.4932
13.83;0.2908;0.8948;0.7485;300.0508;137.9860;110.5173
13.85;0.2908;0.8947;0.7485;300.0509;137.9860;110.5794
13.87;0.2908;0.8947;0.7485;300.0508;137.9860;110.6201
13.88;0.2908;0.8947;0.7485;300.0508;137.9860;110.6822
13.90;0.2908;0.8946;0.7485;300.0508;137.9860;110.6913
13.92;0.2907;0.8946;0.7486;300.0508;137.9860;110.7117
13.93;0.2907;0.8945;0.7486;300.0508;137.9860;110.6273
13.95;0.2907;0.8945;0.7486;300.0508;137.9860;110.6604
13.97;0.2907;0.8944;0.7486;300.0508;137.9860;110.7012
13.98;0.2907;0.8944;0.7486;300.0508;137.9860;110.7012
14.00;0.2907;0.8944;0.7487;300.0508;137.9859;110.7505
14.02;0.2907;0.8943;0.7487;300.0508;137.9859;110.6788
14.03;0.2907;0.8943;0.7487;300.0508;137.9860;110.6788
14.05;0.2906;0.8943;0.7487;300.0508;137.9859;110.6548
14.07;0.2906;0.8943;0.7487;300.0508;137.9860;110.6549
14.08;0.2906;0.8943;0.7487;300.0508;137.9860;110.7281
14.10;0.2906;0.8943;0.7487;300.0508;137.9860;110.7043
14.12;0.2906;0.8943;0.7487;300.0508;137.9859;110.8015
14.13;0.2906;0.8943;0.7487;300.0508;137.9859;110.7044
14.15;0.2906;0.8943;0.7487;300.0508;137.9859;110.8269
14.17;0.2906;0.8943;0.7487;300.0508;137.9860;110.8029
14.18;0.2906;0.8943;0.7487;300.0508;137.9860;110.8029
14.20;0.2906;0.8943;0.7487;300.0508;137.9860;110.9254
14.22;0.2906;0.8943;0.7487;300.0508;137.9860;110.9016
14.23;0.2906;0.8943;0.7487;300.0508;137.9860;110.9636
14.25;0.2906;0.8942;0.7487;300.0508;137.9860;110.8996
14.27;0.2906;0.8941;0.7488;300.0508;137.9860;111.0296
14.28;0.2905;0.8940;0.7488;300.0508;137.9860;111.0187
14.30;0.2905;0.8939;0.7488;300.0508;137.9860;111.0280
14.32;0.2905;0.8938;0.7489;300.0508;137.9860;110.9675
14.33;0.2904;0.8937;0.7489;300.0508;137.9860;110.9419
14.35;0.2904;0.8936;0.7490;300.0508;137.9860;111.0247
14.37;0.2903;0.8935;0.7490;300.0508;137.9860;111.0234
14.38;0.2903;0.8935;0.7490;300.0508;137.9860;110.9502
14.40;0.2903;0.8934;0.7491;300.0509;137.9860;110.9597
14.42;0.2903;0.8934;0.7491;300.0508;137.9860;111.0538
14.43;0.2903;0.8934;0.7491;300.0508;137.9860;111.0538
14.45;0.2903;0.8934;0.7491;300.0508;137.9860;111.0013
14.47;0.2903;0.8934;0.7491;300.0508;137.9860;111.0017
14.48;0.2903;0.8933;0.7491;300.0508;137.9860;110.9619
14.50;0.2903;0.8933;0.7491;300.0509;137.9860;111.0207
14.52;0.2902;0.8933;0.7491;300.0508;137.9860;111.0939
14.53;0.2902;0.8932;0.7491;300.0508;137.9860;111.0336
14.55;0.2902;0.8931;0.7492;300.0508;137.9860;111.0090
14.57;0.2902;0.8930;0.7492;300.0508;137.9860;111.0397
14.58;0.2901;0.8929;0.7493;300.0508;137.9860;111.0174
14.60;0.2901;0.8929;0.7493;300.0508;137.9860;110.9882
14.62;0.2901;0.8928;0.7493;300.0508;137.9860;111.0686
14.63;0.2901;0.8928;0.7493;300.0508;137.9860;111.1419
14.65;0.2900;0.8928;0.7493;300.0508;137.9860;111.0897
14.67;0.2900;0.8927;0.7494;300.0508;137.9860;111.1623
14.68;0.2900;0.8927;0.7494;300.0508;137.9860;111.1623
14.70;0.2900;0.8927;0.7494;300.0508;137.9860;111.1623
14.72;0.2900;0.8927;0.7494;300.0508;137.9860;111.1834
14.73;0.2900;0.8927;0.7494;300.0509;137.9860;111.1109
14.75;0.2900;0.8927;0.7494;300.0508;137.9860;111.1343
14.77;0.2900;0.8926;0.7494;300.0508;137.9860;111.1736
14.78;0.2900;0.8926;0.7494;300.0508;137.9860;111.1096
14.80;0.2900;0.8925;0.7494;300.0509;137.9860;111.1717
14.82;0.2900;0.8925;0.7495;300.0508;137.9860;111.1196
14.83;0.2899;0.8925;0.7495;300.0508;137.9860;111.1929
14.85;0.2899;0.8924;0.7495;300.0509;137.9860;111.0474
14.87;0.2899;0.8924;0.7495;300.0508;137.9860;111.1713
14.88;0.2899;0.8924;0.7495;300.0508;137.9859;111.1713
14.90;0.2899;0.8924;0.7495;300.0509;137.9860;111.1193
14.92;0.2899;0.8923;0.7495;300.0508;137.9860;111.1435
14.93;0.2899;0.8923;0.7495;300.0508;137.9860;111.1934
14.95;0.2899;0.8923;0.7495;300.0508;137.9860;111.1535
14.97;0.2899;0.8923;0.7496;300.0508;137.9860;111.1729
14.98;0.2898;0.8922;0.7496;300.0508;137.9860;111.2674
15.00;0.2898;0.8922;0.7496;300.0508;137.9860;111.1330
15.02;0.2898;0.8921;0.7496;300.0508;137.9860;111.2024
15.03;0.2898;0.8920;0.7497;300.0508;137.9860;111.2847
15.05;0.2897;0.8919;0.7497;300.0508;137.9860;111.2940
15.07;0.2896;0.8917;0.7498;300.0508;137.9860;111.3551
15.08;0.2896;0.8916;0.7499;300.0508;137.9860;111.2922
15.10;0.2895;0.8914;0.7499;300.0508;137.9860;111.3838
15.12;0.2895;0.8913;0.7500;300.0508;137.9860;111.3327
15.13;0.2894;0.8912;0.7500;300.0508;137.9860;111.3099
15.15;0.2894;0.8910;0.7501;300.0508;137.9860;111.3294
15.17;0.2893;0.8908;0.7502;300.0508;137.9860;111.3998
15.18;0.2893;0.8907;0.7502;300.0509;137.9860;111.3710
15.20;0.2893;0.8907;0.7502;300.0508;137.9860;111.4317
15.22;0.2892;0.8906;0.7503;300.0508;137.9860;111.4521
15.23;0.2892;0.8906;0.7503;300.0508;137.9860;111.4953
15.25;0.2892;0.8905;0.7503;300.0508;137.9860;111.4326
15.27;0.2892;0.8904;0.7503;300.0508;137.9860;111.4738
15.28;0.2891;0.8904;0.7504;300.0508;137.9860;111.4411
15.30;0.2891;0.8904;0.7504;300.0508;137.9860;111.5131
15.32;0.2891;0.8902;0.7504;300.0508;137.9860;111.4392
15.33;0.2891;0.8902;0.7505;300.0509;137.9860;111.3980
15.35;0.2890;0.8900;0.7505;300.0508;137.9860;111.4466
15.37;0.2889;0.8898;0.7506;300.0508;137.9860;111.4644
15.38;0.2888;0.8896;0.7507;300.0508;137.9860;111.4626
15.40;0.2888;0.8896;0.7507;300.0508;137.9860;111.4830
15.42;0.2888;0.8895;0.7507;300.0508;137.9860;111.5260
15.43;0.2887;0.8894;0.7508;300.0509;137.9860;111.5871
15.45;0.2887;0.8893;0.7508;300.0508;137.9860;111.5344
15.47;0.2887;0.8893;0.7508;300.0508;137.9860;111.5753
15.48;0.2887;0.8893;0.7508;300.0508;137.9860;111.5970
15.50;0.2887;0.8893;0.7508;300.0508;137.9860;111.5575
15.52;0.2887;0.8893;0.7508;300.0508;137.9860;111.5877
15.53;0.2887;0.8893;0.7508;300.0508;137.9860;111.5877
15.55;0.2887;0.8893;0.7508;300.0508;137.9860;111.5672
15.57;0.2887;0.8893;0.7508;300.0508;137.9860;111.5672
15.58;0.2887;0.8893;0.7508;300.0508;137.9860;111.6404
15.60;0.2887;0.8893;0.7508;300.0508;137.9860;111.5685
15.62;0.2887;0.8893;0.7508;300.0508;137.9860;111.5672
15.63;0.2887;0.8893;0.7508;300.0508;137.9860;111.5054
15.65;0.2887;0.8893;0.7508;300.0508;137.9860;111.5786
15.67;0.2887;0.8892;0.7509;300.0508;137.9860;111.4133
15.68;0.2887;0.8892;0.7509;300.0508;137.9860;111.4134
15.70;0.2887;0.8892;0.7509;300.0508;137.9860;111.4134
15.72;0.2887;0.8892;0.7509;300.0508;137.9860;111.3719
15.73;0.2887;0.8892;0.7509;300.0508;137.9860;111.3719
15.75;0.2887;0.8892;0.7509;300.0508;137.9860;111.3812
15.77;0.2886;0.8891;0.7509;300.0508;137.9860;111.3508
15.78;0.2886;0.8890;0.7509;300.0509;137.9860;111.3501
15.80;0.2886;0.8890;0.7510;300.0508;137.9860;111.3489
15.82;0.2886;0.8890;0.7510;300.0509;137.9860;111.3377
15.83;0.2886;0.8890;0.7510;300.0509;137.9860;111.3074
15.85;0.2886;0.8890;0.7510;300.0509;137.9860;111.3074
15.87;0.2886;0.8890;0.7510;300.0508;137.9860;111.2465
15.88;0.2886;0.8890;0.7510;300.0509;137.9860;111.2577
15.90;0.2886;0.8890;0.7510;300.0509;137.9860;111.2565
15.92;0.2886;0.8890;0.7510;300.0509;137.9860;111.2577
15.93;0.2886;0.8890;0.7510;300.0509;137.9860;111.2566
15.95;0.2886;0.8890;0.7510;300.0509;137.9859;111.2057
15.97;0.2886;0.8890;0.7510;300.0509;137.9859;111.2069
15.98;0.2886;0.8890;0.7510;300.0509;137.9860;111.1945
16.00;0.2886;0.8890;0.7510;300.0509;137.9859;111.1957
16.02;0.2886;0.8890;0.7510;300.0509;137.9859;111.1957
16.03;0.2886;0.8890;0.7510;300.0509;137.9860;111.1945
16.05;0.2886;0.8889;0.7510;300.0509;137.9859;111.1652
16.07;0.2886;0.8889;0.7510;300.0509;137.9859;111.1652
16.08;0.2886;0.8889;0.7510;300.0509;137.9859;111.1132
16.10;0.2886;0.8889;0.7510;300.0509;137.9859;111.1652
16.12;0.2885;0.8889;0.7510;300.0509;137.9859;111.1632
16.13;0.2885;0.8888;0.7510;300.0509;137.9859;111.1327
16.15;0.2885;0.8888;0.7511;300.0509;137.9859;111.1936
16.17;0.2885;0.8887;0.7511;300.0508;137.9859;111.1196
16.18;0.2885;0.8886;0.7511;300.0508;137.9859;111.1196
16.20;0.2884;0.8886;0.7511;300.0509;137.9859;111.1400
16.22;0.2884;0.8886;0.7511;300.0509;137.9859;111.1389
16.23;0.2884;0.8886;0.7511;300.0509;137.9859;111.1389
16.25;0.2884;0.8886;0.7511;300.0509;137.9859;111.2121
16.27;0.2885;0.8886;0.7511;300.0509;137.9859;111.2233
16.28;0.2885;0.8886;0.7511;300.0509;137.9859;111.1501
16.30;0.2885;0.8887;0.7511;300.0509;137.9859;111.1297
16.32;0.2885;0.8887;0.7511;300.0508;137.9859;111.1817
16.33;0.2885;0.8887;0.7511;300.0509;137.9859;111.1297
16.35;0.2885;0.8887;0.7511;300.0509;137.9859;111.1308
16.37;0.2885;0.8887;0.7511;300.0509;137.9859;111.1308
16.38;0.2885;0.8887;0.7511;300.0508;137.9859;111.1103
16.40;0.2885;0.8887;0.7511;300.0509;137.9859;111.1103
16.42;0.2885;0.8887;0.7511;300.0509;137.9859;111.1103
16.43;0.2885;0.8887;0.7511;300.0509;137.9859;111.1092
16.45;0.2885;0.8887;0.7511;300.0509;137.9859;111.1824
16.47;0.2885;0.8887;0.7511;300.0509;137.9859;111.1092
16.48;0.2885;0.8887;0.7511;300.0508;137.9859;111.1297
16.50;0.2885;0.8887;0.7511;300.0508;137.9859;111.1308
16.52;0.2885;0.8887;0.7511;300.0508;137.9859;111.1929
16.53;0.2885;0.8887;0.7511;300.0508;137.9859;111.1420
16.55;0.2885;0.8888;0.7510;300.0508;137.9859;111.2264
16.57;0.2886;0.8890;0.7510;300.0508;137.9859;111.2194
16.58;0.2886;0.8891;0.7509;300.0508;137.9859;111.2419
16.60;0.2887;0.8892;0.7509;300.0508;137.9859;111.2948
16.62;0.2888;0.8895;0.7508;300.0508;137.9859;111.2369
16.63;0.2888;0.8896;0.7507;300.0508;137.9859;111.3122
16.65;0.2890;0.8900;0.7506;300.0508;137.9859;111.2532
16.67;0.2891;0.8904;0.7504;300.0508;137.9859;111.1817
16.68;0.2892;0.8905;0.7503;300.0508;137.9859;111.1510
16.70;0.2892;0.8906;0.7503;300.0508;137.9859;111.1812
16.72;0.2893;0.8909;0.7502;300.0508;137.9859;111.1403
16.73;0.2894;0.8910;0.7501;300.0508;137.9859;111.1220
16.75;0.2894;0.8911;0.7501;300.0508;137.9859;111.1316
16.77;0.2895;0.8913;0.7500;300.0508;137.9859;111.1309
16.78;0.2895;0.8913;0.7500;300.0508;137.9859;111.1207
16.80;0.2895;0.8914;0.7499;300.0508;137.9859;111.1836
16.82;0.2896;0.8916;0.7499;300.0508;137.9859;111.2157
16.83;0.2896;0.8916;0.7498;300.0508;137.9859;111.2660
16.85;0.2897;0.8919;0.7497;300.0508;137.9859;111.2351
16.87;0.2899;0.8923;0.7495;300.0508;137.9859;111.3609
