26.98;0.3087;0.8888;0.7332;310.1750;135.7740;110.6381
27.00;0.3086;0.8890;0.7330;310.1591;135.7878;110.6652
27.02;0.3083;0.8892;0.7326;310.0945;135.9410;110.5189
27.03;0.3080;0.8893;0.7325;310.0457;136.0804;110.3452
27.05;0.3077;0.8895;0.7321;310.0143;136.3434;110.0971
27.07;0.3075;0.8894;0.7318;310.0431;136.5873;109.9101
27.08;0.3074;0.8895;0.7318;309.9968;136.6365;109.7786
27.10;0.3072;0.8896;0.7316;309.9685;136.8094;109.7189
27.12;0.3071;0.8896;0.7314;309.9720;136.9037;109.6401
27.13;0.3068;0.8897;0.7312;309.9362;137.0741;109.6142
27.15;0.3067;0.8897;0.7307;310.0148;137.3165;109.3321
27.17;0.3067;0.8897;0.7306;310.0331;137.4166;109.1839
27.18;0.3066;0.8897;0.7304;310.0438;137.5140;109.2165
27.20;0.3066;0.8897;0.7304;310.0047;137.5434;109.1223
27.22;0.3067;0.8898;0.7303;310.0621;137.5670;109.0682
27.23;0.3067;0.8898;0.7303;310.0231;137.6200;109.0471
27.25;0.3068;0.8899;0.7302;310.0883;137.6461;108.9589
27.27;0.3070;0.8899;0.7303;310.0883;137.5990;108.9589
27.28;0.3070;0.8899;0.7302;310.1458;137.6458;108.9783
27.30;0.3071;0.8899;0.7302;310.1458;137.6223;108.9051
27.32;0.3072;0.8899;0.7302;310.1536;137.6012;108.8709
27.33;0.3072;0.8900;0.7302;310.1147;137.6309;108.8496
27.35;0.3073;0.8900;0.7302;310.1380;137.6386;108.7472
27.37;0.3073;0.8900;0.7303;310.1071;137.6945;108.6184
27.38;0.3075;0.8899;0.7303;310.1537;137.6201;108.6789
27.40;0.3075;0.8899;0.7302;310.1693;137.6486;108.6107
27.42;0.3075;0.8899;0.7302;310.1543;137.7331;108.5603
27.43;0.3076;0.8898;0.7302;310.1702;137.7617;108.4189
27.45;0.3074;0.8898;0.7301;310.1172;137.9472;108.2735
27.47;0.3071;0.8900;0.7302;309.9985;138.0850;108.2147
27.48;0.3072;0.8900;0.7302;310.0065;138.0876;108.1807
27.50;0.3071;0.8898;0.7300;310.0728;138.1829;108.1669
27.52;0.3070;0.8899;0.7302;309.9845;138.2175;108.0905
27.53;0.3070;0.8899;0.7302;310.0008;138.2697;108.0224
27.55;0.3070;0.8899;0.7303;309.9588;138.2527;108.0805
27.57;0.3068;0.8899;0.7303;309.9289;138.3567;107.9511
27.58;0.3068;0.8900;0.7304;309.8788;138.3373;107.9700
27.60;0.3068;0.8900;0.7304;309.8869;138.3635;107.9359
27.62;0.3068;0.8899;0.7305;309.9115;138.4419;107.8337
27.63;0.3068;0.8898;0.7304;309.9279;138.4706;107.8388
27.65;0.3068;0.8897;0.7307;309.8851;138.5213;107.5644
27.67;0.3068;0.8897;0.7308;309.8513;138.5312;107.5148
27.68;0.3068;0.8897;0.7308;309.8595;138.5573;107.4807
27.70;0.3068;0.8898;0.7309;309.8009;138.4888;107.5334
27.72;0.3067;0.8898;0.7311;309.7587;138.4726;107.5178
27.73;0.3067;0.8898;0.7311;309.7670;138.5225;107.4837
27.75;0.3067;0.8898;0.7311;309.7670;138.5460;107.5569
27.77;0.3066;0.8898;0.7312;309.7083;138.5009;107.6097
27.78;0.3065;0.8899;0.7312;309.6709;138.5793;107.5143
27.80;0.3066;0.8899;0.7314;309.6497;138.4557;107.5895
27.82;0.3065;0.8899;0.7314;309.6497;138.5028;107.5895
27.83;0.3064;0.8899;0.7314;309.6497;138.5263;107.6627
27.85;0.3062;0.8900;0.7316;309.5490;138.5118;107.6272
27.87;0.3064;0.8899;0.7318;309.5817;138.3628;107.7288
27.88;0.3064;0.8899;0.7319;309.5313;138.3201;107.7477
27.90;0.3063;0.8899;0.7321;309.4727;138.2744;107.7280
27.92;0.3064;0.8899;0.7322;309.4678;138.2037;107.8074
27.93;0.3063;0.8899;0.7323;309.4174;138.1844;107.7533
27.95;0.3063;0.8898;0.7325;309.3698;138.0977;107.7440
27.97;0.3064;0.8897;0.7326;309.3646;138.0272;107.7498
27.98;0.3063;0.8897;0.7326;309.3726;138.0775;107.7152
28.00;0.3063;0.8898;0.7329;309.2636;137.9886;107.7883
28.02;0.3062;0.8897;0.7330;309.2209;137.9961;107.7729
28.03;0.3063;0.8896;0.7330;309.2740;137.9719;107.7246
28.05;0.3061;0.8895;0.7331;309.1964;138.0142;107.7321
28.07;0.3061;0.8894;0.7333;309.1906;137.9440;107.6643
28.08;0.3060;0.8894;0.7334;309.1029;137.9792;107.6626
28.10;0.3060;0.8894;0.7335;309.0971;137.9091;107.7412
28.12;0.3059;0.8893;0.7336;309.0620;137.9440;107.6907
28.13;0.3059;0.8893;0.7337;309.0113;137.9249;107.6368
28.15;0.3057;0.8893;0.7340;308.8668;137.8943;107.7335
28.17;0.3056;0.8892;0.7341;308.8316;137.9297;107.6096
28.18;0.3054;0.8892;0.7341;308.7518;137.9924;107.6465
28.20;0.3055;0.8891;0.7342;308.7533;137.9263;107.5433
28.22;0.3053;0.8891;0.7343;308.6814;138.0168;107.4717
28.23;0.3054;0.8890;0.7344;308.6749;137.9469;107.4767
28.25;0.3051;0.8889;0.7344;308.6343;138.1478;107.2641
28.27;0.3051;0.8888;0.7345;308.6148;138.2155;107.1426
28.28;0.3051;0.8888;0.7346;308.5637;138.1733;107.1619
28.30;0.3049;0.8888;0.7346;308.5433;138.3071;107.0705
28.32;0.3049;0.8887;0.7346;308.5081;138.3202;107.0193
28.33;0.3049;0.8887;0.7348;308.4570;138.2780;107.1118
28.35;0.3046;0.8887;0.7349;308.3425;138.3794;106.9503
28.37;0.3046;0.8886;0.7350;308.2993;138.3651;107.0075
28.38;0.3044;0.8886;0.7351;308.2123;138.4020;106.9328
28.40;0.3043;0.8887;0.7351;308.1254;138.4389;106.9314
28.42;0.3042;0.8886;0.7352;308.0901;138.4528;106.8799
28.43;0.3042;0.8886;0.7351;308.0981;138.4808;106.8443
28.45;0.3042;0.8886;0.7355;307.9604;138.4107;106.8319
28.47;0.3039;0.8885;0.7355;307.8541;138.5837;106.7381
28.48;0.3040;0.8885;0.7356;307.8383;138.4622;106.7789
28.50;0.3039;0.8884;0.7356;307.8463;138.4905;106.8163
28.52;0.3038;0.8885;0.7358;307.7164;138.5141;106.7258
28.53;0.3039;0.8884;0.7358;307.7597;138.4631;106.7110
28.55;0.3038;0.8884;0.7360;307.6650;138.4074;106.7147
28.57;0.3038;0.8883;0.7360;307.6296;138.4223;106.7359
28.58;0.3038;0.8882;0.7360;307.6376;138.4508;106.7000
28.60;0.3036;0.8883;0.7361;307.5511;138.4884;106.6257
28.62;0.3035;0.8883;0.7362;307.5077;138.4985;106.6096
28.63;0.3037;0.8882;0.7362;307.5507;138.4475;106.5944
28.65;0.3035;0.8881;0.7362;307.4802;138.5424;106.5213
28.67;0.3035;0.8881;0.7364;307.4368;138.5056;106.5051
28.68;0.3035;0.8881;0.7365;307.3933;138.4925;106.4889
28.70;0.3036;0.8880;0.7365;307.4362;138.4415;106.4736
28.72;0.3034;0.8881;0.7366;307.3578;138.5082;106.4365
28.73;0.3036;0.8880;0.7366;307.4006;138.4572;106.4211
28.75;0.3034;0.8879;0.7366;307.3383;138.5815;106.3116
28.77;0.3034;0.8877;0.7366;307.3969;138.5878;106.2241
28.78;0.3034;0.8877;0.7367;307.3533;138.5751;106.2075
28.80;0.3033;0.8877;0.7366;307.3348;138.7125;106.1144
28.82;0.3033;0.8874;0.7365;307.3935;138.7186;106.0270
28.83;0.3033;0.8874;0.7367;307.3418;138.6775;106.0463
28.85;0.3032;0.8872;0.7367;307.3223;138.7514;105.9211
28.87;0.3031;0.8872;0.7367;307.2444;138.8193;105.8834
28.88;0.3032;0.8871;0.7367;307.2947;138.7967;105.8320
28.90;0.3031;0.8870;0.7367;307.3028;138.8255;105.7958
28.92;0.3032;0.8869;0.7366;307.3612;138.8315;105.7815
28.93;0.3033;0.8868;0.7368;307.3434;138.7108;105.8944
28.95;0.3034;0.8866;0.7367;307.4016;138.7169;105.8800
28.97;0.3034;0.8864;0.7366;307.4096;138.7455;105.9171
28.98;0.3035;0.8863;0.7366;307.4436;138.6656;105.9377
29.00;0.3034;0.8863;0.7367;307.3915;138.6487;105.9565
29.02;0.3035;0.8860;0.7365;307.5016;138.6950;105.9233
29.03;0.3034;0.8859;0.7364;307.5177;138.7521;105.8513
29.05;0.3033;0.8859;0.7364;307.5060;138.8783;105.7631
29.07;0.3033;0.8859;0.7365;307.4781;138.9242;105.6001
29.08;0.3033;0.8859;0.7365;307.4862;138.9527;105.6374
29.10;0.3032;0.8859;0.7365;307.4944;139.0048;105.6014
29.12;0.3031;0.8856;0.7367;307.4340;138.9366;105.7288
29.13;0.3030;0.8857;0.7368;307.4340;138.9366;105.7043
29.15;0.3030;0.8856;0.7369;307.4340;138.9366;105.7542
29.17;0.3030;0.8856;0.7369;307.4340;138.9366;105.7276
29.18;0.3030;0.8855;0.7369;307.4340;138.9366;105.7761
29.20;0.3029;0.8855;0.7369;307.4340;138.9366;105.8249
29.22;0.3029;0.8854;0.7370;307.4340;138.9366;105.8468
29.23;0.3029;0.8853;0.7370;307.4340;138.9366;105.8820
29.25;0.3028;0.8851;0.7371;307.4340;138.9366;105.9012
29.27;0.3027;0.8850;0.7372;307.4340;138.9366;105.9603
29.28;0.3027;0.8849;0.7373;307.4340;138.9366;105.9353
29.30;0.3026;0.8849;0.7373;307.4340;138.9366;106.0326
29.32;0.3026;0.8848;0.7373;307.4340;138.9366;106.0317
29.33;0.3026;0.8847;0.7374;307.4340;138.9366;106.0095
29.35;0.3025;0.8846;0.7375;307.4340;138.9366;105.9816
29.37;0.3024;0.8845;0.7375;307.4340;138.9366;106.0082
29.38;0.3024;0.8844;0.7376;307.4340;138.9367;106.0135
29.40;0.3024;0.8843;0.7376;307.4340;138.9366;106.0375
29.42;0.3023;0.8842;0.7377;307.4340;138.9367;105.9600
29.43;0.3023;0.8842;0.7377;307.4340;138.9367;106.0385
29.45;0.3022;0.8840;0.7378;307.4340;138.9366;105.9766
29.47;0.3022;0.8840;0.7378;307.4340;138.9366;105.9533
29.48;0.3022;0.8840;0.7378;307.4340;138.9366;105.9398
29.50;0.3022;0.8839;0.7378;307.4340;138.9366;105.9875
29.52;0.3021;0.8839;0.7379;307.4340;138.9367;106.0030
29.53;0.3021;0.8838;0.7379;307.4340;138.9366;105.9350
29.55;0.3021;0.8838;0.7379;307.4340;138.9366;105.9658
29.57;0.3021;0.8837;0.7380;307.4340;138.9367;105.9265
29.58;0.3020;0.8837;0.7380;307.4340;138.9367;106.0185
29.60;0.3020;0.8837;0.7380;307.4340;138.9367;105.9605
29.62;0.3020;0.8836;0.7380;307.4340;138.9367;105.9200
29.63;0.3020;0.8836;0.7380;307.4340;138.9367;105.9826
29.65;0.3020;0.8835;0.7381;307.4340;138.9367;106.0028
29.67;0.3019;0.8834;0.7381;307.4340;138.9367;105.9820
29.68;0.3019;0.8834;0.7382;307.4340;138.9366;106.0604
29.70;0.3018;0.8833;0.7382;307.4340;138.9366;106.0941
29.72;0.3018;0.8832;0.7383;307.4340;138.9366;106.0545
29.73;0.3018;0.8831;0.7383;307.4340;138.9366;106.0595
29.75;0.3017;0.8830;0.7384;307.4340;138.9366;106.0521
29.77;0.3016;0.8829;0.7384;307.4340;138.9367;106.1304
29.78;0.3016;0.8829;0.7385;307.4340;138.9367;106.1304
29.80;0.3016;0.8828;0.7385;307.4340;138.9367;106.1305
29.82;0.3016;0.8828;0.7385;307.4340;138.9367;106.1355
29.83;0.3016;0.8828;0.7385;307.4340;138.9367;106.0175
29.85;0.3016;0.8827;0.7385;307.4340;138.9367;106.1018
29.87;0.3015;0.8827;0.7386;307.4340;138.9367;106.0757
29.88;0.3015;0.8827;0.7386;307.4340;138.9367;106.1226
29.90;0.3015;0.8826;0.7386;307.4340;138.9367;106.0680
29.92;0.3015;0.8826;0.7386;307.4340;138.9367;106.1336
29.93;0.3015;0.8825;0.7386;307.4340;138.9367;106.0790
29.95;0.3014;0.8825;0.7387;307.4340;138.9367;106.0400
29.97;0.3014;0.8824;0.7387;307.4340;138.9367;106.0137
29.98;0.3014;0.8824;0.7387;307.4340;138.9367;105.9687
30.00;0.3014;0.8824;0.7387;307.4340;138.9367;105.9687
30.02;0.3014;0.8824;0.7387;307.4340;138.9367;105.9873
30.03;0.3014;0.8824;0.7387;307.4340;138.9367;105.9608
30.05;0.3014;0.8823;0.7388;307.4340;138.9367;105.9344
30.07;0.3013;0.8823;0.7388;307.4340;138.9367;105.9530
30.08;0.3013;0.8823;0.7388;307.4340;138.9367;105.9452
30.10;0.3013;0.8822;0.7388;307.4340;138.9367;105.9920
30.12;0.3013;0.8822;0.7389;307.4340;138.9367;106.0478
30.13;0.3013;0.8821;0.7389;307.4340;138.9367;106.1397
30.15;0.3012;0.8821;0.7389;307.4340;138.9367;106.0183
30.17;0.3012;0.8820;0.7389;307.4340;138.9367;106.1102
30.18;0.3012;0.8820;0.7389;307.4340;138.9367;106.0836
30.20;0.3012;0.8820;0.7389;307.4340;138.9367;106.0835
30.22;0.3012;0.8820;0.7389;307.4340;138.9367;106.0103
30.23;0.3012;0.8820;0.7389;307.4340;138.9367;106.0383
30.25;0.3012;0.8820;0.7389;307.4340;138.9367;106.0103
30.27;0.3012;0.8820;0.7389;307.4340;138.9367;105.9651
30.28;0.3012;0.8820;0.7389;307.4340;138.9367;106.0383
30.30;0.3012;0.8820;0.7389;307.4340;138.9367;105.9651
30.32;0.3012;0.8820;0.7389;307.4340;138.9367;105.9932
30.33;0.3012;0.8820;0.7389;307.4340;138.9367;105.9932
30.35;0.3012;0.8820;0.7389;307.4340;138.9367;105.9931
30.37;0.3012;0.8820;0.7390;307.4340;138.9367;105.9931
30.38;0.3012;0.8820;0.7390;307.4340;138.9367;105.9479
30.40;0.3012;0.8820;0.7390;307.4340;138.9366;105.9199
30.42;0.3012;0.8820;0.7390;307.4340;138.9366;106.0117
30.43;0.3012;0.8819;0.7390;307.4340;138.9366;106.0118
30.45;0.3012;0.8819;0.7390;307.4340;138.9366;106.0490
30.47;0.3011;0.8819;0.7390;307.4340;138.9366;105.9943
30.48;0.3011;0.8819;0.7390;307.4340;138.9366;106.0676
30.50;0.3011;0.8819;0.7390;307.4340;138.9366;105.9943
30.52;0.3011;0.8818;0.7390;307.4340;138.9366;106.0409
30.53;0.3011;0.8818;0.7390;307.4340;138.9366;106.0862
30.55;0.3011;0.8818;0.7390;307.4340;138.9366;106.0129
30.57;0.3011;0.8818;0.7390;307.4340;138.9366;106.0129
30.58;0.3011;0.8818;0.7390;307.4340;138.9366;106.0862
30.60;0.3011;0.8818;0.7391;307.4340;138.9366;106.0129
30.62;0.3011;0.8818;0.7391;307.4340;138.9366;106.1048
30.63;0.3011;0.8818;0.7391;307.4340;138.9366;106.0595
30.65;0.3011;0.8818;0.7391;307.4340;138.9366;106.0315
30.67;0.3011;0.8818;0.7391;307.4340;138.9366;106.0316
30.68;0.3011;0.8818;0.7391;307.4340;138.9366;106.1048
30.70;0.3011;0.8818;0.7391;307.4340;138.9366;106.1048
30.72;0.3011;0.8818;0.7391;307.4340;138.9366;106.1048
30.73;0.3011;0.8818;0.7391;307.4340;138.9366;106.1048
30.75;0.3011;0.8818;0.7391;307.4340;138.9366;106.0316
30.77;0.3011;0.8818;0.7391;307.4340;138.9366;106.0316
30.78;0.3011;0.8818;0.7391;307.4340;138.9366;106.0316
30.80;0.3011;0.8818;0.7391;307.4340;138.9366;106.1048
30.82;0.3011;0.8818;0.7391;307.4340;138.9366;106.0596
30.83;0.3011;0.8818;0.7391;307.4340;138.9366;106.1048
30.85;0.3011;0.8818;0.7391;307.4340;138.9366;106.1048
30.87;0.3011;0.8818;0.7391;307.4340;138.9366;106.1048
30.88;0.3011;0.8818;0.7391;307.4340;138.9366;106.1048
30.90;0.3011;0.8818;0.7391;307.4340;138.9366;106.0596
30.92;0.3011;0.8818;0.7391;307.4340;138.9366;106.0453
30.93;0.3011;0.8818;0.7391;307.4340;138.9366;106.1186
30.95;0.3011;0.8818;0.7391;307.4340;138.9366;106.0453
30.97;0.3011;0.8818;0.7391;307.4340;138.9366;106.0906
30.98;0.3011;0.8818;0.7391;307.4340;138.9366;106.1186
31.00;0.3011;0.8818;0.7391;307.4340;138.9366;106.1638
31.02;0.3011;0.8818;0.7391;307.4340;138.9366;106.0906
31.03;0.3011;0.8818;0.7391;307.4340;138.9366;106.1639
31.05;0.3011;0.8818;0.7391;307.4340;138.9366;106.1639
31.07;0.3011;0.8818;0.7391;307.4340;138.9366;106.0906
31.08;0.3011;0.8818;0.7391;307.4340;138.9366;106.1638
31.10;0.3011;0.8818;0.7391;307.4340;138.9366;106.0906
31.12;0.3011;0.8818;0.7391;307.4340;138.9366;106.0768
31.13;0.3011;0.8818;0.7391;307.4340;138.9366;106.1501
31.15;0.3011;0.8818;0.7391;307.4340;138.9366;106.0768
31.17;0.3011;0.8818;0.7391;307.4340;138.9366;106.1048
31.18;0.3011;0.8818;0.7391;307.4340;138.9366;106.0316
31.20;0.3011;0.8818;0.7391;307.4340;138.9366;106.0315
31.22;0.3011;0.8818;0.7391;307.4340;138.9366;106.1501
31.23;0.3011;0.8818;0.7391;307.4340;138.9366;106.0315
31.25;0.3011;0.8818;0.7391;307.4340;138.9366;106.0768
31.27;0.3011;0.8818;0.7391;307.4340;138.9366;106.0315
31.28;0.3011;0.8818;0.7391;307.4340;138.9366;106.0954
31.30;0.3011;0.8818;0.7391;307.4340;138.9366;106.0954
31.32;0.3011;0.8817;0.7391;307.4340;138.9366;106.1421
31.33;0.3010;0.8817;0.7391;307.4340;138.9366;106.0874
31.35;0.3010;0.8816;0.7392;307.4340;138.9366;106.1513
31.37;0.3010;0.8816;0.7392;307.4340;138.9366;106.2432
31.38;0.3010;0.8816;0.7392;307.4340;138.9366;106.1246
31.40;0.3010;0.8816;0.7392;307.4340;138.9366;106.2165
31.42;0.3010;0.8815;0.7392;307.4340;138.9366;106.2618
31.43;0.3009;0.8815;0.7392;307.4340;138.9366;106.2351
31.45;0.3009;0.8815;0.7393;307.4340;138.9366;106.2120
31.47;0.3009;0.8815;0.7393;307.4340;138.9366;106.2121
31.48;0.3009;0.8815;0.7393;307.4340;138.9366;106.2400
31.50;0.3009;0.8815;0.7393;307.4340;138.9366;106.1668
31.52;0.3009;0.8815;0.7393;307.4340;138.9366;106.2122
31.53;0.3009;0.8815;0.7393;307.4340;138.9366;106.2122
31.55;0.3009;0.8815;0.7393;307.4340;138.9366;106.2401
31.57;0.3009;0.8815;0.7393;307.4340;138.9366;106.2123
31.58;0.3009;0.8815;0.7393;307.4340;138.9366;106.2855
31.60;0.3009;0.8815;0.7393;307.4340;138.9366;106.2122
31.62;0.3009;0.8815;0.7393;307.4340;138.9366;106.2402
31.63;0.3009;0.8815;0.7393;307.4340;138.9366;106.2122
31.65;0.3009;0.8815;0.7392;307.4340;138.9366;106.1936
31.67;0.3009;0.8815;0.7393;307.4340;138.9366;106.1937
31.68;0.3009;0.8815;0.7393;307.4340;138.9366;106.2670
31.70;0.3009;0.8815;0.7393;307.4340;138.9366;106.2670
31.72;0.3009;0.8815;0.7393;307.4340;138.9366;106.2216
31.73;0.3009;0.8815;0.7393;307.4340;138.9366;106.2670
31.75;0.3009;0.8815;0.7393;307.4340;138.9366;106.2670
31.77;0.3009;0.8815;0.7393;307.4340;138.9366;106.2074
31.78;0.3009;0.8815;0.7393;307.4340;138.9366;106.2074
31.80;0.3009;0.8815;0.7393;307.4340;138.9366;106.2075
31.82;0.3009;0.8815;0.7393;307.4340;138.9366;106.2807
31.83;0.3009;0.8815;0.7393;307.4340;138.9366;106.2076
31.85;0.3009;0.8815;0.7393;307.4340;138.9366;106.2074
31.87;0.3009;0.8815;0.7393;307.4340;138.9366;106.3261
31.88;0.3009;0.8815;0.7393;307.4340;138.9366;106.2529
31.90;0.3009;0.8815;0.7393;307.4340;138.9366;106.3260
31.92;0.3009;0.8815;0.7393;307.4340;138.9366;106.2527
31.93;0.3009;0.8815;0.7392;307.4340;138.9366;106.2341
31.95;0.3009;0.8815;0.7392;307.4340;138.9366;106.2341
31.97;0.3009;0.8815;0.7392;307.4340;138.9366;106.2341
31.98;0.3009;0.8815;0.7392;307.4340;138.9366;106.2341
32.00;0.3009;0.8815;0.7392;307.4340;138.9366;106.2341
32.02;0.3009;0.8815;0.7392;307.4340;138.9366;106.2341
32.03;0.3010;0.8815;0.7392;307.4340;138.9366;106.2888
32.05;0.3010;0.8815;0.7392;307.4340;138.9366;106.2607
32.07;0.3010;0.8815;0.7392;307.4340;138.9366;106.2105
32.08;0.3010;0.8816;0.7392;307.4340;138.9366;106.1919
32.10;0.3010;0.8816;0.7392;307.4340;138.9366;106.2186
32.12;0.3010;0.8816;0.7392;307.4340;138.9366;106.2545
32.13;0.3010;0.8816;0.7392;307.4340;138.9366;106.2682
32.15;0.3011;0.8817;0.7391;307.4340;138.9366;106.1391
32.17;0.3011;0.8818;0.7391;307.4340;138.9366;106.1888
32.18;0.3011;0.8818;0.7391;307.4340;138.9366;106.1421
32.20;0.3011;0.8818;0.7391;307.4340;138.9366;106.1235
32.22;0.3011;0.8819;0.7390;307.4340;138.9366;106.1595
32.23;0.3011;0.8819;0.7390;307.4340;138.9366;106.1451
32.25;0.3011;0.8819;0.7390;307.4340;138.9366;106.1078
32.27;0.3012;0.8819;0.7390;307.4340;138.9366;106.0892
32.28;0.3012;0.8819;0.7390;307.4340;138.9366;106.1624
32.30;0.3012;0.8820;0.7390;307.4340;138.9366;106.1157
32.32;0.3012;0.8820;0.7390;307.4340;138.9366;106.0970
32.33;0.3012;0.8820;0.7390;307.4340;138.9366;106.0970
32.35;0.3012;0.8820;0.7390;307.4340;138.9366;106.1107
32.37;0.3012;0.8820;0.7389;307.4340;138.9366;106.1654
32.38;0.3012;0.8820;0.7389;307.4340;138.9366;106.0922
32.40;0.3012;0.8820;0.7389;307.4340;138.9366;106.0735
32.42;0.3012;0.8820;0.7389;307.4340;138.9366;106.0737
32.43;0.3012;0.8820;0.7389;307.4340;138.9366;106.0873
32.45;0.3012;0.8821;0.7389;307.4340;138.9366;106.0825
32.47;0.3012;0.8821;0.7389;307.4340;138.9366;106.0542
32.48;0.3012;0.8821;0.7389;307.4340;138.9366;106.0827
32.50;0.3012;0.8821;0.7389;307.4341;138.9366;106.0826
32.52;0.3012;0.8821;0.7389;307.4340;138.9366;106.0827
32.53;0.3013;0.8821;0.7389;307.4341;138.9366;106.1276
32.55;0.3013;0.8821;0.7389;307.4340;138.9366;106.0830
32.57;0.3013;0.8821;0.7389;307.4340;138.9366;106.0830
32.58;0.3013;0.8821;0.7389;307.4341;138.9366;106.0832
32.60;0.3013;0.8821;0.7389;307.4341;138.9366;106.0832
32.62;0.3013;0.8821;0.7389;307.4341;138.9366;106.0832
32.63;0.3013;0.8821;0.7389;307.4341;138.9366;106.0832
32.65;0.3013;0.8821;0.7389;307.4341;138.9366;106.0834
32.67;0.3013;0.8821;0.7389;307.4340;138.9366;106.0971
32.68;0.3013;0.8822;0.7389;307.4341;138.9366;106.0971
32.70;0.3013;0.8822;0.7388;307.4340;138.9366;106.1234
32.72;0.3013;0.8822;0.7388;307.4340;138.9366;106.0921
32.73;0.3013;0.8822;0.7388;307.4341;138.9366;106.1373
32.75;0.3013;0.8823;0.7388;307.4340;138.9366;106.1140
32.77;0.3014;0.8823;0.7388;307.4340;138.9366;106.1276
32.78;0.3014;0.8823;0.7387;307.4341;138.9366;106.1090
32.80;0.3014;0.8824;0.7387;307.4340;138.9366;106.0907
32.82;0.3014;0.8824;0.7387;307.4340;138.9366;106.0994
32.83;0.3014;0.8825;0.7387;307.4341;138.9366;106.0810
32.85;0.3015;0.8825;0.7386;307.4341;138.9366;106.0761
32.87;0.3015;0.8826;0.7386;307.4341;138.9366;106.1026
32.88;0.3015;0.8826;0.7386;307.4340;138.9366;106.1029
32.90;0.3015;0.8826;0.7386;307.4340;138.9366;106.1166
32.92;0.3015;0.8826;0.7386;307.4340;138.9366;106.1430
32.93;0.3015;0.8827;0.7385;307.4341;138.9366;106.1669
32.95;0.3016;0.8828;0.7385;307.4341;138.9366;106.1474
32.97;0.3016;0.8828;0.7385;307.4340;138.9366;106.1734
32.98;0.3016;0.8828;0.7385;307.4340;138.9366;106.1739
33.00;0.3016;0.8829;0.7384;307.4340;138.9366;106.2321
33.02;0.3016;0.8829;0.7384;307.4341;138.9366;106.2139
33.03;0.3017;0.8829;0.7384;307.4341;138.9366;106.1952
33.05;0.3017;0.8829;0.7384;307.4340;138.9366;106.2352
33.07;0.3017;0.8829;0.7384;307.4341;138.9366;106.2352
33.08;0.3017;0.8829;0.7384;307.4341;138.9366;106.2798
33.10;0.3017;0.8829;0.7384;307.4341;138.9366;106.2794
33.12;0.3017;0.8829;0.7384;307.4341;138.9366;106.2794
33.13;0.3017;0.8829;0.7384;307.4340;138.9366;106.2798
33.15;0.3017;0.8829;0.7384;307.4340;138.9366;106.2798
33.17;0.3017;0.8829;0.7384;307.4340;138.9366;106.2798
33.18;0.3017;0.8829;0.7384;307.4340;138.9366;106.2798
33.20;0.3017;0.8829;0.7384;307.4340;138.9366;106.2798
33.22;0.3017;0.8829;0.7384;307.4340;138.9366;106.2802
33.23;0.3017;0.8829;0.7384;307.4340;138.9366;106.2988
33.25;0.3017;0.8829;0.7384;307.4340;138.9366;106.2988
33.27;0.3017;0.8829;0.7384;307.4340;138.9366;106.3434
33.28;0.3017;0.8829;0.7384;307.4340;138.9366;106.2988
33.30;0.3017;0.8829;0.7384;307.4340;138.9366;106.2988
33.32;0.3017;0.8829;0.7384;307.4340;138.9366;106.2988
33.33;0.3017;0.8829;0.7384;307.4340;138.9366;106.2984
33.35;0.3017;0.8829;0.7384;307.4340;138.9366;106.2988
33.37;0.3017;0.8829;0.7384;307.4340;138.9366;106.3721
33.38;0.3017;0.8829;0.7384;307.4340;138.9366;106.3430
33.40;0.3017;0.8829;0.7384;307.4340;138.9366;106.2988
33.42;0.3017;0.8829;0.7384;307.4340;138.9366;106.2988
33.43;0.3017;0.8829;0.7384;307.4340;138.9366;106.3434
33.45;0.3017;0.8829;0.7384;307.4340;138.9366;106.3434
33.47;0.3017;0.8829;0.7384;307.4340;138.9366;106.3434
33.48;0.3017;0.8829;0.7384;307.4340;138.9366;106.3430
33.50;0.3017;0.8829;0.7384;307.4340;138.9366;106.3434
33.52;0.3017;0.8829;0.7384;307.4340;138.9366;106.3875
33.53;0.3017;0.8829;0.7384;307.4340;138.9366;106.3879
33.55;0.3016;0.8829;0.7384;307.4340;138.9366;106.3925
33.57;0.3016;0.8829;0.7384;307.4340;138.9366;106.3930
33.58;0.3016;0.8829;0.7384;307.4340;138.9366;106.4112
33.60;0.3016;0.8829;0.7384;307.4340;138.9366;106.4112
33.62;0.3016;0.8829;0.7385;307.4340;138.9366;106.3976
33.63;0.3016;0.8829;0.7385;307.4340;138.9366;106.3531
33.65;0.3016;0.8829;0.7385;307.4340;138.9366;106.3976
33.67;0.3016;0.8829;0.7385;307.4340;138.9366;106.3976
33.68;0.3016;0.8829;0.7385;307.4340;138.9366;106.3976
33.70;0.3016;0.8829;0.7385;307.4340;138.9366;106.3976
33.72;0.3016;0.8829;0.7385;307.4340;138.9366;106.3976
33.73;0.3016;0.8829;0.7385;307.4340;138.9366;106.3976
33.75;0.3016;0.8829;0.7385;307.4340;138.9366;106.3976
33.77;0.3016;0.8829;0.7385;307.4340;138.9366;106.4421
33.78;0.3016;0.8829;0.7385;307.4340;138.9366;106.4866
33.80;0.3016;0.8829;0.7385;307.4340;138.9366;106.5311
33.82;0.3016;0.8829;0.7385;307.4340;138.9366;106.5311
33.83;0.3016;0.8829;0.7385;307.4340;138.9366;106.5756
33.85;0.3016;0.8829;0.7385;307.4340;138.9366;106.6201
33.87;0.3016;0.8829;0.7385;307.4340;138.9366;106.6201
33.88;0.3016;0.8829;0.7385;307.4340;138.9366;106.6645
33.90;0.3016;0.8829;0.7385;307.4340;138.9366;106.6645
33.92;0.3016;0.8829;0.7385;307.4340;138.9366;106.6645
33.93;0.3016;0.8829;0.7385;307.4340;138.9366;106.6645
33.95;0.3016;0.8829;0.7385;307.4340;138.9366;106.6645
33.97;0.3016;0.8829;0.7385;307.4340;138.9366;106.7089
33.98;0.3016;0.8829;0.7385;307.4340;138.9366;106.7089
34.00;0.3016;0.8829;0.7385;307.4340;138.9366;106.6645
34.02;0.3016;0.8829;0.7385;307.4340;138.9366;106.6645
34.03;0.3016;0.8829;0.7385;307.4340;138.9366;106.7089
34.05;0.3016;0.8829;0.7385;307.4340;138.9366;106.7089
34.07;0.3016;0.8829;0.7385;307.4340;138.9366;106.7093
34.08;0.3016;0.8829;0.7384;307.4340;138.9366;106.6906
34.10;0.3016;0.8829;0.7384;307.4340;138.9366;106.6906
34.12;0.3016;0.8829;0.7384;307.4340;138.9366;106.6906
34.13;0.3016;0.8829;0.7384;307.4340;138.9366;106.6906
34.15;0.3016;0.8829;0.7384;307.4340;138.9366;106.6910
34.17;0.3016;0.8829;0.7384;307.4340;138.9366;106.6910
34.18;0.3016;0.8829;0.7384;307.4340;138.9366;106.7041
34.20;0.3016;0.8829;0.7384;307.4340;138.9366;106.7045
34.22;0.3016;0.8829;0.7384;307.4340;138.9366;106.7041
34.23;0.3016;0.8829;0.7384;307.4340;138.9366;106.7045
34.25;0.3017;0.8829;0.7384;307.4340;138.9366;106.7041
34.27;0.3017;0.8829;0.7384;307.4340;138.9366;106.7041
34.28;0.3017;0.8829;0.7384;307.4340;138.9366;106.7045
34.30;0.3017;0.8829;0.7384;307.4340;138.9366;106.7041
34.32;0.3017;0.8829;0.7384;307.4340;138.9366;106.7041
34.33;0.3017;0.8829;0.7384;307.4340;138.9366;106.7041
34.35;0.3017;0.8829;0.7384;307.4340;138.9366;106.7041
34.37;0.3017;0.8829;0.7384;307.4340;138.9366;106.7041
34.38;0.3017;0.8829;0.7384;307.4340;138.9366;106.7041
34.40;0.3017;0.8829;0.7384;307.4340;138.9366;106.7041
34.42;0.3017;0.8829;0.7384;307.4340;138.9366;106.7041
34.43;0.3017;0.8829;0.7384;307.4340;138.9366;106.7037
34.45;0.3017;0.8829;0.7384;307.4340;138.9366;106.7041
34.47;0.3017;0.8829;0.7384;307.4340;138.9366;106.7041
34.48;0.3017;0.8829;0.7384;307.4340;138.9366;106.7041
34.50;0.3017;0.8829;0.7384;307.4340;138.9366;106.7037
34.52;0.3017;0.8829;0.7384;307.4340;138.9366;106.7037
34.53;0.3017;0.8829;0.7384;307.4340;138.9366;106.6749
34.55;0.3017;0.8829;0.7384;307.4340;138.9366;106.6597
34.57;0.3017;0.8829;0.7384;307.4341;138.9366;106.7037
34.58;0.3017;0.8829;0.7384;307.4340;138.9366;106.7041
34.60;0.3017;0.8829;0.7384;307.4341;138.9366;106.7037
34.62;0.3017;0.8829;0.7384;307.4340;138.9366;106.7041
34.63;0.3017;0.8829;0.7384;307.4340;138.9366;106.7041
34.65;0.3017;0.8829;0.7384;307.4340;138.9366;106.7041
34.67;0.3017;0.8829;0.7384;307.4340;138.9366;106.7041
34.68;0.3017;0.8829;0.7384;307.4340;138.9366;106.7041
34.70;0.3017;0.8829;0.7384;307.4341;138.9366;106.7037
34.72;0.3017;0.8829;0.7384;307.4340;138.9366;106.7041
34.73;0.3017;0.8829;0.7384;307.4341;138.9366;106.7037
34.75;0.3017;0.8829;0.7384;307.4340;138.9366;106.6305
34.77;0.3017;0.8829;0.7384;307.4341;138.9366;106.7037
34.78;0.3017;0.8829;0.7384;307.4341;138.9366;106.7037
34.80;0.3017;0.8829;0.7384;307.4340;138.9366;106.7041
34.82;0.3017;0.8829;0.7384;307.4340;138.9366;106.7041
34.83;0.3017;0.8829;0.7384;307.4340;138.9366;106.7041
34.85;0.3017;0.8829;0.7384;307.4340;138.9366;106.7041
34.87;0.3017;0.8829;0.7384;307.4340;138.9366;106.7037
34.88;0.3017;0.8829;0.7384;307.4340;138.9366;106.7041
34.90;0.3017;0.8829;0.7384;307.4340;138.9366;106.7041
34.92;0.3017;0.8829;0.7384;307.4340;138.9366;106.7041
34.93;0.3017;0.8829;0.7384;307.4340;138.9366;106.7041
34.95;0.3017;0.8829;0.7384;307.4340;138.9366;106.7041
34.97;0.3017;0.8829;0.7384;307.4340;138.9366;106.7041
34.98;0.3017;0.8829;0.7384;307.4340;138.9366;106.7041
35.00;0.3017;0.8829;0.7384;307.4340;138.9366;106.7045
35.02;0.3017;0.8830;0.7384;307.4340;138.9366;106.7180
35.03;0.3017;0.8830;0.7384;307.4340;138.9366;106.7176
35.05;0.3017;0.8830;0.7384;307.4340;138.9366;106.7450
35.07;0.3017;0.8831;0.7383;307.4340;138.9366;106.8167
35.08;0.3018;0.8831;0.7383;307.4340;138.9366;106.8437
35.10;0.3018;0.8832;0.7383;307.4340;138.9366;106.8831
35.12;0.3019;0.8833;0.7382;307.4340;138.9366;106.9682
35.13;0.3019;0.8833;0.7382;307.4340;138.9366;107.0075
35.15;0.3020;0.8835;0.7381;307.4340;138.9366;107.1253
35.17;0.3020;0.8836;0.7380;307.4340;138.9366;107.2037
35.18;0.3021;0.8837;0.7379;307.4340;138.9366;107.2428
35.20;0.3021;0.8838;0.7379;307.4340;138.9366;107.2925
35.22;0.3021;0.8839;0.7379;307.4340;138.9366;107.3460
35.23;0.3022;0.8839;0.7378;307.4340;138.9366;107.3849
35.25;0.3022;0.8840;0.7378;307.4341;138.9366;107.4051
35.27;0.3022;0.8840;0.7378;307.4340;138.9366;107.4300
35.28;0.3022;0.8841;0.7378;307.4341;138.9366;107.4555
35.30;0.3023;0.8841;0.7377;307.4340;138.9366;107.4368
35.32;0.3023;0.8841;0.7377;307.4340;138.9366;107.4804
35.33;0.3023;0.8841;0.7377;307.4340;138.9366;107.3885
35.35;0.3023;0.8842;0.7376;307.4340;138.9366;107.4695
35.37;0.3024;0.8843;0.7376;307.4341;138.9366;107.3909
35.38;0.3024;0.8844;0.7376;307.4340;138.9366;107.3860
35.40;0.3024;0.8844;0.7375;307.4341;138.9366;107.4725
35.42;0.3025;0.8845;0.7375;307.4341;138.9366;107.4302
35.43;0.3025;0.8846;0.7375;307.4341;138.9366;107.4120
35.45;0.3026;0.8847;0.7374;307.4341;138.9366;107.4398
35.47;0.3026;0.8848;0.7373;307.4341;138.9366;107.4169
35.48;0.3027;0.8849;0.7373;307.4341;138.9366;107.3493
35.50;0.3027;0.8849;0.7372;307.4341;138.9366;107.3446
