4.87;0.3013;0.8982;0.7126;310.4090;144.5825;77.4113
4.88;0.3014;0.8981;0.7127;310.4277;144.5253;77.4066
4.90;0.3011;0.8979;0.7127;310.3851;144.7052;77.2662
4.92;0.3010;0.8978;0.7130;310.2805;144.6637;77.2367
4.93;0.3010;0.8976;0.7129;310.3565;144.6763;77.1785
4.95;0.3008;0.8975;0.7132;310.2327;144.7666;77.0494
4.97;0.3007;0.8974;0.7134;310.1854;144.7957;76.9663
4.98;0.3007;0.8974;0.7138;310.0686;144.7081;76.9677
5.00;0.3008;0.8973;0.7138;310.0863;144.6514;77.0352
5.02;0.3006;0.8974;0.7141;309.9631;144.6919;76.9375
5.03;0.3006;0.8973;0.7142;309.9579;144.6103;77.0683
5.05;0.3003;0.8974;0.7144;309.8813;144.7433;76.9492
5.07;0.3003;0.8974;0.7146;309.8407;144.6641;76.9967
5.08;0.3001;0.8973;0.7148;309.8166;144.7383;77.0280
5.10;0.2999;0.8974;0.7149;309.7287;144.8000;76.9409
5.12;0.2998;0.8973;0.7151;309.7459;144.8144;76.9346
5.13;0.2997;0.8972;0.7150;309.8265;144.9804;76.8903
5.15;0.2995;0.8972;0.7153;309.7444;145.0087;76.8285
5.17;0.2993;0.8970;0.7153;309.8307;145.1411;76.7364
5.18;0.2992;0.8970;0.7154;309.7951;145.1440;76.7993
5.20;0.2991;0.8969;0.7156;309.8231;145.1833;76.7604
5.22;0.2988;0.8967;0.7157;309.8101;145.3061;76.6129
5.23;0.2987;0.8967;0.7159;309.7631;145.3319;76.6343
5.25;0.2986;0.8966;0.7160;309.7795;145.3468;76.6270
5.27;0.2983;0.8966;0.7162;309.7550;145.4454;76.5844
5.28;0.2982;0.8966;0.7163;309.7488;145.4112;76.6408
5.30;0.2981;0.8965;0.7163;309.7600;145.4830;76.6087
5.32;0.2979;0.8964;0.7165;309.7466;145.6063;76.5340
5.33;0.2979;0.8964;0.7166;309.7514;145.5498;76.5581
5.35;0.2977;0.8961;0.7166;309.8480;145.6835;76.4327
5.37;0.2976;0.8960;0.7167;309.8344;145.7598;76.3579
5.38;0.2976;0.8958;0.7167;309.8972;145.7490;76.3285
5.40;0.2977;0.8956;0.7167;309.9239;145.7184;76.3611
5.42;0.2976;0.8954;0.7168;309.9101;145.7477;76.2128
5.43;0.2976;0.8953;0.7167;309.9326;145.7966;76.1490
5.45;0.2975;0.8952;0.7168;309.9188;145.8497;76.0738
5.47;0.2975;0.8950;0.7168;309.9163;145.9037;75.9667
5.48;0.2974;0.8949;0.7170;309.8550;145.8897;75.9118
5.50;0.2973;0.8948;0.7169;309.8490;146.0469;75.7819
5.52;0.2971;0.8948;0.7171;309.7593;146.1419;75.6606
5.53;0.2972;0.8946;0.7171;309.8329;146.1315;75.5992
5.55;0.2970;0.8945;0.7171;309.7911;146.2938;75.4575
5.57;0.2967;0.8944;0.7173;309.7496;146.4800;75.3158
5.58;0.2965;0.8943;0.7174;309.7590;146.6066;75.1765
5.60;0.2962;0.8942;0.7174;309.7544;146.8115;75.0468
5.62;0.2959;0.8940;0.7175;309.7253;147.0229;74.8731
5.63;0.2960;0.8938;0.7174;309.7987;147.0349;74.8125
5.65;0.2957;0.8936;0.7173;309.8181;147.2647;74.6197
5.67;0.2957;0.8932;0.7172;309.9147;147.3247;74.4964
5.68;0.2955;0.8931;0.7172;309.8749;147.4647;74.3547
5.70;0.2954;0.8930;0.7172;309.8500;147.4952;74.3105
5.72;0.2953;0.8928;0.7174;309.8369;147.5736;74.2348
5.73;0.2952;0.8927;0.7173;309.8720;147.6461;74.1402
5.75;0.2951;0.8926;0.7174;309.8706;147.7488;74.0329
5.77;0.2949;0.8924;0.7175;309.8575;147.8275;73.9570
5.78;0.2948;0.8923;0.7175;309.8325;147.8820;73.9125
5.80;0.2947;0.8924;0.7177;309.7840;147.8412;74.0042
5.82;0.2946;0.8923;0.7178;309.7708;147.9202;73.8549
5.83;0.2946;0.8922;0.7177;309.7826;147.9680;73.8966
5.85;0.2944;0.8921;0.7178;309.7575;148.0229;73.8520
5.87;0.2943;0.8919;0.7178;309.7929;148.1426;73.7575
5.88;0.2941;0.8919;0.7179;309.7561;148.1734;73.7442
5.90;0.2941;0.8919;0.7180;309.7192;148.1808;73.8042
5.92;0.2940;0.8917;0.7180;309.7919;148.2387;73.7438
5.93;0.2939;0.8917;0.7182;309.7550;148.2462;73.7304
5.95;0.2939;0.8914;0.7181;309.8158;148.2564;73.7013
5.97;0.2939;0.8913;0.7182;309.8395;148.2271;73.6587
5.98;0.2939;0.8912;0.7182;309.8141;148.2589;73.6136
6.00;0.2938;0.8911;0.7182;309.8259;148.3067;73.5821
6.02;0.2936;0.8910;0.7183;309.8006;148.3622;73.5369
6.03;0.2938;0.8908;0.7183;309.8611;148.3253;73.5076
6.05;0.2937;0.8907;0.7183;309.8474;148.3815;73.4308
6.07;0.2937;0.8904;0.7183;309.9195;148.3686;73.3699
6.08;0.2936;0.8904;0.7185;309.8450;148.3848;73.3419
6.10;0.2935;0.8903;0.7185;309.8568;148.4325;73.3837
6.12;0.2936;0.8902;0.7186;309.8679;148.3796;73.3715
6.13;0.2935;0.8901;0.7186;309.8914;148.4515;73.2353
6.15;0.2934;0.8900;0.7187;309.8775;148.5081;73.2314
6.17;0.2934;0.8899;0.7189;309.9000;148.5031;73.1873
6.18;0.2934;0.8899;0.7189;309.9235;148.5749;73.1977
6.20;0.2933;0.8899;0.7190;309.8860;148.5835;73.1833
6.22;0.2934;0.8897;0.7190;309.9341;148.5459;73.2581
6.23;0.2935;0.8897;0.7192;309.9212;148.4216;73.3812
6.25;0.2935;0.8897;0.7193;309.8837;148.4303;73.4400
6.27;0.2934;0.8897;0.7194;309.8577;148.4632;73.3939
6.28;0.2935;0.8896;0.7194;309.9057;148.4258;73.5415
6.30;0.2935;0.8895;0.7195;309.9536;148.3884;73.5426
6.32;0.2935;0.8895;0.7196;309.9406;148.3116;73.5919
6.33;0.2935;0.8895;0.7196;309.9521;148.3593;73.6336
6.35;0.2934;0.8895;0.7197;309.9143;148.3681;73.6189
6.37;0.2934;0.8894;0.7199;309.9128;148.3155;73.7097
6.38;0.2934;0.8892;0.7199;309.9836;148.3504;73.7204
6.40;0.2935;0.8892;0.7201;309.9819;148.2745;73.7375
6.42;0.2936;0.8890;0.7201;310.0641;148.3101;73.7896
6.43;0.2935;0.8890;0.7201;310.0872;148.3819;73.7266
6.45;0.2935;0.8888;0.7202;310.1578;148.3929;73.7371
6.47;0.2937;0.8885;0.7201;310.2758;148.3198;73.7478
6.48;0.2937;0.8884;0.7201;310.2873;148.3438;73.7896
6.50;0.2938;0.8883;0.7200;310.3462;148.3071;73.8315
6.52;0.2938;0.8882;0.7200;310.3693;148.3549;73.8420
6.53;0.2938;0.8882;0.7201;310.3195;148.3169;73.8579
6.55;0.2939;0.8880;0.7201;310.3668;148.2563;73.9310
6.57;0.2939;0.8879;0.7200;310.3898;148.3041;73.9415
6.58;0.2940;0.8879;0.7202;310.3757;148.1818;73.9884
6.60;0.2940;0.8879;0.7203;310.3373;148.1677;73.9728
6.62;0.2938;0.8878;0.7202;310.3246;148.3001;73.8788
6.63;0.2940;0.8876;0.7201;310.3717;148.2395;73.9518
6.65;0.2938;0.8877;0.7202;310.2977;148.3102;73.9049
6.67;0.2938;0.8876;0.7202;310.3092;148.3341;73.8736
6.68;0.2936;0.8876;0.7203;310.2354;148.4286;73.8266
6.70;0.2934;0.8876;0.7203;310.2115;148.5608;73.7640
6.72;0.2932;0.8876;0.7203;310.1495;148.6561;73.6854
6.73;0.2932;0.8876;0.7204;310.0995;148.6185;73.7743
6.75;0.2930;0.8875;0.7204;310.0875;148.7752;73.6800
6.77;0.2927;0.8877;0.7206;309.9173;148.8941;73.5751
6.78;0.2926;0.8876;0.7207;309.8907;148.9285;73.6011
6.80;0.2925;0.8877;0.7208;309.8057;148.9764;73.5120
6.82;0.2923;0.8876;0.7207;309.7942;149.1103;73.4172
6.83;0.2923;0.8877;0.7209;309.7325;149.0723;73.5378
6.85;0.2920;0.8878;0.7210;309.6476;149.1675;73.4487
6.87;0.2919;0.8876;0.7210;309.6711;149.2397;73.3855
6.88;0.2919;0.8876;0.7211;309.6328;149.2268;73.4430
6.90;0.2919;0.8875;0.7210;309.6446;149.2511;73.4114
6.92;0.2917;0.8876;0.7212;309.5098;149.2858;73.4114
6.93;0.2917;0.8876;0.7213;309.4598;149.2484;73.3541
6.95;0.2915;0.8876;0.7214;309.3986;149.3461;73.3480
6.97;0.2913;0.8876;0.7215;309.3376;149.4675;73.2686
6.98;0.2913;0.8876;0.7216;309.2875;149.4302;73.2114
7.00;0.2912;0.8876;0.7217;309.2267;149.5285;73.2051
7.02;0.2911;0.8874;0.7216;309.2623;149.6023;73.1098
7.03;0.2910;0.8874;0.7217;309.1897;149.6762;73.0618
7.05;0.2908;0.8874;0.7219;309.0671;149.7134;73.0299
7.07;0.2908;0.8873;0.7219;309.0527;149.7507;72.9503
7.08;0.2906;0.8873;0.7220;308.9804;149.8252;72.9023
7.10;0.2906;0.8873;0.7221;308.9302;149.7884;72.9183
7.12;0.2905;0.8873;0.7221;308.8580;149.8632;72.8702
7.13;0.2905;0.8873;0.7223;308.8198;149.8512;72.8544
7.15;0.2903;0.8873;0.7225;308.6855;149.8644;72.8545
7.17;0.2902;0.8874;0.7225;308.6135;149.9397;72.8063
7.18;0.2902;0.8874;0.7227;308.5633;149.9028;72.8227
7.20;0.2899;0.8875;0.7228;308.4576;150.0891;72.7419
7.22;0.2897;0.8875;0.7230;308.3356;150.1280;72.7101
7.23;0.2897;0.8874;0.7229;308.3477;150.1533;72.6779
7.25;0.2895;0.8874;0.7231;308.2378;150.2178;72.6137
7.27;0.2895;0.8873;0.7232;308.2117;150.2319;72.5656
7.28;0.2894;0.8874;0.7233;308.1402;150.3083;72.5171
7.30;0.2892;0.8874;0.7236;307.9681;150.3116;72.4285
7.32;0.2892;0.8874;0.7239;307.8293;150.2270;72.5195
7.33;0.2892;0.8874;0.7241;307.7407;150.1791;72.5205
7.35;0.2890;0.8874;0.7244;307.5808;150.2321;72.4000
7.37;0.2889;0.8873;0.7246;307.5163;150.2365;72.4089
7.38;0.2889;0.8872;0.7246;307.4900;150.2519;72.3602
7.40;0.2887;0.8871;0.7249;307.3422;150.3087;72.2799
7.42;0.2886;0.8871;0.7252;307.1825;150.3398;72.1592
7.43;0.2885;0.8870;0.7253;307.1562;150.3559;72.1102
7.45;0.2884;0.8870;0.7256;306.9844;150.3849;72.1692
7.47;0.2883;0.8870;0.7258;306.9197;150.4149;72.1040
7.48;0.2882;0.8871;0.7259;306.8691;150.4019;72.1213
7.50;0.2880;0.8872;0.7261;306.7479;150.4915;72.0900
7.52;0.2878;0.8873;0.7263;306.6973;150.5256;72.1074
7.53;0.2877;0.8874;0.7265;306.6346;150.4857;72.1583
7.55;0.2876;0.8871;0.7267;306.5720;150.4691;72.2283
7.57;0.2875;0.8871;0.7268;306.5720;150.4691;72.1881
7.58;0.2875;0.8871;0.7268;306.5720;150.4691;72.1881
7.60;0.2875;0.8870;0.7269;306.5720;150.4691;72.1866
7.62;0.2875;0.8868;0.7270;306.5720;150.4691;72.1818
7.63;0.2874;0.8868;0.7270;306.5720;150.4691;72.1888
7.65;0.2874;0.8866;0.7271;306.5720;150.4691;72.1226
7.67;0.2873;0.8865;0.7272;306.5720;150.4691;72.2098
7.68;0.2873;0.8863;0.7273;306.5720;150.4691;72.2119
7.70;0.2873;0.8863;0.7274;306.5720;150.4691;72.2462
7.72;0.2872;0.8861;0.7275;306.5720;150.4691;72.1358
7.73;0.2872;0.8861;0.7275;306.5720;150.4691;72.1430
7.75;0.2871;0.8860;0.7275;306.5720;150.4691;72.1689
7.77;0.2871;0.8859;0.7276;306.5720;150.4691;72.2287
7.78;0.2871;0.8858;0.7276;306.5720;150.4691;72.2239
7.80;0.2871;0.8858;0.7277;306.5720;150.4691;72.1505
7.82;0.2871;0.8857;0.7277;306.5720;150.4691;72.1065
7.83;0.2870;0.8857;0.7277;306.5720;150.4691;72.1985
7.85;0.2870;0.8856;0.7278;306.5720;150.4691;72.2056
7.87;0.2870;0.8856;0.7278;306.5720;150.4691;72.1276
7.88;0.2870;0.8855;0.7279;306.5720;150.4691;72.1888
7.90;0.2870;0.8855;0.7279;306.5720;150.4691;72.1563
7.92;0.2869;0.8854;0.7279;306.5720;150.4691;72.1565
7.93;0.2869;0.8854;0.7279;306.5720;150.4691;72.1634
7.95;0.2869;0.8853;0.7280;306.5720;150.4691;72.1369
7.97;0.2869;0.8853;0.7280;306.5720;150.4691;72.0971
7.98;0.2869;0.8853;0.7280;306.5720;150.4691;72.0854
8.00;0.2869;0.8852;0.7280;306.5720;150.4691;72.0923
8.02;0.2868;0.8852;0.7281;306.5720;150.4691;72.0804
8.03;0.2868;0.8851;0.7281;306.5720;150.4691;72.0876
8.05;0.2868;0.8850;0.7281;306.5720;150.4691;72.0948
8.07;0.2868;0.8850;0.7282;306.5720;150.4691;72.1627
8.08;0.2868;0.8849;0.7283;306.5720;150.4691;72.0964
8.10;0.2867;0.8848;0.7283;306.5720;150.4691;72.1033
8.12;0.2867;0.8848;0.7283;306.5720;150.4691;72.0985
8.13;0.2867;0.8847;0.7283;306.5720;150.4691;72.0866
8.15;0.2867;0.8847;0.7284;306.5720;150.4691;72.0206
8.17;0.2867;0.8846;0.7284;306.5720;150.4691;71.9019
8.18;0.2867;0.8846;0.7284;306.5720;150.4691;71.9604
8.20;0.2866;0.8845;0.7285;306.5720;150.4691;71.6999
8.22;0.2866;0.8845;0.7285;306.5720;150.4691;71.6515
8.23;0.2866;0.8844;0.7285;306.5720;150.4691;71.5663
8.25;0.2865;0.8843;0.7286;306.5720;150.4691;71.4721
8.27;0.2865;0.8843;0.7286;306.5720;150.4691;71.3027
8.28;0.2865;0.8842;0.7287;306.5720;150.4691;71.3142
8.30;0.2865;0.8841;0.7287;306.5720;150.4691;71.2139
8.32;0.2864;0.8841;0.7288;306.5720;150.4691;71.0205
8.33;0.2864;0.8840;0.7288;306.5720;150.4691;70.9745
8.35;0.2864;0.8839;0.7289;306.5720;150.4691;70.8810
8.37;0.2863;0.8838;0.7289;306.5720;150.4691;70.7472
8.38;0.2863;0.8838;0.7290;306.5720;150.4691;70.7012
8.40;0.2863;0.8837;0.7290;306.5720;150.4691;70.6444
8.42;0.2863;0.8836;0.7291;306.5720;150.4691;70.5320
8.43;0.2863;0.8836;0.7291;306.5720;150.4691;70.5201
8.45;0.2862;0.8835;0.7292;306.5720;150.4691;70.4264
8.47;0.2862;0.8834;0.7292;306.5720;150.4691;70.4179
8.48;0.2862;0.8833;0.7293;306.5720;150.4691;70.3515
8.50;0.2862;0.8833;0.7293;306.5720;150.4691;70.2663
8.52;0.2861;0.8832;0.7293;306.5720;150.4691;70.2152
8.53;0.2861;0.8831;0.7294;306.5720;150.4691;70.1370
8.55;0.2860;0.8830;0.7295;306.5720;150.4691;70.0703
8.57;0.2860;0.8829;0.7296;306.5720;150.4691;69.9526
8.58;0.2859;0.8827;0.7297;306.5720;150.4691;69.8023
8.60;0.2859;0.8826;0.7297;306.5720;150.4691;69.7303
8.62;0.2858;0.8824;0.7299;306.5720;150.4691;69.6801
8.63;0.2858;0.8823;0.7299;306.5720;150.4691;69.5879
8.65;0.2857;0.8821;0.7300;306.5720;150.4691;69.6163
8.67;0.2857;0.8820;0.7301;306.5720;150.4691;69.5361
8.68;0.2856;0.8818;0.7302;306.5720;150.4691;69.4965
8.70;0.2856;0.8818;0.7303;306.5720;150.4691;69.4300
8.72;0.2855;0.8817;0.7303;306.5720;150.4691;69.3539
8.73;0.2855;0.8816;0.7304;306.5720;150.4691;69.3511
8.75;0.2855;0.8815;0.7304;306.5720;150.4691;69.3258
8.77;0.2855;0.8814;0.7305;306.5720;150.4691;69.2926
8.78;0.2854;0.8814;0.7305;306.5720;150.4691;69.2994
8.80;0.2854;0.8814;0.7305;306.5720;150.4691;69.2900
8.82;0.2854;0.8813;0.7306;306.5720;150.4691;69.2339
8.83;0.2854;0.8813;0.7306;306.5720;150.4691;69.2611
8.85;0.2854;0.8812;0.7307;306.5720;150.4691;69.1852
8.87;0.2853;0.8810;0.7307;306.5720;150.4691;69.1826
8.88;0.2853;0.8810;0.7308;306.5720;150.4691;69.2012
8.90;0.2852;0.8809;0.7308;306.5720;150.4691;69.1749
8.92;0.2852;0.8807;0.7309;306.5720;150.4691;69.1905
8.93;0.2852;0.8807;0.7310;306.5720;150.4691;69.1487
8.95;0.2851;0.8805;0.7311;306.5720;150.4691;69.2358
8.97;0.2850;0.8803;0.7312;306.5720;150.4691;69.2279
8.98;0.2850;0.8802;0.7313;306.5720;150.4691;69.2376
9.00;0.2849;0.8800;0.7314;306.5720;150.4691;69.2451
9.02;0.2849;0.8799;0.7314;306.5720;150.4691;69.2699
9.03;0.2848;0.8797;0.7316;306.5720;150.4691;69.3238
9.05;0.2848;0.8795;0.7317;306.5720;150.4691;69.3477
9.07;0.2847;0.8794;0.7318;306.5720;150.4691;69.3253
9.08;0.2847;0.8793;0.7319;306.5720;150.4691;69.3420
9.10;0.2847;0.8792;0.7319;306.5720;150.4691;69.3455
9.12;0.2846;0.8792;0.7319;306.5720;150.4691;69.3899
9.13;0.2846;0.8791;0.7320;306.5720;150.4691;69.3779
9.15;0.2846;0.8791;0.7320;306.5720;150.4691;69.3815
9.17;0.2846;0.8790;0.7320;306.5720;150.4691;69.3888
9.18;0.2846;0.8790;0.7320;306.5720;150.4691;69.4074
9.20;0.2846;0.8790;0.7320;306.5720;150.4691;69.4336
9.22;0.2845;0.8789;0.7321;306.5720;150.4691;69.3897
9.23;0.2845;0.8789;0.7321;306.5720;150.4691;69.4628
9.25;0.2845;0.8789;0.7321;306.5720;150.4691;69.4527
9.27;0.2845;0.8789;0.7321;306.5720;150.4691;69.4734
9.28;0.2845;0.8788;0.7322;306.5720;150.4691;69.3782
9.30;0.2845;0.8788;0.7322;306.5720;150.4691;69.4394
9.32;0.2845;0.8787;0.7322;306.5720;150.4691;69.3889
9.33;0.2845;0.8787;0.7322;306.5720;150.4691;69.3889
9.35;0.2845;0.8787;0.7322;306.5720;150.4691;69.4216
9.37;0.2845;0.8787;0.7322;306.5720;150.4691;69.4096
9.38;0.2844;0.8787;0.7323;306.5720;150.4691;69.4283
9.40;0.2844;0.8786;0.7323;306.5720;150.4691;69.4391
9.42;0.2844;0.8786;0.7323;306.5720;150.4691;69.4391
9.43;0.2844;0.8786;0.7323;306.5720;150.4691;69.4391
9.45;0.2844;0.8786;0.7323;306.5720;150.4691;69.4312
9.47;0.2844;0.8785;0.7323;306.5720;150.4691;69.4499
9.48;0.2844;0.8785;0.7324;306.5720;150.4691;69.4259
9.50;0.2844;0.8785;0.7324;306.5720;150.4691;69.4259
9.52;0.2844;0.8784;0.7324;306.5720;150.4691;69.4368
9.53;0.2843;0.8784;0.7324;306.5720;150.4691;69.3839
9.55;0.2843;0.8783;0.7325;306.5720;150.4691;69.4194
9.57;0.2843;0.8782;0.7325;306.5720;150.4691;69.4236
9.58;0.2843;0.8782;0.7326;306.5720;150.4691;69.3894
9.60;0.2842;0.8781;0.7326;306.5720;150.4691;69.4412
9.62;0.2842;0.8781;0.7327;306.5720;150.4691;69.4599
9.63;0.2842;0.8781;0.7327;306.5720;150.4691;69.4190
9.65;0.2842;0.8781;0.7327;306.5720;150.4691;69.4190
9.67;0.2842;0.8781;0.7327;306.5720;150.4691;69.4377
9.68;0.2842;0.8781;0.7327;306.5720;150.4691;69.4541
9.70;0.2842;0.8781;0.7327;306.5720;150.4691;69.5229
9.72;0.2842;0.8781;0.7327;306.5720;150.4691;69.4541
9.73;0.2842;0.8781;0.7327;306.5720;150.4691;69.4541
9.75;0.2842;0.8781;0.7327;306.5720;150.4691;69.4420
9.77;0.2842;0.8781;0.7327;306.5720;150.4691;69.4420
9.78;0.2842;0.8780;0.7327;306.5720;150.4691;69.4010
9.80;0.2842;0.8780;0.7327;306.5720;150.4691;69.3956
9.82;0.2842;0.8780;0.7327;306.5720;150.4691;69.4143
9.83;0.2842;0.8780;0.7327;306.5720;150.4691;69.4023
9.85;0.2842;0.8779;0.7328;306.5720;150.4691;69.4023
9.87;0.2842;0.8779;0.7328;306.5720;150.4691;69.3721
9.88;0.2841;0.8778;0.7328;306.5720;150.4691;69.3601
9.90;0.2841;0.8778;0.7328;306.5720;150.4691;69.3788
9.92;0.2841;0.8778;0.7328;306.5720;150.4691;69.3831
9.93;0.2841;0.8778;0.7328;306.5720;150.4691;69.4151
9.95;0.2841;0.8778;0.7328;306.5720;150.4691;69.3831
9.97;0.2841;0.8778;0.7328;306.5720;150.4691;69.3874
9.98;0.2841;0.8778;0.7328;306.5720;150.4691;69.3463
10.00;0.2841;0.8778;0.7328;306.5720;150.4691;69.4194
10.02;0.2841;0.8778;0.7328;306.5720;150.4691;69.3463
10.03;0.2841;0.8778;0.7328;306.5720;150.4691;69.3463
10.05;0.2841;0.8778;0.7329;306.5720;150.4691;69.3342
10.07;0.2841;0.8778;0.7329;306.5720;150.4691;69.3342
10.08;0.2841;0.8778;0.7329;306.5720;150.4691;69.3385
10.10;0.2841;0.8778;0.7329;306.5720;150.4691;69.3385
10.12;0.2841;0.8778;0.7329;306.5720;150.4691;69.3798
10.13;0.2841;0.8778;0.7329;306.5720;150.4691;69.3385
10.15;0.2841;0.8777;0.7329;306.5720;150.4691;69.3265
10.17;0.2841;0.8777;0.7329;306.5720;150.4691;69.3265
10.18;0.2841;0.8777;0.7329;306.5720;150.4691;69.3309
10.20;0.2841;0.8777;0.7329;306.5720;150.4691;69.3309
10.22;0.2841;0.8777;0.7329;306.5720;150.4691;69.3353
10.23;0.2841;0.8777;0.7329;306.5720;150.4691;69.3353
10.25;0.2841;0.8777;0.7329;306.5720;150.4691;69.4128
10.27;0.2841;0.8777;0.7329;306.5720;150.4691;69.3397
10.28;0.2841;0.8777;0.7329;306.5720;150.4691;69.3397
10.30;0.2841;0.8777;0.7329;306.5720;150.4691;69.3028
10.32;0.2841;0.8777;0.7329;306.5720;150.4691;69.3157
10.33;0.2841;0.8777;0.7329;306.5720;150.4691;69.2055
10.35;0.2841;0.8777;0.7329;306.5720;150.4691;69.2055
10.37;0.2841;0.8777;0.7329;306.5720;150.4691;69.1683
10.38;0.2841;0.8777;0.7329;306.5720;150.4691;69.1267
10.40;0.2841;0.8777;0.7329;306.5720;150.4691;69.1267
10.42;0.2841;0.8777;0.7329;306.5720;150.4691;69.0894
10.43;0.2841;0.8777;0.7329;306.5720;150.4691;69.0894
10.45;0.2841;0.8778;0.7329;306.5720;150.4691;69.0058
10.47;0.2841;0.8778;0.7329;306.5720;150.4691;69.0058
10.48;0.2841;0.8778;0.7328;306.5720;150.4691;68.9761
10.50;0.2841;0.8778;0.7328;306.5720;150.4691;68.9761
10.52;0.2841;0.8778;0.7328;306.5720;150.4691;69.0073
10.53;0.2841;0.8778;0.7328;306.5720;150.4691;68.8924
10.55;0.2841;0.8778;0.7328;306.5720;150.4691;68.8924
10.57;0.2841;0.8778;0.7328;306.5720;150.4691;68.8736
10.58;0.2841;0.8778;0.7328;306.5720;150.4691;68.8819
10.60;0.2841;0.8778;0.7328;306.5720;150.4691;68.8088
10.62;0.2841;0.8778;0.7328;306.5720;150.4691;68.8129
10.63;0.2841;0.8778;0.7328;306.5720;150.4691;68.8400
10.65;0.2841;0.8778;0.7328;306.5720;150.4691;68.7669
10.67;0.2841;0.8778;0.7328;306.5720;150.4691;68.7290
10.68;0.2841;0.8778;0.7328;306.5720;150.4691;68.8021
10.70;0.2841;0.8778;0.7328;306.5720;150.4691;68.7600
10.72;0.2841;0.8778;0.7328;306.5720;150.4691;68.6909
10.73;0.2841;0.8778;0.7328;306.5720;150.4691;68.6449
10.75;0.2841;0.8778;0.7328;306.5720;150.4691;68.6028
10.77;0.2841;0.8778;0.7328;306.5720;150.4691;68.5458
10.78;0.2841;0.8778;0.7328;306.5720;150.4691;68.5458
10.80;0.2841;0.8778;0.7328;306.5720;150.4691;68.5036
10.82;0.2841;0.8778;0.7328;306.5720;150.4691;68.4614
10.83;0.2841;0.8778;0.7328;306.5720;150.4691;68.4736
10.85;0.2841;0.8778;0.7328;306.5720;150.4691;68.4774
10.87;0.2841;0.8778;0.7328;306.5720;150.4691;68.5082
10.88;0.2841;0.8778;0.7328;306.5720;150.4691;68.3928
10.90;0.2841;0.8778;0.7328;306.5720;150.4691;68.3541
10.92;0.2841;0.8778;0.7328;306.5720;150.4691;68.2693
10.93;0.2841;0.8778;0.7328;306.5720;150.4691;68.3424
10.95;0.2841;0.8779;0.7328;306.5720;150.4691;68.2079
10.97;0.2841;0.8779;0.7328;306.5720;150.4691;68.2386
10.98;0.2841;0.8779;0.7328;306.5720;150.4691;68.2386
11.00;0.2841;0.8779;0.7328;306.5720;150.4691;68.2692
11.02;0.2841;0.8779;0.7328;306.5720;150.4691;68.3728
11.03;0.2841;0.8779;0.7328;306.5720;150.4691;68.4765
11.05;0.2841;0.8779;0.7328;306.5720;150.4691;68.6533
11.07;0.2842;0.8779;0.7328;306.5720;150.4691;68.7569
11.08;0.2842;0.8779;0.7328;306.5720;150.4691;68.7686
11.10;0.2842;0.8779;0.7328;306.5720;150.4691;68.8417
11.12;0.2842;0.8779;0.7328;306.5720;150.4691;68.8722
11.13;0.2842;0.8779;0.7328;306.5720;150.4691;68.9149
11.15;0.2842;0.8779;0.7328;306.5720;150.4691;68.9485
11.17;0.2842;0.8779;0.7328;306.5720;150.4691;68.9485
11.18;0.2842;0.8779;0.7328;306.5720;150.4691;68.9485
11.20;0.2842;0.8779;0.7328;306.5720;150.4691;68.9485
11.22;0.2842;0.8779;0.7328;306.5720;150.4691;69.0216
11.23;0.2842;0.8779;0.7328;306.5720;150.4691;69.0216
11.25;0.2842;0.8779;0.7328;306.5720;150.4691;68.9485
11.27;0.2842;0.8779;0.7328;306.5720;150.4691;69.0216
11.28;0.2842;0.8779;0.7327;306.5720;150.4691;69.0338
11.30;0.2842;0.8779;0.7327;306.5720;150.4691;69.0338
11.32;0.2842;0.8779;0.7327;306.5720;150.4691;69.0338
11.33;0.2842;0.8779;0.7327;306.5720;150.4691;69.0338
11.35;0.2842;0.8779;0.7327;306.5720;150.4691;69.0338
11.37;0.2842;0.8779;0.7327;306.5720;150.4691;69.0338
11.38;0.2842;0.8779;0.7327;306.5720;150.4691;69.0338
11.40;0.2842;0.8779;0.7327;306.5720;150.4691;69.0338
11.42;0.2842;0.8779;0.7327;306.5720;150.4691;68.9607
11.43;0.2842;0.8779;0.7327;306.5720;150.4691;69.0338
11.45;0.2842;0.8779;0.7327;306.5720;150.4691;69.0338
11.47;0.2842;0.8779;0.7327;306.5720;150.4691;69.0338
11.48;0.2842;0.8779;0.7327;306.5720;150.4691;69.0338
11.50;0.2842;0.8779;0.7327;306.5720;150.4691;69.0338
11.52;0.2842;0.8779;0.7327;306.5720;150.4691;69.0338
11.53;0.2842;0.8779;0.7327;306.5720;150.4691;69.0338
11.55;0.2842;0.8779;0.7327;306.5720;150.4691;69.0338
11.57;0.2842;0.8779;0.7327;306.5720;150.4691;69.1070
11.58;0.2842;0.8779;0.7327;306.5720;150.4691;69.0765
11.60;0.2842;0.8779;0.7327;306.5720;150.4691;69.1070
11.62;0.2842;0.8779;0.7327;306.5720;150.4691;69.0765
11.63;0.2842;0.8779;0.7327;306.5720;150.4691;69.0765
11.65;0.2842;0.8779;0.7327;306.5720;150.4691;69.0765
11.67;0.2842;0.8779;0.7327;306.5720;150.4691;69.0338
11.68;0.2842;0.8779;0.7327;306.5720;150.4691;69.0765
11.70;0.2842;0.8779;0.7327;306.5720;150.4691;69.1497
11.72;0.2842;0.8779;0.7327;306.5720;150.4691;69.0765
11.73;0.2842;0.8779;0.7328;306.5720;150.4691;69.2112
11.75;0.2842;0.8779;0.7328;306.5720;150.4691;69.1381
11.77;0.2842;0.8779;0.7328;306.5720;150.4691;69.1807
11.78;0.2842;0.8779;0.7328;306.5720;150.4691;69.1807
11.80;0.2842;0.8779;0.7328;306.5720;150.4691;69.2539
11.82;0.2842;0.8779;0.7328;306.5720;150.4691;69.2234
11.83;0.2842;0.8779;0.7328;306.5720;150.4691;69.2268
11.85;0.2842;0.8779;0.7328;306.5720;150.4691;69.2843
11.87;0.2842;0.8779;0.7328;306.5720;150.4691;69.2145
11.88;0.2842;0.8779;0.7328;306.5720;150.4691;69.3303
11.90;0.2842;0.8779;0.7328;306.5720;150.4691;69.2572
11.92;0.2842;0.8779;0.7328;306.5720;150.4691;69.2572
11.93;0.2842;0.8779;0.7328;306.5720;150.4691;69.2572
11.95;0.2842;0.8779;0.7328;306.5720;150.4691;69.2572
11.97;0.2841;0.8778;0.7328;306.5720;150.4691;69.2484
11.98;0.2841;0.8778;0.7328;306.5720;150.4691;69.3099
12.00;0.2841;0.8778;0.7328;306.5720;150.4691;69.3288
12.02;0.2841;0.8778;0.7328;306.5720;150.4691;69.4445
12.03;0.2841;0.8778;0.7328;306.5720;150.4691;69.3714
12.05;0.2841;0.8778;0.7328;306.5720;150.4691;69.3714
12.07;0.2841;0.8778;0.7328;306.5720;150.4691;69.4566
12.08;0.2841;0.8778;0.7328;306.5720;150.4691;69.5297
12.10;0.2841;0.8778;0.7328;306.5720;150.4691;69.4688
12.12;0.2841;0.8778;0.7328;306.5720;150.4691;69.4688
12.13;0.2841;0.8778;0.7328;306.5720;150.4691;69.4688
12.15;0.2841;0.8778;0.7328;306.5720;150.4691;69.4688
12.17;0.2841;0.8778;0.7328;306.5720;150.4691;69.5113
12.18;0.2841;0.8778;0.7328;306.5720;150.4691;69.4688
12.20;0.2841;0.8778;0.7328;306.5720;150.4691;69.5844
12.22;0.2841;0.8778;0.7328;306.5720;150.4691;69.4688
12.23;0.2841;0.8778;0.7328;306.5720;150.4691;69.4688
12.25;0.2841;0.8778;0.7328;306.5720;150.4691;69.5113
12.27;0.2841;0.8778;0.7328;306.5720;150.4691;69.5113
12.28;0.2841;0.8778;0.7328;306.5720;150.4691;69.5419
12.30;0.2841;0.8778;0.7328;306.5720;150.4691;69.5419
12.32;0.2841;0.8778;0.7328;306.5720;150.4691;69.4688
12.33;0.2841;0.8778;0.7328;306.5720;150.4691;69.5419
12.35;0.2841;0.8778;0.7328;306.5720;150.4691;69.4688
12.37;0.2841;0.8778;0.7328;306.5720;150.4691;69.5113
12.38;0.2841;0.8778;0.7328;306.5720;150.4691;69.4688
12.40;0.2841;0.8778;0.7328;306.5720;150.4691;69.5419
12.42;0.2841;0.8778;0.7328;306.5720;150.4691;69.4688
12.43;0.2841;0.8778;0.7328;306.5720;150.4691;69.5113
12.45;0.2841;0.8778;0.7328;306.5720;150.4691;69.4688
12.47;0.2841;0.8778;0.7328;306.5720;150.4691;69.5419
12.48;0.2841;0.8778;0.7328;306.5720;150.4691;69.4688
12.50;0.2841;0.8778;0.7328;306.5720;150.4691;69.5419
12.52;0.2841;0.8778;0.7328;306.5720;150.4691;69.5113
12.53;0.2841;0.8778;0.7328;306.5720;150.4691;69.5113
12.55;0.2841;0.8778;0.7328;306.5720;150.4691;69.4688
12.57;0.2841;0.8778;0.7328;306.5720;150.4691;69.5419
12.58;0.2841;0.8778;0.7328;306.5720;150.4691;69.4688
12.60;0.2841;0.8778;0.7328;306.5720;150.4691;69.5151
12.62;0.2841;0.8778;0.7328;306.5720;150.4691;69.4688
12.63;0.2841;0.8778;0.7328;306.5720;150.4691;69.4688
12.65;0.2841;0.8778;0.7328;306.5720;150.4691;69.5419
12.67;0.2841;0.8778;0.7328;306.5720;150.4691;69.4688
12.68;0.2841;0.8778;0.7328;306.5720;150.4691;69.5151
12.70;0.2841;0.8778;0.7328;306.5720;150.4691;69.5419
12.72;0.2841;0.8778;0.7328;306.5720;150.4691;69.4962
12.73;0.2841;0.8778;0.7328;306.5720;150.4691;69.4962
12.75;0.2841;0.8778;0.7328;306.5720;150.4691;69.4499
12.77;0.2841;0.8778;0.7328;306.5720;150.4691;69.5655
12.78;0.2841;0.8778;0.7328;306.5720;150.4691;69.5655
12.80;0.2841;0.8778;0.7328;306.5720;150.4691;69.4499
12.82;0.2841;0.8778;0.7328;306.5720;150.4691;69.4924
12.83;0.2841;0.8778;0.7328;306.5720;150.4691;69.4499
12.85;0.2841;0.8779;0.7328;306.5720;150.4691;69.5046
12.87;0.2842;0.8779;0.7328;306.5720;150.4691;69.4621
12.88;0.2842;0.8779;0.7328;306.5720;150.4691;69.4621
12.90;0.2842;0.8779;0.7328;306.5720;150.4691;69.5168
12.92;0.2842;0.8779;0.7328;306.5720;150.4691;69.5474
12.93;0.2842;0.8780;0.7327;306.5720;150.4691;69.6022
12.95;0.2842;0.8780;0.7327;306.5720;150.4691;69.4987
12.97;0.2842;0.8780;0.7327;306.5720;150.4691;69.5840
12.98;0.2842;0.8780;0.7327;306.5720;150.4691;69.6199
13.00;0.2842;0.8781;0.7327;306.5720;150.4691;69.5590
13.02;0.2842;0.8781;0.7326;306.5720;150.4691;69.5409
13.03;0.2843;0.8781;0.7326;306.5720;150.4691;69.5919
13.05;0.2843;0.8782;0.7325;306.5720;150.4691;69.5786
13.07;0.2844;0.8784;0.7324;306.5720;150.4691;69.5897
13.08;0.2844;0.8785;0.7324;306.5720;150.4691;69.5405
13.10;0.2844;0.8786;0.7323;306.5720;150.4691;69.5818
13.12;0.2845;0.8788;0.7322;306.5720;150.4691;69.5224
13.13;0.2845;0.8788;0.7322;306.5720;150.4691;69.5459
13.15;0.2845;0.8789;0.7321;306.5720;150.4691;69.5410
13.17;0.2846;0.8790;0.7321;306.5720;150.4691;69.5691
13.18;0.2846;0.8792;0.7320;306.5720;150.4691;69.4907
13.20;0.2846;0.8792;0.7319;306.5720;150.4691;69.4683
13.22;0.2847;0.8794;0.7318;306.5720;150.4691;69.4135
13.23;0.2847;0.8794;0.7318;306.5720;150.4691;69.4677
13.25;0.2848;0.8796;0.7317;306.5720;150.4691;69.3710
13.27;0.2849;0.8798;0.7315;306.5720;150.4691;69.3751
13.28;0.2849;0.8800;0.7314;306.5720;150.4691;69.3936
13.30;0.2850;0.8801;0.7314;306.5720;150.4691;69.3714
13.32;0.2850;0.8803;0.7312;306.5720;150.4691;69.3446
13.33;0.2851;0.8804;0.7311;306.5720;150.4691;69.3292
13.35;0.2852;0.8807;0.7310;306.5720;150.4691;69.3581
13.37;0.2853;0.8810;0.7308;306.5720;150.4691;69.3371
13.38;0.2853;0.8811;0.7307;306.5720;150.4691;69.3593
