17.45;0.2857;0.8887;0.7280;305.7351;151.0938;86.4250
17.47;0.2856;0.8888;0.7282;305.6728;151.0515;86.4052
17.48;0.2857;0.8888;0.7283;305.6549;150.9469;86.4581
17.50;0.2857;0.8888;0.7283;305.6549;150.9469;86.4581
17.52;0.2858;0.8889;0.7285;305.6251;150.8144;86.6185
17.53;0.2857;0.8889;0.7285;305.6251;150.8616;86.5453
17.55;0.2857;0.8889;0.7285;305.6251;150.8851;86.6185
17.57;0.2858;0.8889;0.7287;305.5954;150.7525;86.6325
17.58;0.2857;0.8885;0.7286;305.6576;150.8189;86.6374
17.60;0.2857;0.8885;0.7286;305.6576;150.8189;86.6374
17.62;0.2856;0.8885;0.7288;305.6576;150.8189;86.6476
17.63;0.2856;0.8885;0.7288;305.6576;150.8189;86.6433
17.65;0.2856;0.8883;0.7289;305.6576;150.8189;86.5542
17.67;0.2855;0.8883;0.7289;305.6576;150.8189;86.6349
17.68;0.2855;0.8882;0.7290;305.6576;150.8189;86.6307
17.70;0.2855;0.8882;0.7290;305.6576;150.8189;86.6307
17.72;0.2855;0.8881;0.7290;305.6576;150.8189;86.6074
17.73;0.2855;0.8880;0.7291;305.6576;150.8189;86.5814
17.75;0.2854;0.8880;0.7291;305.6576;150.8189;86.5683
17.77;0.2854;0.8879;0.7291;305.6576;150.8189;86.6607
17.78;0.2854;0.8879;0.7292;305.6576;150.8189;86.6066
17.80;0.2854;0.8879;0.7292;305.6576;150.8189;86.6066
17.82;0.2854;0.8878;0.7292;305.6576;150.8189;86.6682
17.83;0.2854;0.8878;0.7292;305.6576;150.8189;86.5950
17.85;0.2854;0.8878;0.7292;305.6576;150.8189;86.5718
17.87;0.2854;0.8877;0.7293;305.6576;150.8189;86.5601
17.88;0.2853;0.8877;0.7293;305.6576;150.8189;86.6527
17.90;0.2853;0.8877;0.7293;305.6576;150.8189;86.6527
17.92;0.2853;0.8877;0.7293;305.6576;150.8189;86.5988
17.93;0.2853;0.8876;0.7293;305.6576;150.8189;86.6065
17.95;0.2853;0.8876;0.7294;305.6576;150.8189;86.6143
17.97;0.2853;0.8875;0.7294;305.6576;150.8189;86.6029
17.98;0.2853;0.8875;0.7294;305.6576;150.8189;86.6107
18.00;0.2853;0.8875;0.7294;305.6576;150.8189;86.6107
18.02;0.2853;0.8874;0.7294;305.6576;150.8189;86.6727
18.03;0.2852;0.8874;0.7295;305.6576;150.8189;86.6190
18.05;0.2852;0.8874;0.7295;305.6576;150.8189;86.6270
18.07;0.2852;0.8873;0.7295;305.6576;150.8189;86.7199
18.08;0.2852;0.8873;0.7295;305.6576;150.8189;86.6546
18.10;0.2852;0.8873;0.7295;305.6576;150.8189;86.6546
18.12;0.2852;0.8872;0.7296;305.6576;150.8189;86.7072
18.13;0.2852;0.8872;0.7296;305.6576;150.8189;86.6420
18.15;0.2851;0.8871;0.7297;305.6576;150.8189;86.6191
18.17;0.2851;0.8871;0.7297;305.6576;150.8189;86.6603
18.18;0.2851;0.8870;0.7297;305.6576;150.8189;86.6279
18.20;0.2851;0.8870;0.7297;305.6576;150.8189;86.6279
18.22;0.2851;0.8870;0.7297;305.6576;150.8189;86.6361
18.23;0.2851;0.8869;0.7298;305.6576;150.8189;86.6775
18.25;0.2851;0.8869;0.7298;305.6576;150.8189;86.6548
18.27;0.2851;0.8869;0.7298;305.6576;150.8189;86.6141
18.28;0.2850;0.8868;0.7298;305.6576;150.8189;86.6023
18.30;0.2850;0.8868;0.7298;305.6576;150.8189;86.6023
18.32;0.2850;0.8868;0.7298;305.6576;150.8189;86.6439
18.33;0.2850;0.8868;0.7298;305.6576;150.8189;86.6042
18.35;0.2850;0.8868;0.7299;305.6576;150.8189;86.6115
18.37;0.2850;0.8868;0.7299;305.6576;150.8189;86.6125
18.38;0.2850;0.8867;0.7299;305.6576;150.8189;86.6606
18.40;0.2850;0.8867;0.7299;305.6576;150.8189;86.6606
18.42;0.2850;0.8867;0.7299;305.6576;150.8189;86.6281
18.43;0.2850;0.8866;0.7300;305.6576;150.8189;86.6644
18.45;0.2849;0.8865;0.7301;305.6576;150.8189;86.6801
18.47;0.2849;0.8864;0.7301;305.6576;150.8189;86.6274
18.48;0.2849;0.8863;0.7301;305.6576;150.8189;86.6561
18.50;0.2849;0.8863;0.7301;305.6576;150.8189;86.6561
18.52;0.2848;0.8862;0.7302;305.6576;150.8189;86.6718
18.53;0.2848;0.8861;0.7303;305.6576;150.8189;86.6362
18.55;0.2847;0.8859;0.7304;305.6576;150.8189;86.7147
18.57;0.2847;0.8859;0.7304;305.6576;150.8189;86.6822
18.58;0.2847;0.8858;0.7305;305.6576;150.8189;86.7511
18.60;0.2847;0.8858;0.7305;305.6576;150.8189;86.7511
18.62;0.2846;0.8856;0.7306;305.6576;150.8189;86.7990
18.63;0.2846;0.8855;0.7306;305.6576;150.8189;86.8081
18.65;0.2845;0.8854;0.7307;305.6576;150.8189;86.8035
18.67;0.2845;0.8854;0.7307;305.6576;150.8189;86.7931
18.68;0.2845;0.8853;0.7308;305.6576;150.8189;86.8108
18.70;0.2845;0.8853;0.7308;305.6576;150.8189;86.8108
18.72;0.2845;0.8852;0.7308;305.6576;150.8189;86.8197
18.73;0.2844;0.8851;0.7309;305.6576;150.8189;86.7986
18.75;0.2844;0.8851;0.7309;305.6576;150.8189;86.8375
18.77;0.2844;0.8849;0.7310;305.6576;150.8189;86.8358
18.78;0.2844;0.8849;0.7310;305.6576;150.8189;86.7722
18.80;0.2844;0.8849;0.7310;305.6576;150.8189;86.7722
18.82;0.2843;0.8848;0.7311;305.6576;150.8189;86.7622
18.83;0.2843;0.8848;0.7311;305.6576;150.8189;86.7641
18.85;0.2843;0.8848;0.7311;305.6576;150.8189;86.8372
18.87;0.2844;0.8849;0.7310;305.6576;150.8189;86.7449
18.88;0.2844;0.8849;0.7310;305.6576;150.8189;86.7377
18.90;0.2844;0.8849;0.7310;305.6576;150.8189;86.7377
18.92;0.2844;0.8849;0.7310;305.6576;150.8189;86.7692
18.93;0.2844;0.8849;0.7310;305.6576;150.8189;86.7500
18.95;0.2844;0.8849;0.7310;305.6576;150.8189;86.7692
18.97;0.2844;0.8849;0.7310;305.6576;150.8189;86.7692
18.98;0.2844;0.8849;0.7310;305.6576;150.8189;86.7692
19.00;0.2844;0.8849;0.7310;305.6576;150.8189;86.7692
19.02;0.2844;0.8849;0.7310;305.6576;150.8189;86.7883
19.03;0.2844;0.8849;0.7310;305.6576;150.8189;86.7152
19.05;0.2844;0.8849;0.7310;305.6576;150.8189;86.7883
19.07;0.2844;0.8849;0.7310;305.6576;150.8189;86.7151
19.08;0.2844;0.8849;0.7310;305.6576;150.8189;86.7883
19.10;0.2844;0.8849;0.7310;305.6576;150.8189;86.7883
19.12;0.2844;0.8849;0.7310;305.6576;150.8189;86.6837
19.13;0.2844;0.8849;0.7310;305.6576;150.8189;86.7151
19.15;0.2844;0.8849;0.7310;305.6576;150.8189;86.6837
19.17;0.2844;0.8849;0.7310;305.6576;150.8189;86.6297
19.18;0.2844;0.8849;0.7310;305.6576;150.8189;86.6297
19.20;0.2844;0.8849;0.7310;305.6576;150.8189;86.6297
19.22;0.2844;0.8849;0.7310;305.6576;150.8189;86.6713
19.23;0.2844;0.8849;0.7310;305.6576;150.8189;86.6713
19.25;0.2844;0.8849;0.7310;305.6576;150.8189;86.6398
19.27;0.2844;0.8849;0.7310;305.6576;150.8189;86.6398
19.28;0.2844;0.8849;0.7310;305.6576;150.8189;86.6814
19.30;0.2844;0.8849;0.7310;305.6576;150.8189;86.6814
19.32;0.2844;0.8849;0.7310;305.6576;150.8189;86.6814
19.33;0.2844;0.8849;0.7310;305.6576;150.8189;86.6082
19.35;0.2844;0.8849;0.7310;305.6576;150.8189;86.6082
19.37;0.2844;0.8849;0.7310;305.6576;150.8189;86.6082
19.38;0.2844;0.8849;0.7310;305.6576;150.8189;86.5787
19.40;0.2844;0.8849;0.7310;305.6576;150.8189;86.5787
19.42;0.2844;0.8849;0.7310;305.6576;150.8189;86.5787
19.43;0.2844;0.8849;0.7310;305.6576;150.8189;86.5450
19.45;0.2844;0.8849;0.7310;305.6576;150.8189;86.5450
19.47;0.2843;0.8848;0.7311;305.6576;150.8189;86.4910
19.48;0.2843;0.8848;0.7311;305.6576;150.8189;86.4931
19.50;0.2843;0.8848;0.7311;305.6576;150.8189;86.4931
19.52;0.2843;0.8848;0.7311;305.6576;150.8189;86.5123
19.53;0.2843;0.8848;0.7311;305.6576;150.8189;86.5854
19.55;0.2843;0.8848;0.7311;305.6576;150.8189;86.5314
19.57;0.2843;0.8848;0.7311;305.6576;150.8189;86.5802
19.58;0.2843;0.8848;0.7311;305.6576;150.8189;86.5071
19.60;0.2843;0.8848;0.7311;305.6576;150.8189;86.5071
19.62;0.2843;0.8848;0.7311;305.6576;150.8189;86.5262
19.63;0.2843;0.8848;0.7311;305.6576;150.8189;86.4552
19.65;0.2843;0.8848;0.7311;305.6576;150.8189;86.4552
19.67;0.2843;0.8848;0.7311;305.6576;150.8189;86.4552
19.68;0.2843;0.8848;0.7311;305.6576;150.8189;86.4552
19.70;0.2843;0.8848;0.7311;305.6576;150.8189;86.4552
19.72;0.2843;0.8847;0.7311;305.6576;150.8189;86.4433
19.73;0.2843;0.8847;0.7312;305.6576;150.8189;86.3605
19.75;0.2843;0.8847;0.7312;305.6576;150.8189;86.4528
19.77;0.2843;0.8847;0.7312;305.6576;150.8189;86.4409
19.78;0.2843;0.8846;0.7312;305.6576;150.8189;86.4600
19.80;0.2843;0.8846;0.7312;305.6576;150.8189;86.4600
19.82;0.2842;0.8846;0.7312;305.6576;150.8189;86.3941
19.83;0.2842;0.8846;0.7312;305.6576;150.8189;86.4695
19.85;0.2842;0.8845;0.7313;305.6576;150.8189;86.3845
19.87;0.2842;0.8845;0.7313;305.6576;150.8189;86.4036
19.88;0.2842;0.8844;0.7313;305.6576;150.8189;86.3917
19.90;0.2842;0.8844;0.7313;305.6576;150.8189;86.3917
19.92;0.2842;0.8844;0.7313;305.6576;150.8189;86.3381
19.93;0.2842;0.8844;0.7314;305.6576;150.8189;86.2828
19.95;0.2842;0.8843;0.7314;305.6576;150.8189;86.3042
19.97;0.2842;0.8843;0.7314;305.6576;150.8189;86.3042
19.98;0.2842;0.8843;0.7314;305.6576;150.8189;86.3065
20.00;0.2842;0.8843;0.7314;305.6576;150.8189;86.3065
20.02;0.2841;0.8843;0.7314;305.6576;150.8189;86.3965
20.03;0.2841;0.8843;0.7314;305.6576;150.8189;86.3448
20.05;0.2841;0.8842;0.7314;305.6576;150.8189;86.3640
20.07;0.2841;0.8842;0.7314;305.6576;150.8189;86.3544
20.08;0.2841;0.8842;0.7315;305.6576;150.8189;86.3712
20.10;0.2841;0.8842;0.7315;305.6576;150.8189;86.3712
20.12;0.2841;0.8842;0.7315;305.6576;150.8189;86.2980
20.13;0.2841;0.8842;0.7315;305.6576;150.8189;86.2980
20.15;0.2841;0.8842;0.7315;305.6576;150.8189;86.3195
20.17;0.2841;0.8842;0.7315;305.6576;150.8189;86.3195
20.18;0.2841;0.8842;0.7315;305.6576;150.8189;86.3195
20.20;0.2841;0.8842;0.7315;305.6576;150.8189;86.3195
20.22;0.2841;0.8842;0.7315;305.6576;150.8189;86.2464
20.23;0.2841;0.8842;0.7315;305.6576;150.8189;86.3387
20.25;0.2841;0.8841;0.7315;305.6576;150.8189;86.2536
20.27;0.2841;0.8841;0.7315;305.6576;150.8189;86.2728
20.28;0.2841;0.8841;0.7315;305.6576;150.8189;86.2632
20.30;0.2841;0.8841;0.7315;305.6576;150.8189;86.2632
20.32;0.2841;0.8841;0.7316;305.6576;150.8189;86.2800
20.33;0.2841;0.8840;0.7316;305.6576;150.8189;86.2824
20.35;0.2840;0.8840;0.7316;305.6576;150.8189;86.2896
20.37;0.2840;0.8839;0.7316;305.6576;150.8189;86.2968
20.38;0.2840;0.8839;0.7317;305.6576;150.8189;86.2142
20.40;0.2840;0.8839;0.7317;305.6576;150.8189;86.2142
20.42;0.2840;0.8838;0.7317;305.6576;150.8189;86.2921
20.43;0.2840;0.8838;0.7317;305.6576;150.8189;86.2214
20.45;0.2839;0.8837;0.7318;305.6576;150.8189;86.2382
20.47;0.2839;0.8837;0.7318;305.6576;150.8189;86.3114
20.48;0.2839;0.8837;0.7318;305.6576;150.8189;86.2574
20.50;0.2839;0.8837;0.7318;305.6576;150.8189;86.2574
20.52;0.2839;0.8836;0.7318;305.6576;150.8189;86.2455
20.53;0.2839;0.8836;0.7318;305.6576;150.8189;86.2336
20.55;0.2839;0.8836;0.7319;305.6576;150.8189;86.1821
20.57;0.2839;0.8836;0.7319;305.6576;150.8189;86.2240
20.58;0.2839;0.8835;0.7319;305.6576;150.8189;86.1701
20.60;0.2839;0.8835;0.7319;305.6576;150.8189;86.1701
20.62;0.2839;0.8835;0.7319;305.6576;150.8189;86.1701
20.63;0.2839;0.8835;0.7319;305.6576;150.8189;86.1726
20.65;0.2839;0.8835;0.7319;305.6576;150.8189;86.1726
20.67;0.2839;0.8835;0.7319;305.6576;150.8189;86.1607
20.68;0.2839;0.8835;0.7319;305.6576;150.8189;86.0875
20.70;0.2839;0.8835;0.7319;305.6576;150.8189;86.0875
20.72;0.2839;0.8835;0.7319;305.6576;150.8189;86.2027
20.73;0.2839;0.8835;0.7319;305.6576;150.8189;86.1607
20.75;0.2838;0.8834;0.7320;305.6576;150.8189;86.1368
20.77;0.2838;0.8834;0.7320;305.6576;150.8189;86.1559
20.78;0.2838;0.8834;0.7320;305.6576;150.8189;86.0854
20.80;0.2838;0.8834;0.7320;305.6576;150.8189;86.0854
20.82;0.2838;0.8834;0.7320;305.6576;150.8189;86.1045
20.83;0.2838;0.8833;0.7320;305.6576;150.8189;86.1848
20.85;0.2838;0.8833;0.7320;305.6576;150.8189;86.0998
20.87;0.2838;0.8833;0.7320;305.6576;150.8189;86.1023
20.88;0.2838;0.8833;0.7321;305.6576;150.8189;86.1946
20.90;0.2838;0.8833;0.7321;305.6576;150.8189;86.1946
20.92;0.2838;0.8832;0.7321;305.6576;150.8189;86.1972
20.93;0.2838;0.8832;0.7321;305.6576;150.8189;86.1853
20.95;0.2838;0.8832;0.7321;305.6576;150.8189;86.1879
20.97;0.2838;0.8832;0.7321;305.6576;150.8189;86.1853
20.98;0.2838;0.8832;0.7321;305.6576;150.8189;86.1879
21.00;0.2838;0.8832;0.7321;305.6576;150.8189;86.1878
21.02;0.2838;0.8832;0.7321;305.6576;150.8189;86.1878
21.03;0.2838;0.8832;0.7321;305.6576;150.8189;86.1878
21.05;0.2838;0.8832;0.7321;305.6576;150.8189;86.1878
21.07;0.2838;0.8832;0.7321;305.6576;150.8189;86.1878
21.08;0.2838;0.8832;0.7321;305.6576;150.8189;86.1878
21.10;0.2838;0.8832;0.7321;305.6576;150.8189;86.1878
21.12;0.2838;0.8832;0.7321;305.6576;150.8189;86.1878
21.13;0.2838;0.8832;0.7321;305.6576;150.8189;86.1878
21.15;0.2838;0.8832;0.7321;305.6576;150.8189;86.1174
21.17;0.2838;0.8832;0.7321;305.6576;150.8189;86.2070
21.18;0.2838;0.8832;0.7321;305.6576;150.8189;86.2070
21.20;0.2838;0.8832;0.7321;305.6576;150.8189;86.2070
21.22;0.2838;0.8832;0.7321;305.6576;150.8189;86.2070
21.23;0.2838;0.8832;0.7321;305.6576;150.8189;86.1339
21.25;0.2838;0.8832;0.7321;305.6576;150.8189;86.2097
21.27;0.2838;0.8832;0.7321;305.6576;150.8189;86.2097
21.28;0.2838;0.8832;0.7321;305.6576;150.8189;86.2097
21.30;0.2838;0.8832;0.7321;305.6576;150.8189;86.2097
21.32;0.2838;0.8832;0.7321;305.6576;150.8189;86.2097
21.33;0.2838;0.8832;0.7321;305.6576;150.8189;86.2097
21.35;0.2838;0.8832;0.7321;305.6576;150.8189;86.1365
21.37;0.2838;0.8832;0.7321;305.6576;150.8189;86.2097
21.38;0.2838;0.8832;0.7321;305.6576;150.8189;86.2097
21.40;0.2838;0.8832;0.7321;305.6576;150.8189;86.2097
21.42;0.2838;0.8832;0.7321;305.6576;150.8189;86.2097
21.43;0.2838;0.8832;0.7321;305.6576;150.8189;86.1365
21.45;0.2838;0.8832;0.7321;305.6576;150.8189;86.2096
21.47;0.2838;0.8832;0.7321;305.6576;150.8189;86.2096
21.48;0.2838;0.8832;0.7321;305.6576;150.8189;86.2096
21.50;0.2838;0.8832;0.7321;305.6576;150.8189;86.2096
21.52;0.2838;0.8832;0.7321;305.6576;150.8189;86.2096
21.53;0.2838;0.8832;0.7321;305.6576;150.8189;86.2096
21.55;0.2838;0.8832;0.7321;305.6576;150.8189;86.2096
21.57;0.2838;0.8832;0.7321;305.6576;150.8189;86.1365
21.58;0.2838;0.8832;0.7321;305.6576;150.8189;86.2096
21.60;0.2838;0.8832;0.7321;305.6576;150.8189;86.2096
21.62;0.2838;0.8832;0.7321;305.6576;150.8190;86.1932
21.63;0.2838;0.8832;0.7321;305.6576;150.8190;86.1904
21.65;0.2838;0.8832;0.7321;305.6576;150.8190;86.1904
21.67;0.2838;0.8832;0.7321;305.6576;150.8190;86.1904
21.68;0.2838;0.8832;0.7321;305.6576;150.8190;86.1904
21.70;0.2838;0.8832;0.7321;305.6576;150.8190;86.1904
21.72;0.2838;0.8832;0.7321;305.6576;150.8190;86.1904
21.73;0.2838;0.8832;0.7321;305.6576;150.8189;86.1201
21.75;0.2838;0.8832;0.7321;305.6576;150.8189;86.1201
21.77;0.2838;0.8832;0.7321;305.6576;150.8189;86.1174
21.78;0.2838;0.8832;0.7321;305.6576;150.8189;86.0634
21.80;0.2838;0.8832;0.7321;305.6576;150.8189;86.0634
21.82;0.2838;0.8832;0.7321;305.6576;150.8189;86.1056
21.83;0.2838;0.8832;0.7321;305.6576;150.8189;86.0634
21.85;0.2838;0.8832;0.7321;305.6576;150.8190;86.0325
21.87;0.2838;0.8832;0.7321;305.6576;150.8189;86.0661
21.88;0.2838;0.8832;0.7321;305.6576;150.8189;85.9930
21.90;0.2838;0.8832;0.7321;305.6576;150.8189;85.9930
21.92;0.2838;0.8832;0.7321;305.6576;150.8190;85.9903
21.93;0.2838;0.8832;0.7321;305.6576;150.8190;86.0352
21.95;0.2838;0.8832;0.7321;305.6576;150.8190;86.0325
21.97;0.2838;0.8832;0.7321;305.6576;150.8190;86.0161
21.98;0.2838;0.8832;0.7321;305.6576;150.8190;85.9852
22.00;0.2838;0.8832;0.7321;305.6576;150.8190;85.9852
22.02;0.2838;0.8832;0.7321;305.6576;150.8190;85.9430
22.03;0.2838;0.8832;0.7321;305.6576;150.8190;85.9430
22.05;0.2838;0.8832;0.7321;305.6576;150.8190;86.0161
22.07;0.2838;0.8832;0.7321;305.6576;150.8190;86.0161
22.08;0.2838;0.8832;0.7321;305.6576;150.8190;85.9852
22.10;0.2838;0.8832;0.7321;305.6576;150.8190;85.9852
22.12;0.2838;0.8832;0.7321;305.6576;150.8190;86.0161
22.13;0.2838;0.8832;0.7321;305.6576;150.8190;85.9971
22.15;0.2838;0.8832;0.7321;305.6576;150.8190;86.0280
22.17;0.2838;0.8832;0.7321;305.6576;150.8190;86.0000
22.18;0.2838;0.8832;0.7321;305.6576;150.8190;86.0000
22.20;0.2838;0.8832;0.7321;305.6576;150.8190;86.0000
22.22;0.2838;0.8832;0.7321;305.6576;150.8189;85.9550
22.23;0.2838;0.8832;0.7321;305.6576;150.8190;86.0702
22.25;0.2838;0.8832;0.7321;305.6576;150.8189;85.9769
22.27;0.2838;0.8832;0.7321;305.6576;150.8189;86.0500
22.28;0.2838;0.8832;0.7321;305.6576;150.8189;86.0500
22.30;0.2838;0.8832;0.7321;305.6576;150.8189;86.0500
22.32;0.2838;0.8832;0.7321;305.6576;150.8189;86.0191
22.33;0.2838;0.8832;0.7321;305.6576;150.8189;86.0500
22.35;0.2838;0.8832;0.7321;305.6576;150.8189;86.0191
22.37;0.2838;0.8832;0.7321;305.6576;150.8189;86.0191
22.38;0.2838;0.8832;0.7321;305.6576;150.8189;86.0000
22.40;0.2838;0.8832;0.7321;305.6576;150.8189;86.0000
22.42;0.2838;0.8832;0.7321;305.6576;150.8189;86.0309
22.43;0.2838;0.8832;0.7321;305.6576;150.8189;85.9578
22.45;0.2838;0.8832;0.7321;305.6576;150.8190;86.0000
22.47;0.2838;0.8832;0.7321;305.6576;150.8190;86.0000
22.48;0.2838;0.8832;0.7321;305.6576;150.8190;86.0000
22.50;0.2838;0.8832;0.7321;305.6576;150.8190;86.0000
22.52;0.2838;0.8832;0.7321;305.6576;150.8190;86.0000
22.53;0.2838;0.8832;0.7321;305.6576;150.8189;85.9578
22.55;0.2838;0.8832;0.7321;305.6576;150.8190;86.0000
22.57;0.2838;0.8832;0.7321;305.6576;150.8190;86.0000
22.58;0.2838;0.8832;0.7321;305.6576;150.8190;86.0000
22.60;0.2838;0.8832;0.7321;305.6576;150.8190;86.0000
22.62;0.2838;0.8832;0.7321;305.6576;150.8190;86.0000
22.63;0.2838;0.8832;0.7321;305.6576;150.8189;85.9578
22.65;0.2838;0.8832;0.7321;305.6576;150.8189;85.9578
22.67;0.2838;0.8832;0.7321;305.6576;150.8189;85.9578
22.68;0.2838;0.8832;0.7321;305.6576;150.8190;86.0000
22.70;0.2838;0.8832;0.7321;305.6576;150.8190;86.0000
22.72;0.2838;0.8832;0.7321;305.6576;150.8189;86.0381
22.73;0.2838;0.8832;0.7321;305.6576;150.8190;85.9650
22.75;0.2838;0.8832;0.7321;305.6576;150.8190;86.0381
22.77;0.2838;0.8832;0.7321;305.6576;150.8190;86.0263
22.78;0.2838;0.8832;0.7321;305.6576;150.8190;85.9841
22.80;0.2838;0.8832;0.7321;305.6576;150.8190;85.9841
22.82;0.2838;0.8832;0.7321;305.6576;150.8190;86.0263
22.83;0.2838;0.8832;0.7321;305.6576;150.8189;85.9841
22.85;0.2838;0.8832;0.7321;305.6576;150.8189;85.9841
22.87;0.2838;0.8832;0.7321;305.6576;150.8189;86.0263
22.88;0.2838;0.8832;0.7321;305.6576;150.8189;86.0263
22.90;0.2838;0.8832;0.7321;305.6576;150.8189;86.0263
22.92;0.2838;0.8832;0.7321;305.6576;150.8189;85.9841
22.93;0.2838;0.8832;0.7321;305.6576;150.8189;86.0264
22.95;0.2838;0.8832;0.7321;305.6576;150.8189;85.9842
22.97;0.2838;0.8832;0.7321;305.6576;150.8189;85.9842
22.98;0.2838;0.8832;0.7321;305.6576;150.8189;86.0264
23.00;0.2838;0.8832;0.7321;305.6576;150.8189;86.0264
23.02;0.2838;0.8832;0.7321;305.6576;150.8189;86.0573
23.03;0.2838;0.8832;0.7321;305.6576;150.8189;86.0264
23.05;0.2838;0.8832;0.7321;305.6576;150.8189;86.0995
23.07;0.2838;0.8832;0.7321;305.6576;150.8189;86.0264
23.08;0.2838;0.8832;0.7321;305.6576;150.8189;86.0573
23.10;0.2838;0.8832;0.7321;305.6576;150.8189;86.0573
23.12;0.2838;0.8832;0.7321;305.6576;150.8189;86.0264
23.13;0.2838;0.8832;0.7321;305.6576;150.8189;86.0573
23.15;0.2838;0.8832;0.7321;305.6576;150.8189;86.0264
23.17;0.2838;0.8832;0.7321;305.6576;150.8189;86.0573
23.18;0.2838;0.8832;0.7321;305.6576;150.8189;86.0573
23.20;0.2838;0.8832;0.7321;305.6576;150.8189;86.0573
23.22;0.2837;0.8831;0.7321;305.6576;150.8189;86.0764
23.23;0.2837;0.8831;0.7321;305.6576;150.8189;86.0033
23.25;0.2837;0.8831;0.7321;305.6576;150.8189;86.0455
23.27;0.2837;0.8831;0.7321;305.6576;150.8189;86.0455
23.28;0.2837;0.8831;0.7321;305.6576;150.8189;86.0455
23.30;0.2837;0.8831;0.7321;305.6576;150.8189;86.0455
23.32;0.2837;0.8831;0.7321;305.6576;150.8189;86.0033
23.33;0.2838;0.8832;0.7321;305.6576;150.8189;86.0264
23.35;0.2838;0.8832;0.7321;305.6576;150.8189;86.0264
23.37;0.2838;0.8832;0.7321;305.6576;150.8189;86.0264
23.38;0.2838;0.8832;0.7321;305.6576;150.8189;86.0573
23.40;0.2838;0.8832;0.7321;305.6576;150.8189;86.0573
23.42;0.2838;0.8832;0.7321;305.6576;150.8189;86.0293
23.43;0.2838;0.8832;0.7321;305.6576;150.8189;86.0573
23.45;0.2838;0.8832;0.7321;305.6576;150.8189;86.0264
23.47;0.2838;0.8832;0.7321;305.6576;150.8189;86.1024
23.48;0.2838;0.8832;0.7321;305.6576;150.8189;86.0293
23.50;0.2838;0.8832;0.7321;305.6576;150.8189;86.0293
23.52;0.2838;0.8832;0.7321;305.6576;150.8189;86.0264
23.53;0.2838;0.8832;0.7321;305.6576;150.8189;85.9842
23.55;0.2838;0.8832;0.7321;305.6576;150.8189;86.0573
23.57;0.2838;0.8832;0.7321;305.6576;150.8189;86.0293
23.58;0.2838;0.8832;0.7321;305.6576;150.8189;85.9870
23.60;0.2838;0.8832;0.7321;305.6576;150.8189;85.9870
23.62;0.2838;0.8832;0.7321;305.6576;150.8189;85.9842
23.63;0.2838;0.8832;0.7321;305.6576;150.8189;86.0293
23.65;0.2838;0.8832;0.7321;305.6576;150.8189;85.9842
23.67;0.2838;0.8832;0.7321;305.6576;150.8189;85.9842
23.68;0.2838;0.8832;0.7321;305.6576;150.8189;86.0264
23.70;0.2838;0.8832;0.7321;305.6576;150.8189;86.0264
23.72;0.2838;0.8832;0.7321;305.6576;150.8189;86.0573
23.73;0.2838;0.8832;0.7321;305.6576;150.8189;85.9961
23.75;0.2838;0.8832;0.7321;305.6576;150.8189;86.0384
23.77;0.2838;0.8832;0.7321;305.6576;150.8189;86.0412
23.78;0.2838;0.8832;0.7321;305.6576;150.8189;86.0384
23.80;0.2838;0.8832;0.7321;305.6576;150.8189;86.0384
23.82;0.2838;0.8832;0.7321;305.6576;150.8189;86.0384
23.83;0.2838;0.8832;0.7321;305.6576;150.8189;86.0384
23.85;0.2838;0.8832;0.7321;305.6576;150.8189;86.0384
23.87;0.2838;0.8832;0.7321;305.6576;150.8189;86.0384
23.88;0.2838;0.8832;0.7321;305.6576;150.8189;86.0412
23.90;0.2838;0.8832;0.7321;305.6576;150.8189;86.0412
23.92;0.2838;0.8832;0.7321;305.6576;150.8188;86.0384
23.93;0.2838;0.8832;0.7321;305.6576;150.8189;86.0412
23.95;0.2838;0.8832;0.7321;305.6576;150.8189;86.0221
23.97;0.2838;0.8832;0.7321;305.6576;150.8189;86.0192
23.98;0.2838;0.8832;0.7321;305.6576;150.8189;86.0614
24.00;0.2838;0.8832;0.7321;305.6576;150.8188;86.0614
24.02;0.2838;0.8832;0.7321;305.6576;150.8188;86.0643
24.03;0.2838;0.8832;0.7321;305.6576;150.8189;86.0334
24.05;0.2838;0.8832;0.7321;305.6576;150.8188;86.0334
24.07;0.2838;0.8832;0.7321;305.6576;150.8188;86.0424
24.08;0.2838;0.8832;0.7321;305.6576;150.8188;86.0424
24.10;0.2838;0.8832;0.7321;305.6576;150.8188;86.0424
24.12;0.2838;0.8832;0.7321;305.6576;150.8188;86.0144
24.13;0.2838;0.8832;0.7321;305.6576;150.8188;86.0115
24.15;0.2838;0.8832;0.7321;305.6576;150.8188;85.9953
24.17;0.2838;0.8832;0.7321;305.6576;150.8188;86.0374
24.18;0.2838;0.8833;0.7320;305.6576;150.8188;86.0272
24.20;0.2838;0.8833;0.7320;305.6576;150.8188;86.0272
24.22;0.2838;0.8833;0.7320;305.6576;150.8189;86.0302
24.23;0.2838;0.8833;0.7320;305.6576;150.8189;86.0391
24.25;0.2838;0.8834;0.7320;305.6576;150.8188;86.0579
24.27;0.2838;0.8834;0.7320;305.6576;150.8189;86.0548
24.28;0.2838;0.8834;0.7320;305.6576;150.8189;86.1206
24.30;0.2838;0.8834;0.7320;305.6576;150.8189;86.1206
24.32;0.2839;0.8835;0.7319;305.6576;150.8188;86.0824
24.33;0.2839;0.8835;0.7319;305.6576;150.8188;86.1171
24.35;0.2839;0.8836;0.7318;305.6576;150.8188;86.1337
24.37;0.2839;0.8837;0.7318;305.6576;150.8188;86.1756
24.38;0.2839;0.8837;0.7318;305.6576;150.8188;86.1875
24.40;0.2839;0.8837;0.7318;305.6576;150.8188;86.1875
24.42;0.2840;0.8838;0.7317;305.6576;150.8188;86.1803
24.43;0.2840;0.8838;0.7317;305.6576;150.8188;86.2030
24.45;0.2840;0.8838;0.7317;305.6576;150.8188;86.1839
24.47;0.2840;0.8838;0.7317;305.6576;150.8188;86.1839
24.48;0.2840;0.8838;0.7317;305.6576;150.8188;86.1648
24.50;0.2840;0.8838;0.7317;305.6576;150.8188;86.1648
24.52;0.2840;0.8838;0.7317;305.6576;150.8188;86.1648
24.53;0.2840;0.8838;0.7317;305.6576;150.8188;86.1767
24.55;0.2840;0.8839;0.7317;305.6576;150.8188;86.2304
24.57;0.2840;0.8839;0.7317;305.6576;150.8188;86.2304
24.58;0.2840;0.8839;0.7317;305.6576;150.8188;86.1886
24.60;0.2840;0.8839;0.7317;305.6576;150.8188;86.1886
24.62;0.2840;0.8840;0.7316;305.6576;150.8188;86.1814
24.63;0.2841;0.8841;0.7316;305.6576;150.8188;86.2278
24.65;0.2841;0.8842;0.7315;305.6576;150.8188;86.2253
24.67;0.2841;0.8843;0.7314;305.6576;150.8188;86.2912
24.68;0.2842;0.8844;0.7314;305.6576;150.8188;86.2315
24.70;0.2842;0.8844;0.7314;305.6576;150.8188;86.2315
24.72;0.2842;0.8844;0.7313;305.6576;150.8188;86.1515
24.73;0.2842;0.8845;0.7313;305.6576;150.8188;86.1668
24.75;0.2843;0.8846;0.7312;305.6576;150.8188;86.1372
24.77;0.2843;0.8846;0.7312;305.6576;150.8188;86.0955
24.78;0.2843;0.8847;0.7312;305.6576;150.8188;86.1300
24.80;0.2843;0.8847;0.7312;305.6576;150.8188;86.1300
24.82;0.2843;0.8847;0.7312;305.6576;150.8188;86.1422
24.83;0.2843;0.8847;0.7312;305.6576;150.8188;86.1509
24.85;0.2843;0.8847;0.7311;305.6576;150.8188;86.1314
24.87;0.2843;0.8848;0.7311;305.6576;150.8188;86.2164
24.88;0.2843;0.8848;0.7311;305.6576;150.8188;86.1521
24.90;0.2843;0.8848;0.7311;305.6576;150.8188;86.1521
24.92;0.2843;0.8848;0.7311;305.6576;150.8188;86.2371
24.93;0.2843;0.8849;0.7310;305.6576;150.8188;86.1417
24.95;0.2844;0.8849;0.7310;305.6576;150.8188;86.1624
24.97;0.2844;0.8849;0.7310;305.6576;150.8188;86.1624
24.98;0.2844;0.8850;0.7310;305.6576;150.8188;86.1433
25.00;0.2844;0.8850;0.7310;305.6576;150.8188;86.1433
25.02;0.2844;0.8850;0.7310;305.6576;150.8188;86.1749
25.03;0.2844;0.8850;0.7310;305.6576;150.8188;86.1838
25.05;0.2844;0.8851;0.7309;305.6576;150.8188;86.1885
25.07;0.2844;0.8851;0.7309;305.6576;150.8188;86.1560
25.08;0.2845;0.8852;0.7308;305.6576;150.8188;86.1752
25.10;0.2845;0.8852;0.7308;305.6576;150.8188;86.1752
25.12;0.2845;0.8853;0.7308;305.6576;150.8188;86.1680
25.13;0.2845;0.8853;0.7308;305.6576;150.8188;86.1356
25.15;0.2845;0.8854;0.7307;305.6576;150.8188;86.1549
25.17;0.2845;0.8854;0.7307;305.6576;150.8188;86.0818
25.18;0.2845;0.8854;0.7307;305.6576;150.8188;86.1349
25.20;0.2845;0.8854;0.7307;305.6576;150.8188;86.1349
25.22;0.2845;0.8854;0.7307;305.6576;150.8188;86.1639
25.23;0.2845;0.8854;0.7307;305.6576;150.8188;86.1639
25.25;0.2845;0.8854;0.7307;305.6576;150.8188;86.1410
25.27;0.2845;0.8854;0.7307;305.6576;150.8188;86.1538
25.28;0.2846;0.8855;0.7307;305.6576;150.8188;86.1456
25.30;0.2846;0.8855;0.7307;305.6576;150.8188;86.1456
25.32;0.2846;0.8855;0.7306;305.6576;150.8188;86.0972
25.33;0.2846;0.8856;0.7306;305.6576;150.8188;86.1794
25.35;0.2846;0.8857;0.7306;305.6576;150.8188;86.1621
25.37;0.2846;0.8857;0.7306;305.6576;150.8188;86.1621
25.38;0.2847;0.8858;0.7305;305.6576;150.8188;86.0598
25.40;0.2847;0.8858;0.7305;305.6576;150.8188;86.0598
25.42;0.2847;0.8858;0.7305;305.6576;150.8188;86.1739
25.43;0.2847;0.8859;0.7304;305.6576;150.8188;86.1666
25.45;0.2847;0.8859;0.7304;305.6576;150.8188;86.0808
25.47;0.2847;0.8860;0.7303;305.6576;150.8188;86.1658
25.48;0.2848;0.8860;0.7303;305.6576;150.8188;86.1703
25.50;0.2848;0.8860;0.7303;305.6576;150.8188;86.1703
25.52;0.2848;0.8861;0.7303;305.6576;150.8188;86.1822
25.53;0.2848;0.8862;0.7302;305.6576;150.8188;86.2441
25.55;0.2848;0.8863;0.7302;305.6576;150.8188;86.1637
25.57;0.2848;0.8863;0.7302;305.6576;150.8188;86.1729
25.58;0.2849;0.8864;0.7301;305.6576;150.8188;86.1656
25.60;0.2849;0.8864;0.7301;305.6576;150.8188;86.1656
25.62;0.2849;0.8864;0.7301;305.6576;150.8188;86.1845
25.63;0.2849;0.8865;0.7300;305.6576;150.8188;86.1746
25.65;0.2849;0.8865;0.7300;305.6576;150.8188;86.1502
25.67;0.2849;0.8866;0.7300;305.6576;150.8188;86.1429
25.68;0.2849;0.8866;0.7300;305.6576;150.8188;86.1404
25.70;0.2849;0.8866;0.7300;305.6576;150.8188;86.1404
25.72;0.2850;0.8866;0.7300;305.6576;150.8188;86.1736
25.73;0.2850;0.8866;0.7300;305.6576;150.8188;86.1711
25.75;0.2850;0.8867;0.7299;305.6576;150.8188;86.1613
25.77;0.2850;0.8867;0.7299;305.6576;150.8188;86.1731
25.78;0.2850;0.8867;0.7299;305.6576;150.8188;86.1706
25.80;0.2850;0.8867;0.7299;305.6576;150.8188;86.1706
25.82;0.2850;0.8867;0.7299;305.6576;150.8188;86.2111
25.83;0.2850;0.8867;0.7299;305.6576;150.8188;86.2204
25.85;0.2850;0.8867;0.7299;305.6576;150.8188;86.2204
25.87;0.2850;0.8867;0.7299;305.6576;150.8188;86.2205
25.88;0.2850;0.8868;0.7299;305.6576;150.8188;86.2107
25.90;0.2850;0.8868;0.7299;305.6576;150.8188;86.2107
25.92;0.2850;0.8868;0.7298;305.6576;150.8187;86.2033
25.93;0.2851;0.8869;0.7298;305.6576;150.8188;86.1936
25.95;0.2851;0.8870;0.7297;305.6576;150.8188;86.2426
25.97;0.2851;0.8871;0.7297;305.6576;150.8188;86.2755
