8.78;0.3031;0.9050;0.7396;303.3819;131.3526;88.6397
8.80;0.3031;0.9050;0.7396;303.3819;131.3526;88.6397
8.82;0.3029;0.9050;0.7397;303.2935;131.4079;88.5887
8.83;0.3023;0.9051;0.7397;303.1875;131.6152;88.3811
8.85;0.3020;0.9051;0.7396;303.1913;131.8590;88.1314
8.87;0.3019;0.9052;0.7397;303.1030;131.8908;88.0072
8.88;0.3016;0.9052;0.7397;303.0692;132.0812;87.7576
8.90;0.3016;0.9052;0.7397;303.0692;132.0812;87.7576
8.92;0.3013;0.9052;0.7399;302.9977;132.2887;87.5084
8.93;0.3011;0.9052;0.7400;302.9654;132.3642;87.3208
8.95;0.3007;0.9053;0.7401;302.8383;132.5294;87.1343
8.97;0.3007;0.9052;0.7401;302.8496;132.6232;86.9043
8.98;0.3004;0.9052;0.7403;302.7786;132.7851;86.6542
9.00;0.3004;0.9052;0.7403;302.7786;132.7851;86.6542
9.02;0.3000;0.9053;0.7404;302.6520;132.9988;86.3936
9.03;0.2996;0.9055;0.7406;302.5257;133.1895;86.1325
9.05;0.2993;0.9053;0.7407;302.4847;133.4835;85.6710
9.07;0.2991;0.9052;0.7407;302.4887;133.8428;85.2400
9.08;0.2986;0.9049;0.7407;302.4133;134.5514;84.4703
9.10;0.2986;0.9049;0.7407;302.4133;134.5514;84.4703
9.12;0.2977;0.9049;0.7406;302.2158;135.4986;83.5538
9.13;0.2972;0.9048;0.7407;302.0982;135.9570;83.1860
9.15;0.2968;0.9049;0.7408;301.9616;136.3114;82.8689
9.17;0.2967;0.9048;0.7407;301.9337;136.4627;82.7595
9.18;0.2964;0.9050;0.7409;301.8048;136.5845;82.6762
9.20;0.2964;0.9050;0.7409;301.8048;136.5845;82.6762
9.22;0.2961;0.9050;0.7408;301.7354;136.8170;82.5403
9.23;0.2959;0.9050;0.7409;301.6559;136.8716;82.5133
9.25;0.2959;0.9049;0.7411;301.6400;136.9536;82.4584
9.27;0.2957;0.9049;0.7410;301.6277;137.1786;82.1899
9.28;0.2956;0.9049;0.7411;301.5485;137.2342;82.1621
9.30;0.2956;0.9049;0.7411;301.5485;137.2342;82.1621
9.32;0.2955;0.9049;0.7412;301.4620;137.2538;82.1767
9.33;0.2953;0.9049;0.7413;301.3755;137.2733;82.1914
9.35;0.2953;0.9050;0.7413;301.3232;137.1749;82.2755
9.37;0.2953;0.9050;0.7414;301.3158;137.1385;82.3181
9.38;0.2951;0.9051;0.7415;301.2220;137.1682;82.4494
9.40;0.2951;0.9051;0.7415;301.2220;137.1682;82.4494
9.42;0.2947;0.9051;0.7417;301.1283;137.2918;82.4345
9.43;0.2948;0.9051;0.7419;301.1249;137.1712;82.5764
9.45;0.2948;0.9050;0.7420;301.0280;137.0085;82.6311
9.47;0.2948;0.9050;0.7421;300.9833;136.9217;82.6738
9.48;0.2948;0.9049;0.7421;300.9385;136.8584;82.7167
9.50;0.2948;0.9049;0.7421;300.9385;136.8584;82.7167
9.52;0.2948;0.9047;0.7421;300.8763;136.5759;82.9154
9.53;0.2949;0.9046;0.7422;300.7799;136.3872;83.1191
9.55;0.2949;0.9044;0.7423;300.6768;136.1364;83.2208
9.57;0.2949;0.9043;0.7421;300.6768;136.1129;83.2941
9.58;0.2949;0.9044;0.7425;300.5227;135.8051;83.4857
9.60;0.2949;0.9044;0.7425;300.5227;135.8051;83.4857
9.62;0.2951;0.9043;0.7426;300.4622;135.5183;83.6886
9.63;0.2952;0.9042;0.7428;300.3094;135.1354;84.0312
9.65;0.2953;0.9042;0.7430;300.2079;134.8550;84.2123
9.67;0.2952;0.9042;0.7430;300.1154;134.8057;84.2794
9.68;0.2954;0.9042;0.7433;300.0564;134.4909;84.4864
9.70;0.2954;0.9042;0.7433;300.0564;134.4909;84.4864
9.72;0.2953;0.9043;0.7438;299.8574;134.4173;84.5169
9.73;0.2952;0.9043;0.7442;299.7379;134.3159;84.5694
9.75;0.2951;0.9044;0.7445;299.6436;134.1637;84.7110
9.77;0.2952;0.9044;0.7447;299.5873;134.0160;84.8505
9.78;0.2950;0.9045;0.7448;299.4955;134.0102;84.9218
9.80;0.2950;0.9045;0.7448;299.4955;134.0102;84.9218
9.82;0.2946;0.9046;0.7449;299.3327;134.2194;84.8550
9.83;0.2944;0.9046;0.7451;299.2597;134.3337;84.7887
9.85;0.2940;0.9048;0.7452;299.0912;134.5516;84.6203
9.87;0.2940;0.9049;0.7454;299.0411;134.4651;84.6432
9.88;0.2936;0.9050;0.7453;298.9165;134.7060;84.4243
9.90;0.2936;0.9050;0.7453;298.9165;134.7060;84.4243
9.92;0.2932;0.9051;0.7453;298.7985;134.9890;83.9377
9.93;0.2928;0.9052;0.7455;298.6306;135.2096;83.6934
9.95;0.2924;0.9054;0.7455;298.5347;135.3610;83.5166
9.97;0.2922;0.9054;0.7455;298.4933;135.4662;83.4178
9.98;0.2920;0.9055;0.7456;298.4520;135.5951;83.2456
10.00;0.2920;0.9055;0.7456;298.4520;135.5951;83.2456
10.02;0.2918;0.9053;0.7456;298.3871;135.7542;82.9836
10.03;0.2917;0.9052;0.7455;298.4072;135.9018;82.7693
10.05;0.2915;0.9051;0.7456;298.3359;135.9967;82.6270
10.07;0.2915;0.9050;0.7455;298.3495;136.0795;82.4597
10.08;0.2915;0.9049;0.7455;298.3193;136.0687;82.4899
10.10;0.2915;0.9049;0.7455;298.3193;136.0687;82.4899
10.12;0.2915;0.9047;0.7455;298.2755;135.9750;82.4679
10.13;0.2913;0.9046;0.7454;298.2620;136.2003;82.2529
10.15;0.2914;0.9044;0.7454;298.2794;136.1484;82.1890
10.17;0.2915;0.9043;0.7453;298.2794;136.1248;82.1890
10.18;0.2916;0.9043;0.7453;298.2286;135.9664;82.2871
10.20;0.2916;0.9043;0.7453;298.2286;135.9664;82.2871
10.22;0.2917;0.9039;0.7452;298.2397;136.1112;81.9608
10.23;0.2917;0.9038;0.7453;298.2443;136.2852;81.6816
10.25;0.2914;0.9038;0.7453;298.1782;136.5356;81.5334
10.27;0.2914;0.9038;0.7454;298.1268;136.4487;81.6309
10.28;0.2914;0.9039;0.7456;298.0825;136.3795;81.6814
10.30;0.2914;0.9039;0.7456;298.0825;136.3795;81.6814
10.32;0.2913;0.9038;0.7457;298.0522;136.3938;81.6374
10.33;0.2913;0.9038;0.7457;298.0522;136.3938;81.6374
10.35;0.2912;0.9039;0.7458;297.9679;136.4083;81.6611
10.37;0.2913;0.9038;0.7458;298.0150;136.3663;81.6407
10.38;0.2912;0.9038;0.7459;297.9448;136.4648;81.5696
10.40;0.2912;0.9038;0.7459;297.9448;136.4648;81.5696
10.42;0.2913;0.9037;0.7460;297.9615;136.4137;81.5050
10.43;0.2912;0.9037;0.7462;297.8773;136.4285;81.5287
10.45;0.2911;0.9037;0.7463;297.8470;136.4433;81.4844
10.47;0.2912;0.9036;0.7462;297.9080;136.4853;81.3688
10.48;0.2910;0.9036;0.7463;297.8524;136.6688;81.2020
10.50;0.2910;0.9036;0.7463;297.8524;136.6688;81.2020
10.52;0.2910;0.9035;0.7465;297.8222;136.6841;81.1573
10.53;0.2909;0.9033;0.7463;297.8438;136.8103;81.0146
10.55;0.2909;0.9033;0.7465;297.8063;136.8074;81.0173
10.57;0.2908;0.9033;0.7465;297.8207;136.9387;80.9222
10.58;0.2907;0.9032;0.7467;297.8152;136.8797;80.9997
10.60;0.2907;0.9032;0.7467;297.8152;136.8797;80.9997
10.62;0.2904;0.9031;0.7466;297.7905;137.0958;80.8772
10.63;0.2904;0.9029;0.7466;297.7529;137.0695;80.8797
10.65;0.2902;0.9028;0.7467;297.7371;137.1935;80.6660
10.67;0.2902;0.9027;0.7468;297.7068;137.2097;80.6939
10.68;0.2903;0.9025;0.7467;297.7675;137.2511;80.5784
10.70;0.2903;0.9025;0.7467;297.7675;137.2511;80.5784
10.72;0.2902;0.9024;0.7467;297.7298;137.2254;80.5806
10.73;0.2900;0.9024;0.7471;297.5633;137.1720;80.6556
10.75;0.2900;0.9024;0.7472;297.5182;137.1271;80.7060
10.77;0.2899;0.9023;0.7472;297.5255;137.1933;80.6580
10.78;0.2899;0.9023;0.7473;297.4805;137.1248;80.6353
10.80;0.2899;0.9023;0.7473;297.4805;137.1248;80.6353
10.82;0.2900;0.9024;0.7476;297.4149;136.8636;80.9337
10.83;0.2898;0.9024;0.7477;297.4149;136.9579;80.9337
10.85;0.2897;0.9024;0.7477;297.4149;137.0050;80.9337
10.87;0.2896;0.9023;0.7477;297.4221;137.0479;80.8854
10.88;0.2897;0.9022;0.7478;297.4158;136.8941;80.9633
10.90;0.2897;0.9022;0.7478;297.4158;136.8941;80.9633
10.92;0.2898;0.9020;0.7477;297.4545;136.8330;80.9899
10.93;0.2897;0.9018;0.7476;297.4757;136.9614;80.8452
10.95;0.2896;0.9017;0.7477;297.4519;137.0446;80.7512
10.97;0.2896;0.9017;0.7478;297.4069;136.9759;80.8020
10.98;0.2896;0.9016;0.7478;297.3759;136.9929;80.7562
11.00;0.2896;0.9016;0.7478;297.3759;136.9929;80.7562
11.02;0.2895;0.9016;0.7481;297.2788;136.8353;80.9069
11.03;0.2896;0.9015;0.7481;297.3172;136.7743;80.9333
11.05;0.2895;0.9016;0.7482;297.2583;136.6420;81.0820
11.07;0.2895;0.9016;0.7482;297.2583;136.6420;81.0820
11.08;0.2894;0.9016;0.7484;297.1679;136.6133;81.1564
11.10;0.2894;0.9016;0.7484;297.1679;136.6133;81.1564
11.12;0.2895;0.9016;0.7484;297.2064;136.5525;81.1825
11.13;0.2894;0.9015;0.7484;297.2133;136.6431;81.1337
11.15;0.2893;0.9015;0.7485;297.1684;136.6203;81.1856
11.17;0.2892;0.9015;0.7485;297.1684;136.6674;81.1124
11.18;0.2890;0.9014;0.7485;297.1684;136.7381;81.1856
11.20;0.2890;0.9014;0.7485;297.1684;136.7381;81.1856
11.22;0.2889;0.9013;0.7485;297.1615;136.7653;81.2345
11.23;0.2890;0.9011;0.7484;297.2454;136.6876;81.2372
11.25;0.2889;0.9009;0.7483;297.2522;136.7310;81.1885
11.27;0.2890;0.9008;0.7482;297.2906;136.6470;81.2141
11.28;0.2889;0.9008;0.7484;297.2322;136.5375;81.3635
11.30;0.2889;0.9008;0.7484;297.2322;136.5375;81.3635
11.32;0.2888;0.9007;0.7483;297.2322;136.6082;81.3635
11.33;0.2888;0.9005;0.7483;297.2325;136.4979;81.3920
11.35;0.2889;0.9003;0.7482;297.2711;136.4144;81.4171
11.37;0.2889;0.9003;0.7483;297.2195;136.3007;81.5182
11.38;0.2890;0.9002;0.7483;297.2581;136.2174;81.5430
11.40;0.2890;0.9002;0.7483;297.2581;136.2174;81.5430
11.42;0.2890;0.9002;0.7486;297.1618;136.0328;81.6237
11.43;0.2889;0.9001;0.7485;297.1814;136.2109;81.5497
11.45;0.2889;0.8999;0.7486;297.1815;136.1245;81.5776
11.47;0.2890;0.8998;0.7486;297.2329;136.1286;81.5040
11.48;0.2890;0.8996;0.7486;297.2458;136.1297;81.4335
11.50;0.2890;0.8996;0.7486;297.2458;136.1297;81.4335
11.52;0.2888;0.8995;0.7488;297.1429;135.9724;81.6363
11.53;0.2889;0.8994;0.7489;297.1363;135.8425;81.7128
11.55;0.2887;0.8993;0.7490;297.1040;135.9066;81.5938
11.57;0.2887;0.8992;0.7490;297.1104;135.9741;81.6177
11.58;0.2887;0.8992;0.7491;297.1100;135.9118;81.6448
11.60;0.2887;0.8992;0.7491;297.1100;135.9118;81.6448
11.62;0.2885;0.8992;0.7493;297.0586;135.8913;81.7470
11.63;0.2883;0.8992;0.7497;297.0007;135.7639;81.9261
11.65;0.2885;0.8992;0.7499;296.9879;135.5662;82.0523
11.67;0.2885;0.8992;0.7498;296.9879;135.5662;82.0523
11.68;0.2884;0.8992;0.7498;297.0063;135.7224;81.9034
11.70;0.2884;0.8992;0.7498;297.0063;135.7224;81.9034
11.72;0.2884;0.8992;0.7499;296.9675;135.7188;81.8338
11.73;0.2882;0.8993;0.7501;296.9225;135.7180;81.9606
11.75;0.2883;0.8993;0.7503;296.9157;135.5880;82.0371
11.77;0.2883;0.8993;0.7502;296.9218;135.6324;81.9873
11.78;0.2882;0.8993;0.7502;296.8837;135.7379;81.9645
11.80;0.2882;0.8993;0.7502;296.8837;135.7380;81.9645
11.82;0.2880;0.8989;0.7504;296.8837;135.7380;81.9339
11.83;0.2880;0.8988;0.7504;296.8837;135.7379;81.9759
11.85;0.2879;0.8987;0.7505;296.8837;135.7380;81.9237
11.87;0.2879;0.8987;0.7505;296.8837;135.7380;81.8613
11.88;0.2879;0.8986;0.7505;296.8837;135.7379;81.7778
11.90;0.2879;0.8986;0.7505;296.8837;135.7379;81.7778
11.92;0.2878;0.8985;0.7506;296.8837;135.7379;81.6824
11.93;0.2878;0.8983;0.7506;296.8837;135.7379;81.6496
11.95;0.2877;0.8982;0.7507;296.8837;135.7379;81.6080
11.97;0.2877;0.8981;0.7507;296.8837;135.7379;81.6190
11.98;0.2877;0.8979;0.7508;296.8837;135.7379;81.5557
12.00;0.2877;0.8979;0.7508;296.8837;135.7379;81.5557
12.02;0.2876;0.8977;0.7508;296.8837;135.7379;81.5038
12.03;0.2875;0.8976;0.7509;296.8837;135.7379;81.4623
12.05;0.2875;0.8974;0.7510;296.8837;135.7379;81.4849
12.07;0.2874;0.8973;0.7510;296.8837;135.7379;81.4860
12.08;0.2874;0.8971;0.7510;296.8837;135.7379;81.5065
12.10;0.2874;0.8971;0.7510;296.8837;135.7379;81.5065
12.12;0.2873;0.8970;0.7511;296.8837;135.7379;81.4236
12.13;0.2873;0.8969;0.7511;296.8837;135.7379;81.4661
12.15;0.2873;0.8969;0.7511;296.8837;135.7379;81.5094
12.17;0.2873;0.8969;0.7511;296.8837;135.7379;81.4362
12.18;0.2873;0.8969;0.7511;296.8837;135.7379;81.4877
12.20;0.2873;0.8969;0.7511;296.8837;135.7379;81.4877
12.22;0.2873;0.8969;0.7511;296.8837;135.7379;81.4153
12.23;0.2873;0.8969;0.7511;296.8837;135.7379;81.4661
12.25;0.2873;0.8969;0.7511;296.8837;135.7379;81.4148
12.27;0.2873;0.8969;0.7511;296.8837;135.7379;81.4148
12.28;0.2873;0.8968;0.7512;296.8837;135.7379;81.4042
12.30;0.2873;0.8968;0.7512;296.8837;135.7379;81.4042
12.32;0.2872;0.8967;0.7512;296.8837;135.7379;81.4478
12.33;0.2872;0.8967;0.7512;296.8837;135.7379;81.4478
12.35;0.2872;0.8967;0.7512;296.8837;135.7379;81.4478
12.37;0.2872;0.8967;0.7512;296.8837;135.7379;81.4488
12.38;0.2872;0.8967;0.7512;296.8837;135.7379;81.4488
12.40;0.2872;0.8967;0.7512;296.8837;135.7379;81.4488
12.42;0.2872;0.8966;0.7512;296.8837;135.7379;81.4176
12.43;0.2872;0.8966;0.7513;296.8837;135.7379;81.4296
12.45;0.2872;0.8965;0.7513;296.8836;135.7379;81.4296
12.47;0.2871;0.8965;0.7513;296.8837;135.7379;81.4817
12.48;0.2871;0.8965;0.7513;296.8837;135.7379;81.5027
12.50;0.2871;0.8965;0.7513;296.8837;135.7379;81.5027
12.52;0.2871;0.8964;0.7513;296.8837;135.7379;81.4415
12.53;0.2871;0.8964;0.7513;296.8837;135.7379;81.4415
12.55;0.2871;0.8963;0.7513;296.8836;135.7379;81.4204
12.57;0.2871;0.8963;0.7513;296.8837;135.7379;81.4937
12.58;0.2871;0.8963;0.7513;296.8836;135.7379;81.4715
12.60;0.2871;0.8963;0.7513;296.8836;135.7379;81.4715
12.62;0.2871;0.8963;0.7513;296.8837;135.7379;81.4726
12.63;0.2871;0.8963;0.7513;296.8837;135.7379;81.4215
12.65;0.2871;0.8963;0.7513;296.8837;135.7379;81.4006
12.67;0.2871;0.8963;0.7513;296.8837;135.7379;81.3904
12.68;0.2871;0.8963;0.7513;296.8837;135.7379;81.4125
12.70;0.2871;0.8963;0.7513;296.8837;135.7379;81.4125
12.72;0.2871;0.8963;0.7514;296.8837;135.7379;81.4126
12.73;0.2871;0.8963;0.7514;296.8837;135.7379;81.4858
12.75;0.2871;0.8963;0.7514;296.8837;135.7379;81.4651
12.77;0.2871;0.8963;0.7514;296.8837;135.7379;81.4651
12.78;0.2870;0.8962;0.7514;296.8836;135.7379;81.5701
12.80;0.2870;0.8962;0.7514;296.8836;135.7379;81.5701
12.82;0.2870;0.8961;0.7514;296.8837;135.7379;81.5720
12.83;0.2869;0.8959;0.7515;296.8837;135.7379;81.4695
12.85;0.2869;0.8959;0.7515;296.8837;135.7379;81.5549
12.87;0.2869;0.8958;0.7515;296.8837;135.7379;81.5555
12.88;0.2868;0.8956;0.7516;296.8837;135.7379;81.4951
12.90;0.2868;0.8956;0.7516;296.8837;135.7379;81.4951
12.92;0.2868;0.8954;0.7517;296.8836;135.7379;81.5827
12.93;0.2867;0.8953;0.7517;296.8837;135.7379;81.6659
12.95;0.2867;0.8952;0.7517;296.8836;135.7379;81.6886
12.97;0.2867;0.8952;0.7518;296.8836;135.7379;81.5434
12.98;0.2866;0.8950;0.7518;296.8836;135.7379;81.6398
13.00;0.2866;0.8950;0.7518;296.8836;135.7379;81.6398
13.02;0.2866;0.8949;0.7519;296.8836;135.7379;81.6941
13.03;0.2865;0.8948;0.7519;296.8837;135.7379;81.6743
13.05;0.2865;0.8947;0.7519;296.8836;135.7379;81.6970
13.07;0.2865;0.8947;0.7519;296.8836;135.7379;81.6970
13.08;0.2865;0.8946;0.7520;296.8836;135.7379;81.7095
13.10;0.2865;0.8946;0.7520;296.8836;135.7379;81.7095
13.12;0.2864;0.8945;0.7520;296.8836;135.7379;81.7016
13.13;0.2864;0.8943;0.7521;296.8836;135.7379;81.6937
13.15;0.2863;0.8942;0.7521;296.8836;135.7379;81.7083
13.17;0.2863;0.8942;0.7521;296.8836;135.7379;81.7102
13.18;0.2863;0.8941;0.7521;296.8836;135.7379;81.7230
13.20;0.2863;0.8941;0.7521;296.8836;135.7379;81.7230
13.22;0.2863;0.8940;0.7522;296.8836;135.7379;81.7255
13.23;0.2862;0.8940;0.7522;296.8836;135.7379;81.6755
13.25;0.2862;0.8940;0.7522;296.8837;135.7379;81.6776
13.27;0.2862;0.8940;0.7522;296.8837;135.7379;81.6776
13.28;0.2862;0.8939;0.7522;296.8836;135.7379;81.6798
13.30;0.2862;0.8939;0.7522;296.8836;135.7379;81.6798
13.32;0.2862;0.8939;0.7522;296.8836;135.7379;81.6798
13.33;0.2862;0.8939;0.7522;296.8836;135.7379;81.6615
13.35;0.2862;0.8938;0.7523;296.8836;135.7379;81.5908
13.37;0.2862;0.8938;0.7523;296.8836;135.7379;81.5805
13.38;0.2862;0.8937;0.7523;296.8836;135.7379;81.6042
13.40;0.2862;0.8937;0.7523;296.8836;135.7379;81.6042
13.42;0.2861;0.8936;0.7523;296.8836;135.7379;81.5751
13.43;0.2861;0.8935;0.7524;296.8836;135.7379;81.6064
13.45;0.2861;0.8935;0.7524;296.8836;135.7379;81.6903
13.47;0.2861;0.8934;0.7524;296.8836;135.7379;81.6279
13.48;0.2860;0.8934;0.7524;296.8836;135.7379;81.6908
13.50;0.2860;0.8934;0.7524;296.8836;135.7379;81.6908
13.52;0.2860;0.8934;0.7524;296.8836;135.7379;81.5883
13.53;0.2860;0.8933;0.7524;296.8836;135.7379;81.6093
13.55;0.2860;0.8933;0.7524;296.8836;135.7379;81.6828
13.57;0.2860;0.8933;0.7524;296.8836;135.7379;81.7036
13.58;0.2860;0.8932;0.7525;296.8836;135.7379;81.6120
13.60;0.2860;0.8932;0.7525;296.8836;135.7379;81.6120
13.62;0.2860;0.8932;0.7525;296.8836;135.7379;81.6120
13.63;0.2860;0.8932;0.7525;296.8837;135.7379;81.5805
13.65;0.2859;0.8931;0.7525;296.8836;135.7379;81.5827
13.67;0.2859;0.8931;0.7525;296.8837;135.7379;81.6033
13.68;0.2859;0.8930;0.7525;296.8837;135.7380;81.4988
13.70;0.2859;0.8930;0.7525;296.8837;135.7380;81.4988
13.72;0.2859;0.8930;0.7526;296.8836;135.7379;81.4569
13.73;0.2859;0.8930;0.7526;296.8836;135.7379;81.4990
13.75;0.2859;0.8929;0.7526;296.8836;135.7379;81.6164
13.77;0.2859;0.8929;0.7526;296.8836;135.7379;81.5432
13.78;0.2859;0.8929;0.7526;296.8836;135.7380;81.4824
13.80;0.2859;0.8929;0.7526;296.8836;135.7380;81.4824
13.82;0.2858;0.8928;0.7526;296.8836;135.7380;81.6294
13.83;0.2858;0.8928;0.7526;296.8836;135.7380;81.5244
13.85;0.2858;0.8928;0.7526;296.8836;135.7379;81.5669
13.87;0.2858;0.8928;0.7526;296.8836;135.7379;81.5874
13.88;0.2858;0.8928;0.7526;296.8836;135.7379;81.5669
13.90;0.2858;0.8928;0.7526;296.8836;135.7379;81.5669
13.92;0.2858;0.8927;0.7526;296.8836;135.7379;81.6084
13.93;0.2858;0.8927;0.7527;296.8836;135.7379;81.5562
13.95;0.2858;0.8926;0.7527;296.8836;135.7379;81.6715
13.97;0.2858;0.8926;0.7527;296.8837;135.7380;81.5902
13.98;0.2858;0.8926;0.7527;296.8837;135.7380;81.5902
14.00;0.2858;0.8926;0.7527;296.8837;135.7380;81.5902
14.02;0.2857;0.8926;0.7527;296.8836;135.7380;81.6430
14.03;0.2857;0.8925;0.7527;296.8837;135.7380;81.6112
14.05;0.2857;0.8925;0.7527;296.8836;135.7380;81.6874
14.07;0.2857;0.8924;0.7528;296.8836;135.7380;81.6556
14.08;0.2857;0.8924;0.7528;296.8836;135.7380;81.6556
14.10;0.2857;0.8924;0.7528;296.8837;135.7380;81.6556
14.12;0.2857;0.8923;0.7528;296.8837;135.7380;81.7288
14.13;0.2856;0.8923;0.7528;296.8836;135.7380;81.7294
14.15;0.2856;0.8922;0.7528;296.8837;135.7380;81.8260
14.17;0.2856;0.8922;0.7528;296.8837;135.7380;81.7628
14.18;0.2856;0.8922;0.7528;296.8837;135.7380;81.8133
14.20;0.2856;0.8922;0.7528;296.8837;135.7380;81.8133
14.22;0.2856;0.8922;0.7528;296.8836;135.7380;81.7628
14.23;0.2856;0.8922;0.7529;296.8837;135.7380;81.8054
14.25;0.2856;0.8922;0.7529;296.8837;135.7380;81.7322
14.27;0.2856;0.8922;0.7529;296.8837;135.7380;81.7322
14.28;0.2856;0.8922;0.7529;296.8837;135.7380;81.8054
14.30;0.2856;0.8922;0.7529;296.8837;135.7380;81.8054
14.32;0.2856;0.8922;0.7529;296.8837;135.7380;81.8078
14.33;0.2856;0.8921;0.7529;296.8837;135.7380;81.8085
14.35;0.2856;0.8921;0.7529;296.8837;135.7380;81.8842
14.37;0.2856;0.8921;0.7529;296.8837;135.7380;81.9052
14.38;0.2856;0.8921;0.7529;296.8837;135.7380;81.9160
14.40;0.2856;0.8921;0.7529;296.8837;135.7380;81.9160
14.42;0.2856;0.8920;0.7529;296.8837;135.7380;81.9714
14.43;0.2855;0.8920;0.7529;296.8837;135.7380;81.8663
14.45;0.2855;0.8920;0.7529;296.8837;135.7380;81.8900
14.47;0.2855;0.8919;0.7529;296.8837;135.7380;81.9640
14.48;0.2855;0.8919;0.7530;296.8837;135.7380;82.0371
14.50;0.2855;0.8919;0.7530;296.8837;135.7380;82.0372
14.52;0.2855;0.8918;0.7530;296.8837;135.7380;82.0372
14.53;0.2855;0.8918;0.7530;296.8836;135.7380;81.9850
14.55;0.2855;0.8918;0.7530;296.8837;135.7380;82.0407
14.57;0.2855;0.8918;0.7530;296.8837;135.7380;82.0407
14.58;0.2855;0.8918;0.7530;296.8837;135.7380;82.0407
14.60;0.2855;0.8918;0.7530;296.8837;135.7380;82.0407
14.62;0.2855;0.8918;0.7530;296.8837;135.7380;82.0224
14.63;0.2855;0.8918;0.7530;296.8837;135.7380;82.0121
14.65;0.2855;0.8918;0.7530;296.8837;135.7380;82.0149
14.67;0.2855;0.8918;0.7530;296.8837;135.7380;82.0149
14.68;0.2855;0.8918;0.7530;296.8837;135.7380;82.0881
14.70;0.2855;0.8918;0.7530;296.8837;135.7380;82.0881
14.72;0.2855;0.8918;0.7530;296.8837;135.7380;82.0149
14.73;0.2855;0.8918;0.7530;296.8837;135.7380;82.0149
14.75;0.2855;0.8918;0.7530;296.8837;135.7380;82.0149
14.77;0.2855;0.8918;0.7530;296.8837;135.7380;82.0247
14.78;0.2855;0.8918;0.7530;296.8837;135.7380;82.0777
14.80;0.2855;0.8918;0.7530;296.8837;135.7380;82.0777
14.82;0.2855;0.8918;0.7530;296.8837;135.7380;82.0777
14.83;0.2855;0.8918;0.7530;296.8837;135.7380;82.0806
14.85;0.2855;0.8918;0.7530;296.8837;135.7380;82.0777
14.87;0.2855;0.8918;0.7530;296.8837;135.7380;81.9971
14.88;0.2855;0.8918;0.7530;296.8837;135.7380;82.0171
14.90;0.2855;0.8918;0.7530;296.8837;135.7380;82.0171
14.92;0.2855;0.8918;0.7530;296.8837;135.7380;82.0702
14.93;0.2855;0.8917;0.7530;296.8836;135.7380;81.9868
14.95;0.2854;0.8917;0.7530;296.8837;135.7380;81.9868
14.97;0.2854;0.8917;0.7530;296.8837;135.7380;82.0496
14.98;0.2854;0.8917;0.7530;296.8837;135.7380;82.0496
15.00;0.2854;0.8917;0.7530;296.8837;135.7380;82.0496
15.02;0.2854;0.8916;0.7531;296.8837;135.7379;82.0072
15.03;0.2854;0.8916;0.7531;296.8837;135.7379;81.9369
15.05;0.2854;0.8915;0.7531;296.8837;135.7380;82.0311
15.07;0.2854;0.8915;0.7531;296.8837;135.7380;81.9579
15.08;0.2853;0.8914;0.7531;296.8837;135.7380;82.0207
15.10;0.2853;0.8914;0.7531;296.8837;135.7380;82.0207
15.12;0.2853;0.8914;0.7532;296.8837;135.7380;81.8765
15.13;0.2853;0.8913;0.7532;296.8837;135.7380;81.8861
15.15;0.2853;0.8913;0.7532;296.8837;135.7380;81.8861
15.17;0.2853;0.8913;0.7532;296.8837;135.7380;81.8861
15.18;0.2853;0.8913;0.7532;296.8837;135.7379;81.8890
15.20;0.2853;0.8913;0.7532;296.8837;135.7379;81.8890
15.22;0.2853;0.8913;0.7532;296.8837;135.7379;81.8890
15.23;0.2853;0.8913;0.7532;296.8837;135.7380;81.8261
15.25;0.2853;0.8914;0.7531;296.8837;135.7380;81.8782
15.27;0.2853;0.8914;0.7531;296.8837;135.7380;81.8782
15.28;0.2853;0.8914;0.7531;296.8837;135.7379;81.9304
15.30;0.2853;0.8914;0.7531;296.8837;135.7379;81.9304
15.32;0.2853;0.8914;0.7531;296.8837;135.7379;81.9304
15.33;0.2853;0.8914;0.7531;296.8837;135.7379;81.8601
15.35;0.2854;0.8915;0.7531;296.8837;135.7379;81.8664
15.37;0.2854;0.8915;0.7531;296.8837;135.7379;81.9197
15.38;0.2854;0.8915;0.7531;296.8837;135.7379;81.9090
15.40;0.2854;0.8915;0.7531;296.8837;135.7379;81.9090
15.42;0.2854;0.8916;0.7531;296.8837;135.7379;81.9090
15.43;0.2854;0.8916;0.7531;296.8837;135.7379;81.9623
15.45;0.2854;0.8916;0.7531;296.8837;135.7379;81.9090
15.47;0.2854;0.8916;0.7531;296.8837;135.7379;81.9090
15.48;0.2854;0.8916;0.7531;296.8837;135.7379;81.8983
15.50;0.2854;0.8916;0.7531;296.8837;135.7379;81.8983
15.52;0.2854;0.8916;0.7531;296.8837;135.7379;81.9193
15.53;0.2854;0.8916;0.7531;296.8837;135.7379;81.9726
15.55;0.2854;0.8917;0.7530;296.8837;135.7379;82.0152
15.57;0.2854;0.8917;0.7530;296.8837;135.7379;81.9723
15.58;0.2854;0.8917;0.7530;296.8837;135.7379;82.0359
15.60;0.2854;0.8917;0.7530;296.8837;135.7379;82.0359
15.62;0.2855;0.8918;0.7530;296.8837;135.7379;82.0148
15.63;0.2855;0.8918;0.7530;296.8837;135.7379;82.0363
15.65;0.2855;0.8919;0.7529;296.8837;135.7379;82.0789
15.67;0.2855;0.8920;0.7529;296.8837;135.7379;82.0651
15.68;0.2856;0.8920;0.7529;296.8837;135.7379;82.0652
15.70;0.2856;0.8920;0.7529;296.8837;135.7379;82.0652
15.72;0.2856;0.8922;0.7529;296.8837;135.7379;82.0655
15.73;0.2857;0.8923;0.7528;296.8837;135.7379;82.0441
15.75;0.2857;0.8923;0.7528;296.8837;135.7379;82.0441
15.77;0.2857;0.8924;0.7528;296.8837;135.7379;82.0972
15.78;0.2857;0.8924;0.7528;296.8837;135.7379;82.0762
15.80;0.2857;0.8924;0.7528;296.8837;135.7379;82.0762
15.82;0.2857;0.8925;0.7527;296.8837;135.7379;82.1145
15.83;0.2857;0.8925;0.7527;296.8837;135.7379;82.0203
15.85;0.2857;0.8925;0.7527;296.8837;135.7379;82.0704
15.87;0.2857;0.8925;0.7527;296.8837;135.7379;82.0597
15.88;0.2858;0.8926;0.7527;296.8837;135.7379;82.0700
15.90;0.2858;0.8926;0.7527;296.8837;135.7379;82.0700
15.92;0.2858;0.8926;0.7527;296.8837;135.7379;82.1226
15.93;0.2858;0.8928;0.7526;296.8837;135.7379;82.1721
15.95;0.2858;0.8928;0.7526;296.8837;135.7379;82.2220
15.97;0.2858;0.8928;0.7526;296.8837;135.7379;82.2251
15.98;0.2859;0.8929;0.7526;296.8837;135.7379;82.2641
16.00;0.2859;0.8929;0.7526;296.8837;135.7379;82.2641
16.02;0.2859;0.8929;0.7526;296.8837;135.7378;82.2400
16.03;0.2859;0.8929;0.7526;296.8837;135.7379;82.2790
16.05;0.2859;0.8930;0.7526;296.8837;135.7379;82.2549
16.07;0.2859;0.8930;0.7526;296.8837;135.7379;82.2549
16.08;0.2859;0.8931;0.7525;296.8837;135.7379;82.2829
16.10;0.2859;0.8931;0.7525;296.8837;135.7379;82.2829
16.12;0.2860;0.8931;0.7525;296.8837;135.7379;82.3219
16.13;0.2860;0.8932;0.7525;296.8837;135.7379;82.2277
16.15;0.2860;0.8932;0.7525;296.8837;135.7379;82.3294
16.17;0.2860;0.8933;0.7524;296.8837;135.7379;82.3187
16.18;0.2860;0.8934;0.7524;296.8837;135.7378;82.2529
16.20;0.2860;0.8934;0.7524;296.8837;135.7378;82.2529
16.22;0.2861;0.8935;0.7524;296.8837;135.7378;82.3883
16.23;0.2861;0.8935;0.7524;296.8837;135.7378;82.3122
16.25;0.2861;0.8936;0.7523;296.8837;135.7378;82.3433
16.27;0.2861;0.8937;0.7523;296.8837;135.7378;82.2565
16.28;0.2861;0.8937;0.7523;296.8837;135.7378;82.3089
16.30;0.2861;0.8937;0.7523;296.8837;135.7378;82.3089
16.32;0.2862;0.8937;0.7523;296.8837;135.7378;82.3583
16.33;0.2862;0.8937;0.7523;296.8837;135.7378;82.3475
16.35;0.2862;0.8937;0.7523;296.8837;135.7378;82.3475
16.37;0.2862;0.8938;0.7523;296.8837;135.7378;82.4178
16.38;0.2862;0.8938;0.7522;296.8837;135.7378;82.3967
16.40;0.2862;0.8938;0.7522;296.8837;135.7378;82.3967
16.42;0.2862;0.8939;0.7522;296.8837;135.7378;82.4769
16.43;0.2863;0.8940;0.7522;296.8837;135.7378;82.4140
16.45;0.2863;0.8941;0.7522;296.8837;135.7378;82.4525
16.47;0.2863;0.8941;0.7522;296.8837;135.7378;82.4628
16.48;0.2863;0.8942;0.7521;296.8837;135.7378;82.5120
16.50;0.2863;0.8942;0.7521;296.8837;135.7378;82.5120
16.52;0.2863;0.8942;0.7521;296.8837;135.7378;82.5195
16.53;0.2863;0.8942;0.7521;296.8837;135.7378;82.5925
16.55;0.2863;0.8942;0.7521;296.8837;135.7378;82.5193
16.57;0.2863;0.8942;0.7521;296.8837;135.7377;82.5714
16.58;0.2863;0.8942;0.7521;296.8837;135.7377;82.5714
16.60;0.2863;0.8942;0.7521;296.8837;135.7377;82.5714
16.62;0.2863;0.8942;0.7521;296.8837;135.7377;82.6204
16.63;0.2863;0.8942;0.7521;296.8837;135.7377;82.6204
16.65;0.2863;0.8942;0.7521;296.8837;135.7377;82.7036
16.67;0.2863;0.8942;0.7521;296.8837;135.7378;82.7006
16.68;0.2863;0.8942;0.7521;296.8837;135.7377;82.6899
16.70;0.2863;0.8942;0.7521;296.8837;135.7377;82.6899
16.72;0.2864;0.8942;0.7521;296.8837;135.7377;82.7935
16.73;0.2864;0.8943;0.7521;296.8837;135.7377;82.7725
16.75;0.2864;0.8943;0.7521;296.8837;135.7377;82.7695
16.77;0.2864;0.8943;0.7521;296.8837;135.7377;82.7695
16.78;0.2864;0.8943;0.7521;296.8837;135.7377;82.6964
16.80;0.2864;0.8943;0.7521;296.8837;135.7377;82.6964
16.82;0.2864;0.8943;0.7521;296.8837;135.7377;82.7666
16.83;0.2864;0.8942;0.7521;296.8837;135.7377;82.7876
16.85;0.2864;0.8942;0.7521;296.8837;135.7378;82.7847
16.87;0.2864;0.8942;0.7521;296.8837;135.7378;82.7847
16.88;0.2864;0.8942;0.7521;296.8837;135.7378;82.7847
16.90;0.2864;0.8942;0.7521;296.8837;135.7378;82.7847
16.92;0.2864;0.8942;0.7521;296.8837;135.7378;82.7847
16.93;0.2864;0.8944;0.7521;296.8837;135.7378;82.8358
16.95;0.2864;0.8944;0.7521;296.8837;135.7378;82.8461
16.97;0.2864;0.8944;0.7520;296.8837;135.7378;82.8324
16.98;0.2865;0.8945;0.7520;296.8837;135.7378;82.8216
17.00;0.2865;0.8945;0.7520;296.8837;135.7378;82.8216
17.02;0.2865;0.8947;0.7519;296.8837;135.7378;82.8493
17.03;0.2865;0.8947;0.7519;296.8837;135.7378;82.9298
17.05;0.2865;0.8948;0.7519;296.8837;135.7378;82.8973
17.07;0.2866;0.8948;0.7519;296.8837;135.7378;82.8865
17.08;0.2866;0.8948;0.7519;296.8837;135.7378;82.8865
17.10;0.2866;0.8948;0.7519;296.8837;135.7378;82.8865
17.12;0.2866;0.8949;0.7519;296.8837;135.7378;82.8627
17.13;0.2866;0.8950;0.7518;296.8837;135.7378;82.8383
17.15;0.2867;0.8951;0.7518;296.8837;135.7378;82.8588
17.17;0.2867;0.8951;0.7518;296.8837;135.7378;82.9277
17.18;0.2867;0.8952;0.7517;296.8837;135.7378;82.8554
17.20;0.2867;0.8952;0.7517;296.8837;135.7378;82.8554
17.22;0.2867;0.8953;0.7517;296.8837;135.7378;82.8511
17.23;0.2868;0.8954;0.7517;296.8837;135.7378;82.8403
17.25;0.2868;0.8955;0.7516;296.8837;135.7378;82.8370
17.27;0.2868;0.8955;0.7516;296.8837;135.7378;82.8370
17.28;0.2869;0.8957;0.7516;296.8837;135.7378;82.8757
17.30;0.2869;0.8957;0.7516;296.8837;135.7378;82.8757
