5.05;0.2868;0.8915;0.7272;307.2636;148.7856;112.1329
5.07;0.2868;0.8915;0.7273;307.2147;148.7424;112.1548
5.08;0.2867;0.8914;0.7274;307.1763;148.7501;112.1422
5.10;0.2867;0.8914;0.7274;307.1763;148.7501;112.1422
5.12;0.2869;0.8912;0.7274;307.1960;148.6806;112.0917
5.13;0.2869;0.8911;0.7275;307.0980;148.5942;112.1353
5.15;0.2869;0.8912;0.7277;306.9791;148.4523;112.2486
5.17;0.2869;0.8912;0.7278;306.9301;148.4088;112.2709
5.18;0.2870;0.8912;0.7281;306.7728;148.2264;112.3729
5.20;0.2870;0.8912;0.7281;306.7728;148.2264;112.3729
5.22;0.2870;0.8911;0.7282;306.6854;148.1432;112.3831
5.23;0.2868;0.8913;0.7286;306.3953;148.0578;112.4837
5.25;0.2867;0.8913;0.7288;306.2711;148.0832;112.4641
5.27;0.2865;0.8913;0.7289;306.1959;148.1531;112.4211
5.28;0.2864;0.8914;0.7293;306.0333;148.1634;112.3164
5.30;0.2864;0.8914;0.7293;306.0333;148.1634;112.3164
5.32;0.2863;0.8913;0.7293;305.9198;148.1947;112.3347
5.33;0.2862;0.8913;0.7297;305.6617;148.1241;112.3320
5.35;0.2861;0.8914;0.7299;305.4527;148.1454;112.3060
5.37;0.2860;0.8914;0.7300;305.3781;148.1931;112.2629
5.38;0.2858;0.8915;0.7304;305.2056;148.1989;112.1953
5.40;0.2858;0.8915;0.7304;305.2056;148.1989;112.1953
5.42;0.2856;0.8917;0.7307;305.0357;148.2831;112.1816
5.43;0.2854;0.8918;0.7310;304.9124;148.3338;112.2365
5.45;0.2853;0.8919;0.7312;304.7787;148.3311;112.2548
5.47;0.2853;0.8919;0.7314;304.7297;148.2860;112.2067
5.48;0.2853;0.8919;0.7315;304.6913;148.2710;112.1953
5.50;0.2853;0.8919;0.7315;304.6913;148.2710;112.1953
5.52;0.2852;0.8920;0.7316;304.6319;148.2192;112.2573
5.53;0.2853;0.8921;0.7319;304.5237;148.0981;112.4184
5.55;0.2853;0.8921;0.7320;304.4852;148.0595;112.4071
5.57;0.2853;0.8921;0.7321;304.4956;148.0899;112.2970
5.58;0.2852;0.8921;0.7321;304.4214;148.1623;112.2541
5.60;0.2852;0.8921;0.7321;304.4214;148.1623;112.2541
5.62;0.2854;0.8920;0.7321;304.4572;148.0513;112.3589
5.63;0.2853;0.8921;0.7322;304.3829;148.1003;112.2429
5.65;0.2854;0.8920;0.7321;304.3829;148.0532;112.3161
5.67;0.2854;0.8919;0.7319;304.4423;148.1054;112.1803
5.68;0.2855;0.8919;0.7320;304.3829;147.9825;112.3161
5.70;0.2855;0.8919;0.7320;304.3829;147.9825;112.3161
5.72;0.2857;0.8918;0.7319;304.4186;147.8715;112.3476
5.73;0.2856;0.8918;0.7320;304.3340;147.9135;112.2686
5.75;0.2856;0.8918;0.7319;304.3444;147.9440;112.3048
5.77;0.2856;0.8918;0.7319;304.3444;147.9440;112.2316
5.78;0.2857;0.8917;0.7318;304.3905;147.8635;112.2993
5.80;0.2857;0.8917;0.7318;304.3905;147.8635;112.2993
5.82;0.2858;0.8917;0.7319;304.3519;147.8487;112.2880
5.83;0.2858;0.8916;0.7319;304.3342;147.8480;112.2025
5.85;0.2859;0.8915;0.7318;304.3551;147.8620;112.2750
5.87;0.2859;0.8914;0.7318;304.3655;147.8926;112.2380
5.88;0.2860;0.8914;0.7318;304.4114;147.8355;112.2324
5.90;0.2860;0.8914;0.7318;304.4114;147.8356;112.2324
5.92;0.2860;0.8914;0.7320;304.3727;147.8211;112.2208
5.93;0.2860;0.8913;0.7319;304.4041;147.9361;112.1831
5.95;0.2858;0.8910;0.7320;304.4146;147.9666;112.1344
5.97;0.2858;0.8909;0.7321;304.4146;147.9666;112.1227
5.98;0.2858;0.8908;0.7321;304.4146;147.9666;112.1088
6.00;0.2858;0.8908;0.7321;304.4146;147.9666;112.1088
6.02;0.2857;0.8908;0.7322;304.4146;147.9666;112.1456
6.03;0.2857;0.8906;0.7323;304.4146;147.9666;112.1470
6.05;0.2856;0.8905;0.7324;304.4146;147.9666;112.1194
6.07;0.2856;0.8904;0.7324;304.4146;147.9666;112.1035
6.08;0.2855;0.8902;0.7325;304.4146;147.9666;112.0346
6.10;0.2855;0.8902;0.7325;304.4146;147.9666;112.0346
6.12;0.2855;0.8900;0.7326;304.4146;147.9666;112.0187
6.13;0.2854;0.8897;0.7328;304.4146;147.9666;112.0106
6.15;0.2853;0.8896;0.7329;304.4146;147.9666;112.0142
6.17;0.2853;0.8896;0.7329;304.4146;147.9666;112.0102
6.18;0.2853;0.8894;0.7330;304.4146;147.9666;111.9646
6.20;0.2853;0.8894;0.7330;304.4146;147.9666;111.9646
6.22;0.2852;0.8893;0.7330;304.4146;147.9666;111.9801
6.23;0.2852;0.8892;0.7331;304.4146;147.9666;112.0034
6.25;0.2851;0.8891;0.7331;304.4146;147.9665;111.9695
6.27;0.2851;0.8891;0.7332;304.4146;147.9665;111.9354
6.28;0.2851;0.8890;0.7332;304.4146;147.9665;111.9627
6.30;0.2851;0.8890;0.7332;304.4146;147.9665;111.9627
6.32;0.2850;0.8889;0.7333;304.4146;147.9665;111.9392
6.33;0.2850;0.8888;0.7334;304.4146;147.9665;111.9244
6.35;0.2850;0.8887;0.7334;304.4146;147.9665;111.8826
6.37;0.2850;0.8887;0.7334;304.4146;147.9666;111.7869
6.38;0.2850;0.8887;0.7334;304.4146;147.9665;111.7945
6.40;0.2850;0.8887;0.7334;304.4146;147.9665;111.7945
6.42;0.2850;0.8887;0.7334;304.4146;147.9665;111.8678
6.43;0.2850;0.8886;0.7334;304.4146;147.9665;111.7527
6.45;0.2850;0.8886;0.7334;304.4146;147.9665;111.7408
6.47;0.2850;0.8886;0.7334;304.4146;147.9665;111.7719
6.48;0.2850;0.8886;0.7334;304.4146;147.9665;111.7719
6.50;0.2850;0.8886;0.7334;304.4146;147.9665;111.7719
6.52;0.2849;0.8886;0.7335;304.4146;147.9666;111.7914
6.53;0.2849;0.8886;0.7335;304.4146;147.9666;111.7915
6.55;0.2849;0.8886;0.7335;304.4146;147.9666;111.7181
6.57;0.2849;0.8886;0.7334;304.4146;147.9665;111.8034
6.58;0.2849;0.8886;0.7334;304.4146;147.9665;111.7302
6.60;0.2849;0.8886;0.7334;304.4146;147.9665;111.7302
6.62;0.2850;0.8886;0.7334;304.4146;147.9665;111.7838
6.63;0.2850;0.8886;0.7334;304.4146;147.9665;111.7419
6.65;0.2849;0.8886;0.7334;304.4146;147.9666;111.6881
6.67;0.2849;0.8886;0.7334;304.4146;147.9666;111.6881
6.68;0.2849;0.8886;0.7334;304.4146;147.9666;111.6881
6.70;0.2849;0.8886;0.7334;304.4146;147.9666;111.6881
6.72;0.2849;0.8886;0.7334;304.4146;147.9666;111.7612
6.73;0.2849;0.8886;0.7335;304.4146;147.9666;111.7387
6.75;0.2849;0.8885;0.7335;304.4146;147.9666;111.8002
6.77;0.2849;0.8885;0.7335;304.4146;147.9666;111.7042
6.78;0.2849;0.8885;0.7335;304.4146;147.9666;111.7431
6.80;0.2849;0.8885;0.7335;304.4146;147.9666;111.7431
6.82;0.2849;0.8884;0.7335;304.4146;147.9666;111.7936
6.83;0.2849;0.8884;0.7335;304.4146;147.9666;111.7936
6.85;0.2849;0.8884;0.7336;304.4146;147.9666;111.8012
6.87;0.2849;0.8884;0.7336;304.4146;147.9666;111.6858
6.88;0.2848;0.8883;0.7336;304.4146;147.9666;111.7667
6.90;0.2848;0.8883;0.7336;304.4146;147.9666;111.7667
6.92;0.2848;0.8883;0.7336;304.4146;147.9666;111.7430
6.93;0.2848;0.8882;0.7337;304.4146;147.9666;111.6847
6.95;0.2848;0.8881;0.7337;304.4146;147.9666;111.7537
6.97;0.2847;0.8880;0.7338;304.4146;147.9666;111.7612
6.98;0.2847;0.8880;0.7338;304.4146;147.9666;111.6956
7.00;0.2847;0.8880;0.7338;304.4146;147.9666;111.6956
7.02;0.2847;0.8879;0.7339;304.4146;147.9666;111.6720
7.03;0.2846;0.8878;0.7339;304.4146;147.9666;111.7724
7.05;0.2846;0.8878;0.7339;304.4146;147.9666;111.7921
7.07;0.2846;0.8877;0.7339;304.4146;147.9666;111.7921
7.08;0.2846;0.8877;0.7340;304.4146;147.9666;111.7382
7.10;0.2846;0.8877;0.7340;304.4146;147.9666;111.7382
7.12;0.2846;0.8876;0.7340;304.4146;147.9666;111.7996
7.13;0.2846;0.8876;0.7341;304.4146;147.9666;111.8073
7.15;0.2846;0.8875;0.7341;304.4146;147.9666;111.7954
7.17;0.2845;0.8875;0.7341;304.4146;147.9666;111.7954
7.18;0.2845;0.8874;0.7341;304.4146;147.9666;111.7105
7.20;0.2845;0.8874;0.7341;304.4146;147.9666;111.7105
7.22;0.2845;0.8874;0.7342;304.4146;147.9666;111.7602
7.23;0.2845;0.8873;0.7342;304.4146;147.9666;111.6828
7.25;0.2845;0.8873;0.7342;304.4146;147.9666;111.7758
7.27;0.2845;0.8873;0.7342;304.4146;147.9666;111.7642
7.28;0.2845;0.8872;0.7342;304.4146;147.9666;111.6910
7.30;0.2845;0.8872;0.7342;304.4146;147.9666;111.6910
7.32;0.2845;0.8873;0.7342;304.4146;147.9666;111.6838
7.33;0.2845;0.8873;0.7342;304.4146;147.9666;111.7570
7.35;0.2845;0.8873;0.7342;304.4146;147.9666;111.6644
7.37;0.2845;0.8873;0.7342;304.4146;147.9666;111.6648
7.38;0.2845;0.8873;0.7342;304.4146;147.9666;111.7380
7.40;0.2845;0.8873;0.7342;304.4146;147.9666;111.7380
7.42;0.2845;0.8873;0.7342;304.4146;147.9666;111.7148
7.43;0.2845;0.8873;0.7342;304.4146;147.9666;111.7574
7.45;0.2845;0.8873;0.7342;304.4146;147.9666;111.7036
7.47;0.2845;0.8873;0.7342;304.4146;147.9666;111.7036
7.48;0.2845;0.8873;0.7342;304.4146;147.9666;111.7769
7.50;0.2845;0.8873;0.7342;304.4146;147.9666;111.7769
7.52;0.2845;0.8873;0.7342;304.4146;147.9666;111.7036
7.53;0.2845;0.8873;0.7342;304.4146;147.9666;111.7036
7.55;0.2845;0.8873;0.7342;304.4146;147.9666;111.7769
7.57;0.2845;0.8873;0.7342;304.4146;147.9665;111.7037
7.58;0.2845;0.8873;0.7342;304.4146;147.9665;111.7037
7.60;0.2845;0.8873;0.7342;304.4146;147.9665;111.7037
7.62;0.2845;0.8873;0.7342;304.4146;147.9666;111.7769
7.63;0.2845;0.8873;0.7342;304.4146;147.9665;111.7037
7.65;0.2845;0.8873;0.7342;304.4146;147.9666;111.7769
7.67;0.2845;0.8873;0.7342;304.4146;147.9666;111.7769
7.68;0.2845;0.8873;0.7342;304.4146;147.9666;111.7769
7.70;0.2845;0.8873;0.7342;304.4146;147.9666;111.7769
7.72;0.2845;0.8873;0.7342;304.4146;147.9666;111.7769
7.73;0.2845;0.8873;0.7342;304.4146;147.9665;111.7342
7.75;0.2845;0.8873;0.7342;304.4146;147.9665;111.7342
7.77;0.2845;0.8873;0.7342;304.4146;147.9665;111.7342
7.78;0.2845;0.8873;0.7342;304.4146;147.9665;111.6610
7.80;0.2845;0.8873;0.7342;304.4146;147.9665;111.6610
7.82;0.2845;0.8873;0.7342;304.4146;147.9665;111.7037
7.83;0.2845;0.8873;0.7342;304.4146;147.9665;111.7037
7.85;0.2845;0.8873;0.7342;304.4146;147.9665;111.7343
7.87;0.2845;0.8873;0.7342;304.4146;147.9665;111.7148
7.88;0.2845;0.8873;0.7342;304.4146;147.9665;111.6416
7.90;0.2845;0.8873;0.7342;304.4146;147.9665;111.6416
7.92;0.2845;0.8873;0.7342;304.4146;147.9665;111.7148
7.93;0.2845;0.8873;0.7342;304.4146;147.9665;111.6416
7.95;0.2845;0.8873;0.7342;304.4146;147.9665;111.6611
7.97;0.2845;0.8873;0.7342;304.4146;147.9665;111.6611
7.98;0.2845;0.8873;0.7342;304.4146;147.9665;111.7343
8.00;0.2845;0.8873;0.7342;304.4146;147.9665;111.7343
8.02;0.2845;0.8873;0.7342;304.4146;147.9665;111.7343
8.03;0.2845;0.8873;0.7342;304.4146;147.9665;111.6611
8.05;0.2845;0.8873;0.7342;304.4146;147.9665;111.6611
8.07;0.2845;0.8873;0.7342;304.4146;147.9665;111.7343
8.08;0.2845;0.8873;0.7342;304.4146;147.9664;111.6611
8.10;0.2845;0.8873;0.7342;304.4146;147.9665;111.6611
8.12;0.2845;0.8873;0.7342;304.4146;147.9664;111.7343
8.13;0.2845;0.8873;0.7342;304.4146;147.9665;111.6805
8.15;0.2845;0.8873;0.7342;304.4146;147.9665;111.7537
8.17;0.2845;0.8873;0.7342;304.4146;147.9665;111.6805
8.18;0.2845;0.8873;0.7342;304.4146;147.9664;111.6805
8.20;0.2845;0.8873;0.7342;304.4146;147.9664;111.6805
8.22;0.2845;0.8873;0.7342;304.4146;147.9664;111.7537
8.23;0.2845;0.8872;0.7342;304.4146;147.9665;111.7731
8.25;0.2844;0.8872;0.7343;304.4146;147.9664;111.7198
8.27;0.2844;0.8872;0.7343;304.4146;147.9664;111.7926
8.28;0.2844;0.8872;0.7343;304.4146;147.9665;111.8120
8.30;0.2844;0.8872;0.7343;304.4146;147.9665;111.8120
8.32;0.2844;0.8872;0.7343;304.4146;147.9665;111.8314
8.33;0.2844;0.8872;0.7343;304.4146;147.9664;111.7776
8.35;0.2844;0.8871;0.7343;304.4146;147.9665;111.8508
8.37;0.2844;0.8871;0.7343;304.4146;147.9665;111.8703
8.38;0.2844;0.8871;0.7343;304.4146;147.9665;111.7970
8.40;0.2844;0.8871;0.7343;304.4146;147.9665;111.7970
8.42;0.2844;0.8871;0.7343;304.4146;147.9665;111.8897
8.43;0.2844;0.8871;0.7343;304.4146;147.9665;111.8359
8.45;0.2844;0.8871;0.7343;304.4146;147.9665;111.9091
8.47;0.2844;0.8871;0.7343;304.4146;147.9665;111.9091
8.48;0.2844;0.8871;0.7343;304.4146;147.9665;111.8359
8.50;0.2844;0.8871;0.7343;304.4146;147.9665;111.8359
8.52;0.2844;0.8871;0.7343;304.4146;147.9665;111.9091
8.53;0.2844;0.8871;0.7343;304.4146;147.9665;111.9095
8.55;0.2844;0.8871;0.7343;304.4146;147.9665;111.8972
8.57;0.2844;0.8871;0.7343;304.4146;147.9665;111.8975
8.58;0.2844;0.8870;0.7344;304.4146;147.9665;111.9166
8.60;0.2844;0.8870;0.7344;304.4146;147.9665;111.9166
8.62;0.2844;0.8870;0.7344;304.4146;147.9665;111.8437
8.63;0.2844;0.8870;0.7344;304.4146;147.9665;111.8437
8.65;0.2844;0.8870;0.7344;304.4146;147.9665;111.8623
8.67;0.2844;0.8870;0.7344;304.4146;147.9665;111.8623
8.68;0.2844;0.8870;0.7344;304.4146;147.9665;111.8623
8.70;0.2844;0.8870;0.7344;304.4146;147.9665;111.8623
8.72;0.2844;0.8870;0.7344;304.4146;147.9665;111.7771
8.73;0.2843;0.8869;0.7344;304.4146;147.9665;111.7418
8.75;0.2843;0.8869;0.7344;304.4146;147.9664;111.8041
8.77;0.2843;0.8869;0.7344;304.4146;147.9664;111.8345
8.78;0.2843;0.8869;0.7345;304.4146;147.9664;111.8345
8.80;0.2843;0.8869;0.7345;304.4146;147.9664;111.8345
8.82;0.2843;0.8868;0.7345;304.4146;147.9664;111.8539
8.83;0.2843;0.8868;0.7345;304.4146;147.9664;111.8614
8.85;0.2843;0.8868;0.7345;304.4146;147.9664;111.8614
8.87;0.2843;0.8868;0.7345;304.4146;147.9664;111.8614
8.88;0.2843;0.8868;0.7345;304.4146;147.9664;111.8614
8.90;0.2843;0.8868;0.7345;304.4146;147.9664;111.8614
8.92;0.2843;0.8868;0.7345;304.4146;147.9664;111.8314
8.93;0.2843;0.8868;0.7345;304.4146;147.9664;111.8614
8.95;0.2843;0.8868;0.7345;304.4146;147.9664;111.7691
8.97;0.2843;0.8868;0.7345;304.4146;147.9664;111.7687
8.98;0.2843;0.8868;0.7345;304.4146;147.9664;111.8419
9.00;0.2843;0.8868;0.7345;304.4146;147.9664;111.8419
9.02;0.2843;0.8868;0.7345;304.4146;147.9664;111.8423
9.03;0.2843;0.8868;0.7345;304.4146;147.9664;111.7687
9.05;0.2843;0.8868;0.7345;304.4146;147.9664;111.7885
9.07;0.2843;0.8868;0.7345;304.4146;147.9664;111.8189
9.08;0.2843;0.8868;0.7345;304.4146;147.9664;111.7457
9.10;0.2843;0.8868;0.7345;304.4146;147.9664;111.7457
9.12;0.2843;0.8868;0.7345;304.4146;147.9664;111.8383
9.13;0.2843;0.8868;0.7345;304.4146;147.9664;111.8079
9.15;0.2843;0.8868;0.7345;304.4146;147.9664;111.7651
9.17;0.2843;0.8868;0.7345;304.4146;147.9664;111.7457
9.18;0.2843;0.8868;0.7345;304.4146;147.9664;111.7457
9.20;0.2843;0.8868;0.7345;304.4146;147.9664;111.7457
9.22;0.2843;0.8868;0.7345;304.4146;147.9664;111.8189
9.23;0.2843;0.8868;0.7345;304.4146;147.9664;111.8189
9.25;0.2843;0.8868;0.7345;304.4146;147.9664;111.8189
9.27;0.2843;0.8868;0.7345;304.4146;147.9664;111.7760
9.28;0.2843;0.8868;0.7345;304.4146;147.9664;111.7456
9.30;0.2843;0.8868;0.7345;304.4146;147.9664;111.7456
9.32;0.2843;0.8868;0.7345;304.4146;147.9664;111.7760
9.33;0.2843;0.8868;0.7345;304.4146;147.9664;111.7456
9.35;0.2843;0.8868;0.7345;304.4146;147.9665;111.7456
9.37;0.2843;0.8868;0.7345;304.4146;147.9664;111.7760
9.38;0.2843;0.8868;0.7345;304.4146;147.9664;111.8189
9.40;0.2843;0.8868;0.7345;304.4146;147.9664;111.8189
9.42;0.2843;0.8868;0.7345;304.4146;147.9664;111.8189
9.43;0.2843;0.8868;0.7345;304.4146;147.9665;111.7456
9.45;0.2843;0.8868;0.7345;304.4146;147.9665;111.7456
9.47;0.2843;0.8868;0.7345;304.4146;147.9664;111.7760
9.48;0.2843;0.8868;0.7345;304.4146;147.9664;111.7028
9.50;0.2843;0.8868;0.7345;304.4146;147.9664;111.7028
9.52;0.2843;0.8868;0.7345;304.4146;147.9665;111.7456
9.53;0.2843;0.8868;0.7345;304.4146;147.9665;111.7456
9.55;0.2843;0.8868;0.7345;304.4146;147.9665;111.7456
9.57;0.2843;0.8868;0.7345;304.4146;147.9664;111.7760
9.58;0.2843;0.8868;0.7345;304.4146;147.9665;111.7456
9.60;0.2843;0.8868;0.7345;304.4146;147.9665;111.7456
9.62;0.2843;0.8868;0.7345;304.4146;147.9664;111.8189
9.63;0.2843;0.8868;0.7345;304.4146;147.9665;111.7456
9.65;0.2843;0.8868;0.7345;304.4146;147.9665;111.7460
9.67;0.2843;0.8868;0.7345;304.4146;147.9665;111.7456
9.68;0.2843;0.8868;0.7345;304.4146;147.9664;111.8189
9.70;0.2843;0.8868;0.7345;304.4146;147.9664;111.8189
9.72;0.2843;0.8868;0.7345;304.4146;147.9664;111.7760
9.73;0.2843;0.8868;0.7345;304.4146;147.9664;111.8189
9.75;0.2843;0.8868;0.7345;304.4146;147.9664;111.8189
9.77;0.2843;0.8868;0.7345;304.4146;147.9664;111.7760
9.78;0.2843;0.8868;0.7345;304.4146;147.9664;111.8189
9.80;0.2843;0.8868;0.7345;304.4146;147.9664;111.8189
9.82;0.2843;0.8868;0.7345;304.4146;147.9665;111.7460
9.83;0.2843;0.8868;0.7345;304.4146;147.9664;111.8189
9.85;0.2843;0.8868;0.7345;304.4146;147.9665;111.7460
9.87;0.2843;0.8868;0.7345;304.4146;147.9665;111.7456
9.88;0.2843;0.8868;0.7345;304.4146;147.9665;111.7460
9.90;0.2843;0.8868;0.7345;304.4146;147.9665;111.7460
9.92;0.2843;0.8868;0.7345;304.4146;147.9664;111.8189
9.93;0.2843;0.8868;0.7345;304.4146;147.9665;111.7456
9.95;0.2843;0.8868;0.7345;304.4146;147.9664;111.7760
9.97;0.2843;0.8868;0.7345;304.4146;147.9664;111.8193
9.98;0.2843;0.8868;0.7345;304.4146;147.9664;111.7760
10.00;0.2843;0.8868;0.7345;304.4146;147.9664;111.7760
10.02;0.2843;0.8868;0.7345;304.4146;147.9665;111.7460
10.03;0.2843;0.8868;0.7345;304.4146;147.9664;111.7580
10.05;0.2843;0.8868;0.7345;304.4146;147.9664;111.8312
10.07;0.2843;0.8868;0.7345;304.4146;147.9664;111.7884
10.08;0.2843;0.8868;0.7345;304.4146;147.9664;111.7152
10.10;0.2843;0.8868;0.7345;304.4146;147.9664;111.7152
10.12;0.2843;0.8868;0.7345;304.4146;147.9664;111.7580
10.13;0.2843;0.8868;0.7345;304.4146;147.9664;111.7152
10.15;0.2843;0.8868;0.7345;304.4146;147.9664;111.7580
10.17;0.2843;0.8868;0.7345;304.4146;147.9664;111.7884
10.18;0.2843;0.8868;0.7345;304.4146;147.9664;111.7152
10.20;0.2843;0.8868;0.7345;304.4146;147.9664;111.7152
10.22;0.2843;0.8868;0.7345;304.4146;147.9664;111.7764
10.23;0.2843;0.8868;0.7345;304.4146;147.9664;111.7464
10.25;0.2843;0.8868;0.7345;304.4146;147.9664;111.7659
10.27;0.2843;0.8868;0.7345;304.4146;147.9664;111.8391
10.28;0.2843;0.8868;0.7345;304.4146;147.9664;111.7230
10.30;0.2843;0.8868;0.7345;304.4146;147.9664;111.7230
10.32;0.2843;0.8868;0.7345;304.4146;147.9664;111.7234
10.33;0.2843;0.8868;0.7345;304.4146;147.9664;111.7663
10.35;0.2843;0.8868;0.7345;304.4146;147.9664;111.7663
10.37;0.2843;0.8868;0.7345;304.4146;147.9664;111.8395
10.38;0.2843;0.8868;0.7345;304.4146;147.9664;111.7667
10.40;0.2843;0.8868;0.7345;304.4146;147.9664;111.7667
10.42;0.2843;0.8868;0.7345;304.4146;147.9664;111.7667
10.43;0.2843;0.8868;0.7345;304.4146;147.9664;111.7238
10.45;0.2843;0.8867;0.7345;304.4146;147.9665;111.7861
10.47;0.2843;0.8867;0.7345;304.4146;147.9664;111.7866
10.48;0.2843;0.8867;0.7345;304.4146;147.9664;111.7437
10.50;0.2843;0.8867;0.7345;304.4146;147.9664;111.7437
10.52;0.2843;0.8867;0.7345;304.4146;147.9664;111.7437
10.53;0.2843;0.8867;0.7345;304.4146;147.9664;111.7437
10.55;0.2843;0.8867;0.7345;304.4146;147.9664;111.7866
10.57;0.2843;0.8867;0.7345;304.4146;147.9664;111.7437
10.58;0.2843;0.8867;0.7345;304.4146;147.9664;111.7437
10.60;0.2843;0.8867;0.7345;304.4146;147.9664;111.7437
10.62;0.2843;0.8867;0.7345;304.4146;147.9665;111.8363
10.63;0.2843;0.8867;0.7345;304.4146;147.9664;111.8065
10.65;0.2843;0.8867;0.7345;304.4146;147.9664;111.8065
10.67;0.2843;0.8867;0.7345;304.4146;147.9664;111.7631
10.68;0.2843;0.8867;0.7345;304.4146;147.9665;111.8060
10.70;0.2843;0.8867;0.7345;304.4146;147.9665;111.8060
10.72;0.2843;0.8867;0.7345;304.4146;147.9665;111.8363
10.73;0.2843;0.8867;0.7345;304.4146;147.9665;111.8363
10.75;0.2843;0.8867;0.7345;304.4146;147.9665;111.8363
10.77;0.2843;0.8867;0.7345;304.4146;147.9665;111.8060
10.78;0.2843;0.8867;0.7345;304.4146;147.9664;111.8363
10.80;0.2843;0.8867;0.7345;304.4146;147.9664;111.8363
10.82;0.2843;0.8867;0.7345;304.4146;147.9665;111.8065
10.83;0.2843;0.8867;0.7345;304.4146;147.9665;111.8060
10.85;0.2843;0.8867;0.7345;304.4146;147.9664;111.8065
10.87;0.2843;0.8867;0.7345;304.4146;147.9664;111.7631
10.88;0.2843;0.8867;0.7345;304.4146;147.9664;111.8065
10.90;0.2843;0.8867;0.7345;304.4146;147.9664;111.8065
10.92;0.2843;0.8867;0.7345;304.4146;147.9665;111.8065
10.93;0.2843;0.8867;0.7345;304.4146;147.9665;111.7636
10.95;0.2843;0.8867;0.7345;304.4146;147.9664;111.7641
10.97;0.2843;0.8867;0.7345;304.4146;147.9665;111.7641
10.98;0.2843;0.8867;0.7345;304.4146;147.9665;111.7641
11.00;0.2843;0.8867;0.7345;304.4146;147.9665;111.7641
11.02;0.2843;0.8867;0.7345;304.4146;147.9665;111.7641
11.03;0.2843;0.8867;0.7345;304.4146;147.9665;111.7641
11.05;0.2843;0.8867;0.7345;304.4146;147.9665;111.7641
11.07;0.2843;0.8867;0.7345;304.4146;147.9665;111.7646
11.08;0.2843;0.8867;0.7345;304.4146;147.9665;111.7646
11.10;0.2843;0.8867;0.7345;304.4146;147.9665;111.7646
11.12;0.2843;0.8867;0.7345;304.4146;147.9665;111.8378
11.13;0.2843;0.8867;0.7345;304.4146;147.9665;111.7217
11.15;0.2843;0.8867;0.7345;304.4146;147.9664;111.7949
11.17;0.2843;0.8867;0.7345;304.4146;147.9664;111.7949
11.18;0.2843;0.8867;0.7345;304.4146;147.9665;111.7217
11.20;0.2843;0.8867;0.7345;304.4146;147.9665;111.7217
11.22;0.2843;0.8867;0.7345;304.4146;147.9665;111.7217
11.23;0.2843;0.8867;0.7345;304.4146;147.9665;111.7217
11.25;0.2843;0.8867;0.7345;304.4146;147.9665;111.7217
11.27;0.2843;0.8867;0.7345;304.4146;147.9664;111.7949
11.28;0.2843;0.8867;0.7345;304.4146;147.9665;111.7222
11.30;0.2843;0.8867;0.7345;304.4146;147.9665;111.7222
11.32;0.2843;0.8867;0.7345;304.4146;147.9664;111.7343
11.33;0.2843;0.8867;0.7345;304.4146;147.9664;111.7343
11.35;0.2843;0.8867;0.7345;304.4146;147.9665;111.7343
11.37;0.2843;0.8868;0.7345;304.4146;147.9665;111.7343
11.38;0.2843;0.8868;0.7345;304.4146;147.9665;111.7343
11.40;0.2843;0.8868;0.7345;304.4146;147.9665;111.7343
11.42;0.2843;0.8868;0.7345;304.4146;147.9665;111.8075
11.43;0.2843;0.8868;0.7345;304.4146;147.9665;111.7348
11.45;0.2843;0.8868;0.7345;304.4146;147.9665;111.7348
11.47;0.2843;0.8868;0.7345;304.4146;147.9665;111.7348
11.48;0.2843;0.8868;0.7345;304.4146;147.9665;111.7348
11.50;0.2843;0.8868;0.7345;304.4146;147.9665;111.7348
11.52;0.2843;0.8868;0.7345;304.4146;147.9665;111.7348
11.53;0.2843;0.8868;0.7345;304.4146;147.9665;111.6616
11.55;0.2843;0.8868;0.7345;304.4146;147.9665;111.7154
11.57;0.2843;0.8868;0.7345;304.4146;147.9665;111.6851
11.58;0.2843;0.8868;0.7345;304.4146;147.9665;111.7154
11.60;0.2843;0.8868;0.7345;304.4146;147.9665;111.7154
11.62;0.2843;0.8868;0.7345;304.4146;147.9665;111.7583
11.63;0.2843;0.8868;0.7345;304.4146;147.9665;111.6851
11.65;0.2843;0.8868;0.7345;304.4146;147.9665;111.7704
11.67;0.2843;0.8868;0.7345;304.4146;147.9665;111.6978
11.68;0.2843;0.8868;0.7345;304.4146;147.9665;111.7401
11.70;0.2843;0.8868;0.7345;304.4146;147.9665;111.7401
11.72;0.2843;0.8868;0.7345;304.4146;147.9665;111.7595
11.73;0.2843;0.8868;0.7345;304.4146;147.9665;111.7595
11.75;0.2843;0.8868;0.7345;304.4146;147.9665;111.7291
11.77;0.2843;0.8868;0.7345;304.4146;147.9665;111.7291
11.78;0.2843;0.8868;0.7345;304.4146;147.9665;111.7291
11.80;0.2843;0.8868;0.7345;304.4146;147.9665;111.7291
11.82;0.2843;0.8868;0.7345;304.4146;147.9665;111.7291
11.83;0.2843;0.8868;0.7345;304.4146;147.9665;111.7297
11.85;0.2843;0.8868;0.7345;304.4146;147.9665;111.7291
11.87;0.2843;0.8868;0.7345;304.4146;147.9665;111.7297
11.88;0.2843;0.8868;0.7345;304.4146;147.9665;111.7297
11.90;0.2843;0.8868;0.7345;304.4146;147.9665;111.7297
11.92;0.2843;0.8868;0.7345;304.4146;147.9665;111.7291
11.93;0.2843;0.8868;0.7345;304.4146;147.9665;111.7297
11.95;0.2843;0.8868;0.7345;304.4146;147.9665;111.7291
11.97;0.2843;0.8868;0.7345;304.4146;147.9665;111.7297
11.98;0.2843;0.8868;0.7345;304.4146;147.9665;111.7485
12.00;0.2843;0.8868;0.7345;304.4146;147.9665;111.7485
12.02;0.2843;0.8868;0.7345;304.4146;147.9665;111.7491
12.03;0.2843;0.8868;0.7345;304.4146;147.9665;111.7491
12.05;0.2843;0.8868;0.7345;304.4146;147.9665;111.6759
12.07;0.2843;0.8868;0.7345;304.4146;147.9665;111.8223
12.08;0.2843;0.8868;0.7345;304.4146;147.9665;111.7491
12.10;0.2843;0.8868;0.7345;304.4146;147.9665;111.7491
12.12;0.2843;0.8868;0.7345;304.4146;147.9665;111.7491
12.13;0.2843;0.8868;0.7345;304.4146;147.9665;111.7485
12.15;0.2843;0.8868;0.7345;304.4146;147.9665;111.7188
12.17;0.2843;0.8868;0.7345;304.4146;147.9665;111.7188
12.18;0.2843;0.8868;0.7345;304.4146;147.9665;111.6456
12.20;0.2843;0.8868;0.7345;304.4146;147.9665;111.6456
12.22;0.2843;0.8868;0.7345;304.4146;147.9665;111.7005
12.23;0.2843;0.8868;0.7345;304.4146;147.9665;111.7005
12.25;0.2843;0.8869;0.7345;304.4146;147.9665;111.6821
12.27;0.2843;0.8869;0.7345;304.4146;147.9665;111.7249
12.28;0.2843;0.8869;0.7344;304.4146;147.9665;111.7064
12.30;0.2843;0.8869;0.7344;304.4146;147.9665;111.7064
12.32;0.2844;0.8870;0.7344;304.4146;147.9665;111.6138
12.33;0.2844;0.8870;0.7344;304.4146;147.9665;111.6684
12.35;0.2844;0.8870;0.7344;304.4146;147.9665;111.6684
12.37;0.2844;0.8870;0.7344;304.4146;147.9665;111.6072
12.38;0.2844;0.8871;0.7343;304.4146;147.9665;111.6192
12.40;0.2844;0.8871;0.7343;304.4146;147.9665;111.6192
12.42;0.2844;0.8871;0.7343;304.4146;147.9665;111.6618
12.43;0.2844;0.8871;0.7343;304.4146;147.9665;111.6313
12.45;0.2844;0.8871;0.7343;304.4146;147.9665;111.6313
12.47;0.2844;0.8871;0.7343;304.4146;147.9665;111.6313
12.48;0.2844;0.8871;0.7343;304.4146;147.9665;111.6313
12.50;0.2844;0.8871;0.7343;304.4146;147.9665;111.6313
12.52;0.2844;0.8871;0.7343;304.4146;147.9665;111.6313
12.53;0.2844;0.8871;0.7343;304.4146;147.9665;111.6313
12.55;0.2844;0.8871;0.7343;304.4146;147.9665;111.6127
12.57;0.2844;0.8871;0.7343;304.4146;147.9665;111.6978
12.58;0.2844;0.8871;0.7343;304.4146;147.9665;111.6246
12.60;0.2844;0.8871;0.7343;304.4146;147.9665;111.6246
12.62;0.2844;0.8871;0.7343;304.4146;147.9665;111.5746
12.63;0.2844;0.8871;0.7343;304.4146;147.9665;111.6597
12.65;0.2844;0.8871;0.7343;304.4146;147.9665;111.7023
12.67;0.2844;0.8871;0.7343;304.4146;147.9665;111.6291
12.68;0.2844;0.8872;0.7343;304.4146;147.9665;111.6522
12.70;0.2844;0.8872;0.7343;304.4146;147.9665;111.6522
12.72;0.2844;0.8872;0.7343;304.4146;147.9665;111.6020
12.73;0.2845;0.8873;0.7342;304.4146;147.9665;111.5561
12.75;0.2845;0.8874;0.7341;304.4146;147.9665;111.5297
12.77;0.2845;0.8875;0.7341;304.4146;147.9665;111.4913
12.78;0.2846;0.8875;0.7341;304.4146;147.9665;111.4512
12.80;0.2846;0.8875;0.7341;304.4146;147.9665;111.4512
12.82;0.2846;0.8876;0.7340;304.4146;147.9665;111.4970
12.83;0.2846;0.8878;0.7339;304.4146;147.9665;111.4492
12.85;0.2847;0.8878;0.7339;304.4146;147.9665;111.4098
12.87;0.2847;0.8879;0.7339;304.4146;147.9665;111.4637
12.88;0.2847;0.8880;0.7338;304.4146;147.9665;111.4671
12.90;0.2847;0.8880;0.7338;304.4146;147.9665;111.4671
12.92;0.2847;0.8880;0.7338;304.4146;147.9665;111.4385
12.93;0.2848;0.8881;0.7337;304.4146;147.9665;111.3794
12.95;0.2848;0.8881;0.7337;304.4146;147.9665;111.3701
12.97;0.2848;0.8882;0.7337;304.4146;147.9665;111.3701
12.98;0.2848;0.8882;0.7337;304.4146;147.9665;111.4121
13.00;0.2848;0.8882;0.7337;304.4146;147.9665;111.4121
13.02;0.2848;0.8882;0.7337;304.4146;147.9665;111.3919
13.03;0.2848;0.8883;0.7336;304.4146;147.9665;111.4069
13.05;0.2848;0.8883;0.7336;304.4146;147.9665;111.4410
13.07;0.2849;0.8884;0.7336;304.4146;147.9665;111.4208
13.08;0.2849;0.8885;0.7335;304.4146;147.9665;111.4241
13.10;0.2849;0.8885;0.7335;304.4146;147.9665;111.4241
13.12;0.2850;0.8887;0.7334;304.4146;147.9665;111.3997
13.13;0.2850;0.8888;0.7333;304.4146;147.9665;111.4678
13.15;0.2851;0.8890;0.7332;304.4146;147.9665;111.4815
13.17;0.2851;0.8890;0.7332;304.4146;147.9665;111.4810
13.18;0.2852;0.8892;0.7331;304.4146;147.9665;111.5315
13.20;0.2852;0.8892;0.7331;304.4146;147.9665;111.5315
13.22;0.2852;0.8892;0.7331;304.4146;147.9665;111.4739
13.23;0.2852;0.8894;0.7330;304.4146;147.9665;111.5718
13.25;0.2853;0.8895;0.7329;304.4146;147.9665;111.4825
13.27;0.2853;0.8895;0.7329;304.4146;147.9665;111.4630
13.28;0.2853;0.8896;0.7329;304.4146;147.9665;111.4541
13.30;0.2853;0.8896;0.7329;304.4146;147.9665;111.4541
13.32;0.2853;0.8896;0.7329;304.4146;147.9665;111.4871
13.33;0.2853;0.8897;0.7328;304.4146;147.9665;111.5603
13.35;0.2853;0.8897;0.7328;304.4146;147.9665;111.5598
13.37;0.2853;0.8897;0.7328;304.4146;147.9665;111.4866
13.38;0.2853;0.8897;0.7328;304.4146;147.9665;111.4983
13.40;0.2853;0.8897;0.7328;304.4146;147.9665;111.4983
13.42;0.2853;0.8897;0.7328;304.4146;147.9665;111.5099
13.43;0.2854;0.8898;0.7328;304.4146;147.9665;111.6065
13.45;0.2854;0.8899;0.7327;304.4146;147.9665;111.6090
13.47;0.2854;0.8899;0.7327;304.4146;147.9665;111.5474
13.48;0.2855;0.8901;0.7326;304.4146;147.9665;111.5435
13.50;0.2855;0.8901;0.7326;304.4146;147.9665;111.5435
13.52;0.2855;0.8902;0.7325;304.4146;147.9665;111.4835
13.53;0.2856;0.8904;0.7324;304.4146;147.9665;111.3969
13.55;0.2857;0.8906;0.7323;304.4146;147.9665;111.4036
13.57;0.2857;0.8906;0.7323;304.4146;147.9665;111.3104
