9.05;0.2871;0.8945;0.7316;303.3892;150.0289;84.0249
9.07;0.2870;0.8944;0.7316;303.4016;150.1061;83.9889
9.08;0.2869;0.8944;0.7317;303.4016;150.1297;83.9889
9.10;0.2869;0.8944;0.7317;303.4016;150.1532;83.9889
9.12;0.2868;0.8944;0.7318;303.3521;150.1355;84.0125
9.13;0.2868;0.8944;0.7318;303.3521;150.1590;84.0125
9.15;0.2867;0.8944;0.7318;303.3644;150.2127;83.9032
9.17;0.2868;0.8943;0.7318;303.4092;150.1497;83.9772
9.18;0.2868;0.8943;0.7318;303.4216;150.1797;83.9412
9.20;0.2868;0.8942;0.7318;303.4339;150.2097;83.9052
9.22;0.2868;0.8942;0.7318;303.4586;150.2697;83.7601
9.23;0.2867;0.8943;0.7319;303.3643;150.2919;83.7826
9.25;0.2867;0.8943;0.7319;303.3643;150.2919;83.8559
9.27;0.2864;0.8943;0.7319;303.2996;150.4786;83.7820
9.28;0.2863;0.8944;0.7319;303.2673;150.5721;83.7449
9.30;0.2863;0.8944;0.7319;303.2673;150.5721;83.7449
9.32;0.2862;0.8944;0.7319;303.2350;150.6658;83.7077
9.33;0.2860;0.8944;0.7319;303.2153;150.7896;83.6343
9.35;0.2856;0.8945;0.7318;303.1189;151.0716;83.5215
9.37;0.2852;0.8947;0.7320;302.9606;151.2837;83.3938
9.38;0.2851;0.8946;0.7318;302.9908;151.4258;83.2959
9.40;0.2852;0.8947;0.7319;302.9286;151.3548;83.4288
9.42;0.2849;0.8947;0.7318;302.9142;151.5852;83.3282
9.43;0.2846;0.8948;0.7318;302.8504;151.7753;83.1775
9.45;0.2845;0.8949;0.7317;302.7868;151.9187;82.9530
9.47;0.2843;0.8950;0.7317;302.7233;152.0626;82.8012
9.48;0.2843;0.8950;0.7317;302.6916;152.1348;82.6153
9.50;0.2840;0.8951;0.7317;302.6152;152.2963;82.4986
9.52;0.2837;0.8951;0.7315;302.6014;152.5292;82.3217
9.53;0.2837;0.8951;0.7315;302.6014;152.5292;82.2484
9.55;0.2834;0.8951;0.7312;302.6637;152.8627;81.9761
9.57;0.2833;0.8951;0.7312;302.6323;152.9592;81.8625
9.58;0.2833;0.8950;0.7312;302.6456;152.9891;81.8269
9.60;0.2833;0.8950;0.7312;302.6456;152.9891;81.8269
9.62;0.2831;0.8949;0.7311;302.6410;153.1455;81.6422
9.63;0.2831;0.8949;0.7311;302.6410;153.1455;81.6422
9.65;0.2831;0.8945;0.7310;302.7392;153.1978;81.5789
9.67;0.2830;0.8944;0.7309;302.7484;153.3835;81.3593
9.68;0.2831;0.8942;0.7309;302.8064;153.3462;81.4025
9.70;0.2830;0.8941;0.7308;302.8333;153.4053;81.2589
9.72;0.2831;0.8939;0.7309;302.8550;153.3584;81.2161
9.73;0.2832;0.8938;0.7308;302.9127;153.3210;81.2591
9.75;0.2832;0.8937;0.7309;302.9207;153.2684;81.2510
9.77;0.2834;0.8937;0.7311;302.8521;153.0943;81.2621
9.78;0.2834;0.8936;0.7311;302.8655;153.1239;81.3000
9.80;0.2835;0.8936;0.7311;302.8963;153.0278;81.3396
9.82;0.2835;0.8936;0.7312;302.8466;152.9888;81.3620
9.83;0.2835;0.8937;0.7314;302.7835;152.9200;81.3465
9.85;0.2836;0.8936;0.7315;302.7779;152.8145;81.4463
9.87;0.2838;0.8936;0.7316;302.7590;152.6793;81.5082
9.88;0.2838;0.8936;0.7316;302.7722;152.7092;81.4726
9.90;0.2838;0.8936;0.7317;302.7225;152.6700;81.4953
9.92;0.2837;0.8935;0.7317;302.7490;152.7298;81.4241
9.93;0.2837;0.8935;0.7318;302.6992;152.6906;81.4466
9.95;0.2838;0.8933;0.7318;302.7066;152.6155;81.4370
9.97;0.2838;0.8933;0.7319;302.6700;152.6064;81.4239
9.98;0.2838;0.8932;0.7319;302.6832;152.6364;81.3882
10.00;0.2837;0.8933;0.7320;302.6028;152.6933;81.3718
10.02;0.2837;0.8932;0.7321;302.6100;152.6419;81.3619
10.03;0.2837;0.8932;0.7322;302.5601;152.6028;81.3112
10.05;0.2836;0.8931;0.7323;302.5366;152.6476;81.3355
10.07;0.2837;0.8929;0.7324;302.5436;152.5730;81.3251
10.08;0.2837;0.8929;0.7325;302.4937;152.5340;81.3477
10.10;0.2837;0.8929;0.7325;302.5069;152.5643;81.3118
10.12;0.2838;0.8928;0.7326;302.5136;152.4899;81.3744
10.13;0.2836;0.8928;0.7327;302.4465;152.6007;81.2491
10.15;0.2838;0.8926;0.7329;302.4465;152.4222;81.3364
10.17;0.2838;0.8925;0.7329;302.4228;152.4442;81.3600
10.18;0.2837;0.8924;0.7330;302.3858;152.4594;81.2732
10.20;0.2838;0.8924;0.7330;302.4291;152.3940;81.3485
10.22;0.2837;0.8924;0.7331;302.4052;152.4633;81.3720
10.23;0.2837;0.8925;0.7332;302.3552;152.4246;81.3211
10.25;0.2836;0.8926;0.7335;302.2419;152.3869;81.4755
10.27;0.2836;0.8923;0.7336;302.2720;152.3148;81.5764
10.28;0.2836;0.8923;0.7337;302.2720;152.3148;81.5231
10.30;0.2836;0.8922;0.7337;302.2720;152.3148;81.5302
10.32;0.2836;0.8922;0.7337;302.2720;152.3148;81.5198
10.33;0.2836;0.8921;0.7337;302.2720;152.3148;81.5061
10.35;0.2835;0.8921;0.7338;302.2720;152.3148;81.5889
10.37;0.2835;0.8920;0.7338;302.2720;152.3148;81.4716
10.38;0.2835;0.8919;0.7339;302.2720;152.3148;81.5544
10.40;0.2835;0.8919;0.7339;302.2720;152.3148;81.4274
10.42;0.2834;0.8918;0.7340;302.2720;152.3148;81.4565
10.43;0.2834;0.8917;0.7340;302.2720;152.3148;81.4460
10.45;0.2834;0.8916;0.7340;302.2720;152.3148;81.3718
10.47;0.2834;0.8915;0.7341;302.2720;152.3148;81.4007
10.48;0.2834;0.8915;0.7341;302.2720;152.3148;81.3799
10.50;0.2833;0.8914;0.7342;302.2720;152.3148;81.3259
10.52;0.2833;0.8913;0.7342;302.2720;152.3148;81.3041
10.53;0.2833;0.8912;0.7343;302.2720;152.3148;81.2595
10.55;0.2832;0.8911;0.7344;302.2720;152.3148;81.3214
10.57;0.2832;0.8910;0.7344;302.2720;152.3148;81.2766
10.58;0.2832;0.8909;0.7344;302.2720;152.3148;81.2662
10.60;0.2832;0.8909;0.7345;302.2720;152.3148;81.3489
10.62;0.2832;0.8908;0.7345;302.2720;152.3148;81.3041
10.63;0.2831;0.8907;0.7345;302.2720;152.3148;81.3335
10.65;0.2831;0.8907;0.7346;302.2720;152.3148;81.2990
10.67;0.2831;0.8906;0.7346;302.2720;152.3148;81.3817
10.68;0.2831;0.8906;0.7346;302.2720;152.3148;81.4017
10.70;0.2831;0.8906;0.7346;302.2720;152.3148;81.4216
10.72;0.2831;0.8905;0.7347;302.2720;152.3148;81.3870
10.73;0.2831;0.8905;0.7347;302.2720;152.3148;81.4406
10.75;0.2830;0.8904;0.7347;302.2720;152.3148;81.4060
10.77;0.2830;0.8903;0.7348;302.2720;152.3148;81.4260
10.78;0.2830;0.8903;0.7348;302.2720;152.3148;81.4354
10.80;0.2830;0.8903;0.7348;302.2720;152.3148;81.4249
10.82;0.2830;0.8902;0.7348;302.2720;152.3148;81.4041
10.83;0.2830;0.8902;0.7348;302.2720;152.3148;81.3494
10.85;0.2829;0.8901;0.7349;302.2720;152.3148;81.3728
10.87;0.2829;0.8900;0.7349;302.2720;152.3148;81.2971
10.88;0.2829;0.8900;0.7350;302.2720;152.3148;81.2867
10.90;0.2829;0.8900;0.7350;302.2720;152.3148;81.3599
10.92;0.2829;0.8899;0.7350;302.2720;152.3148;81.3695
10.93;0.2829;0.8899;0.7350;302.2720;152.3148;81.3148
10.95;0.2829;0.8898;0.7351;302.2720;152.3148;81.3242
10.97;0.2829;0.8898;0.7351;302.2720;152.3148;81.3444
10.98;0.2828;0.8897;0.7351;302.2720;152.3148;81.2892
11.00;0.2828;0.8897;0.7351;302.2720;152.3148;81.3339
11.02;0.2828;0.8897;0.7351;302.2720;152.3148;81.3234
11.03;0.2828;0.8897;0.7351;302.2720;152.3148;81.3236
11.05;0.2828;0.8897;0.7351;302.2720;152.3148;81.3234
11.07;0.2828;0.8897;0.7351;302.2720;152.3148;81.3234
11.08;0.2828;0.8897;0.7351;302.2720;152.3148;81.3234
11.10;0.2828;0.8897;0.7351;302.2720;152.3148;81.3234
11.12;0.2828;0.8897;0.7351;302.2720;152.3148;81.3966
11.13;0.2828;0.8897;0.7351;302.2720;152.3148;81.3236
11.15;0.2828;0.8897;0.7351;302.2720;152.3148;81.3234
11.17;0.2828;0.8897;0.7351;302.2720;152.3148;81.3234
11.18;0.2828;0.8897;0.7351;302.2720;152.3148;81.3433
11.20;0.2828;0.8897;0.7351;302.2720;152.3148;81.3433
11.22;0.2828;0.8896;0.7351;302.2720;152.3148;81.3433
11.23;0.2828;0.8896;0.7351;302.2720;152.3148;81.3433
11.25;0.2828;0.8896;0.7351;302.2720;152.3148;81.3433
11.27;0.2828;0.8896;0.7351;302.2720;152.3148;81.3966
11.28;0.2828;0.8896;0.7351;302.2720;152.3148;81.3234
11.30;0.2828;0.8896;0.7351;302.2720;152.3148;81.3236
11.32;0.2828;0.8896;0.7351;302.2720;152.3148;81.3521
11.33;0.2828;0.8896;0.7351;302.2720;152.3148;81.3234
11.35;0.2828;0.8896;0.7351;302.2720;152.3148;81.3234
11.37;0.2828;0.8896;0.7351;302.2720;152.3148;81.2788
11.38;0.2828;0.8896;0.7351;302.2720;152.3148;81.3521
11.40;0.2828;0.8896;0.7351;302.2720;152.3148;81.2788
11.42;0.2828;0.8896;0.7351;302.2720;152.3148;81.3075
11.43;0.2828;0.8896;0.7351;302.2720;152.3148;81.3521
11.45;0.2828;0.8896;0.7351;302.2720;152.3148;81.2343
11.47;0.2828;0.8896;0.7351;302.2720;152.3148;81.3075
11.48;0.2828;0.8896;0.7351;302.2720;152.3148;81.2343
11.50;0.2828;0.8896;0.7351;302.2720;152.3148;81.3075
11.52;0.2828;0.8896;0.7351;302.2720;152.3148;81.3075
11.53;0.2828;0.8896;0.7351;302.2720;152.3148;81.3075
11.55;0.2828;0.8897;0.7351;302.2720;152.3148;81.2143
11.57;0.2828;0.8897;0.7351;302.2720;152.3148;81.2143
11.58;0.2828;0.8897;0.7351;302.2720;152.3148;81.2143
11.60;0.2828;0.8897;0.7351;302.2720;152.3148;81.1697
11.62;0.2828;0.8897;0.7351;302.2720;152.3148;81.2430
11.63;0.2828;0.8896;0.7351;302.2720;152.3148;81.2344
11.65;0.2828;0.8896;0.7351;302.2720;152.3148;81.2629
11.67;0.2828;0.8896;0.7351;302.2720;152.3148;81.3075
11.68;0.2828;0.8896;0.7351;302.2720;152.3148;81.2342
11.70;0.2828;0.8896;0.7351;302.2720;152.3148;81.2342
11.72;0.2828;0.8897;0.7351;302.2720;152.3148;81.2143
11.73;0.2828;0.8897;0.7351;302.2720;152.3148;81.2876
11.75;0.2828;0.8897;0.7351;302.2720;152.3148;81.2876
11.77;0.2828;0.8897;0.7351;302.2720;152.3148;81.2876
11.78;0.2828;0.8897;0.7351;302.2720;152.3148;81.2876
11.80;0.2828;0.8897;0.7351;302.2720;152.3148;81.2877
11.82;0.2828;0.8897;0.7351;302.2720;152.3148;81.2430
11.83;0.2828;0.8897;0.7351;302.2720;152.3148;81.1697
11.85;0.2828;0.8897;0.7351;302.2720;152.3148;81.2876
11.87;0.2828;0.8897;0.7351;302.2720;152.3148;81.2876
11.88;0.2828;0.8897;0.7351;302.2720;152.3148;81.2876
11.90;0.2828;0.8897;0.7351;302.2720;152.3148;81.2876
11.92;0.2828;0.8897;0.7351;302.2720;152.3148;81.2877
11.93;0.2828;0.8897;0.7351;302.2720;152.3148;81.2876
11.95;0.2828;0.8897;0.7351;302.2720;152.3148;81.2429
11.97;0.2828;0.8897;0.7351;302.2720;152.3148;81.2431
11.98;0.2828;0.8897;0.7351;302.2720;152.3148;81.2429
12.00;0.2828;0.8897;0.7351;302.2720;152.3148;81.2877
12.02;0.2828;0.8897;0.7351;302.2720;152.3148;81.2877
12.03;0.2828;0.8897;0.7351;302.2720;152.3148;81.2875
12.05;0.2828;0.8897;0.7351;302.2720;152.3148;81.2875
12.07;0.2828;0.8897;0.7351;302.2720;152.3148;81.2875
12.08;0.2828;0.8897;0.7351;302.2720;152.3148;81.2143
12.10;0.2828;0.8897;0.7351;302.2720;152.3148;81.2877
12.12;0.2828;0.8897;0.7351;302.2720;152.3148;81.2143
12.13;0.2828;0.8897;0.7351;302.2720;152.3148;81.2875
12.15;0.2828;0.8897;0.7351;302.2720;152.3148;81.2875
12.17;0.2828;0.8897;0.7351;302.2720;152.3148;81.2875
12.18;0.2828;0.8897;0.7351;302.2720;152.3148;81.2875
12.20;0.2828;0.8897;0.7351;302.2720;152.3148;81.2875
12.22;0.2828;0.8897;0.7351;302.2720;152.3148;81.2875
12.23;0.2828;0.8897;0.7351;302.2720;152.3148;81.2875
12.25;0.2828;0.8897;0.7351;302.2720;152.3148;81.2875
12.27;0.2828;0.8897;0.7351;302.2720;152.3148;81.2875
12.28;0.2828;0.8897;0.7351;302.2720;152.3148;81.2875
12.30;0.2828;0.8897;0.7351;302.2720;152.3148;81.2875
12.32;0.2828;0.8897;0.7351;302.2720;152.3148;81.2875
12.33;0.2828;0.8897;0.7351;302.2720;152.3148;81.2877
12.35;0.2828;0.8897;0.7351;302.2720;152.3148;81.2875
12.37;0.2828;0.8897;0.7351;302.2720;152.3148;81.1697
12.38;0.2828;0.8897;0.7351;302.2720;152.3148;81.2875
12.40;0.2828;0.8897;0.7351;302.2720;152.3148;81.2875
12.42;0.2828;0.8897;0.7351;302.2720;152.3148;81.2676
12.43;0.2828;0.8897;0.7351;302.2720;152.3148;81.3408
12.45;0.2828;0.8897;0.7351;302.2720;152.3148;81.2676
12.47;0.2828;0.8897;0.7351;302.2720;152.3148;81.2676
12.48;0.2828;0.8897;0.7351;302.2720;152.3148;81.2676
12.50;0.2828;0.8897;0.7351;302.2720;152.3148;81.2676
12.52;0.2828;0.8897;0.7351;302.2720;152.3148;81.2676
12.53;0.2828;0.8897;0.7351;302.2720;152.3148;81.2676
12.55;0.2828;0.8897;0.7351;302.2720;152.3148;81.2676
12.57;0.2828;0.8897;0.7351;302.2720;152.3148;81.2676
12.58;0.2828;0.8897;0.7351;302.2720;152.3148;81.2676
12.60;0.2828;0.8897;0.7351;302.2720;152.3148;81.2676
12.62;0.2828;0.8897;0.7351;302.2720;152.3148;81.2676
12.63;0.2828;0.8897;0.7351;302.2720;152.3148;81.2676
12.65;0.2828;0.8897;0.7351;302.2720;152.3148;81.2781
12.67;0.2828;0.8897;0.7351;302.2720;152.3148;81.2781
12.68;0.2828;0.8897;0.7351;302.2720;152.3148;81.2781
12.70;0.2828;0.8897;0.7351;302.2720;152.3148;81.2781
12.72;0.2828;0.8897;0.7351;302.2720;152.3148;81.2687
12.73;0.2828;0.8897;0.7351;302.2720;152.3148;81.2687
12.75;0.2829;0.8898;0.7351;302.2720;152.3148;81.2593
12.77;0.2829;0.8898;0.7351;302.2720;152.3148;81.2698
12.78;0.2829;0.8898;0.7351;302.2720;152.3148;81.2698
12.80;0.2829;0.8898;0.7351;302.2720;152.3148;81.2698
12.82;0.2829;0.8898;0.7351;302.2720;152.3148;81.2411
12.83;0.2829;0.8898;0.7351;302.2720;152.3148;81.2698
12.85;0.2829;0.8898;0.7351;302.2720;152.3148;81.3249
12.87;0.2829;0.8898;0.7351;302.2720;152.3148;81.2803
12.88;0.2829;0.8898;0.7351;302.2720;152.3148;81.3249
12.90;0.2829;0.8898;0.7351;302.2720;152.3148;81.2803
12.92;0.2829;0.8898;0.7351;302.2720;152.3148;81.3249
12.93;0.2829;0.8898;0.7351;302.2720;152.3148;81.2516
12.95;0.2829;0.8898;0.7351;302.2720;152.3148;81.3249
12.97;0.2829;0.8898;0.7351;302.2720;152.3148;81.3249
12.98;0.2829;0.8898;0.7351;302.2720;152.3148;81.3249
13.00;0.2829;0.8898;0.7351;302.2720;152.3148;81.2516
13.02;0.2829;0.8898;0.7350;302.2720;152.3148;81.3354
13.03;0.2829;0.8898;0.7350;302.2720;152.3148;81.3354
13.05;0.2829;0.8899;0.7350;302.2720;152.3148;81.3799
13.07;0.2829;0.8899;0.7350;302.2720;152.3148;81.3799
13.08;0.2829;0.8899;0.7350;302.2720;152.3148;81.3799
13.10;0.2829;0.8899;0.7350;302.2720;152.3148;81.3799
13.12;0.2829;0.8899;0.7350;302.2720;152.3148;81.3904
13.13;0.2829;0.8899;0.7350;302.2720;152.3148;81.3904
13.15;0.2829;0.8899;0.7350;302.2720;152.3148;81.4349
13.17;0.2829;0.8899;0.7350;302.2720;152.3148;81.4349
13.18;0.2829;0.8899;0.7350;302.2720;152.3148;81.3616
13.20;0.2829;0.8899;0.7350;302.2720;152.3148;81.4349
13.22;0.2829;0.8899;0.7350;302.2720;152.3148;81.4349
13.23;0.2829;0.8899;0.7350;302.2720;152.3148;81.4349
13.25;0.2829;0.8899;0.7350;302.2720;152.3148;81.3616
13.27;0.2829;0.8899;0.7350;302.2720;152.3148;81.4349
13.28;0.2829;0.8899;0.7350;302.2720;152.3148;81.4349
13.30;0.2829;0.8898;0.7350;302.2720;152.3148;81.4548
13.32;0.2829;0.8898;0.7350;302.2720;152.3148;81.4548
13.33;0.2829;0.8898;0.7350;302.2720;152.3148;81.4548
13.35;0.2829;0.8899;0.7350;302.2720;152.3148;81.4349
13.37;0.2829;0.8899;0.7350;302.2720;152.3148;81.4349
13.38;0.2829;0.8899;0.7350;302.2720;152.3148;81.4454
13.40;0.2829;0.8899;0.7350;302.2720;152.3148;81.4454
13.42;0.2829;0.8899;0.7350;302.2720;152.3148;81.4699
13.43;0.2829;0.8899;0.7350;302.2720;152.3148;81.4254
13.45;0.2829;0.8899;0.7350;302.2720;152.3148;81.4254
13.47;0.2829;0.8899;0.7350;302.2720;152.3148;81.4804
13.48;0.2829;0.8899;0.7350;302.2720;152.3148;81.4804
13.50;0.2829;0.8899;0.7350;302.2720;152.3148;81.4804
13.52;0.2829;0.8899;0.7350;302.2720;152.3148;81.3872
13.53;0.2829;0.8899;0.7350;302.2720;152.3148;81.4604
13.55;0.2829;0.8899;0.7350;302.2720;152.3148;81.4604
13.57;0.2829;0.8899;0.7350;302.2720;152.3148;81.4604
13.58;0.2829;0.8899;0.7350;302.2720;152.3148;81.4160
13.60;0.2829;0.8899;0.7350;302.2720;152.3148;81.4604
13.62;0.2829;0.8899;0.7350;302.2720;152.3148;81.4160
13.63;0.2829;0.8899;0.7350;302.2720;152.3148;81.4157
13.65;0.2829;0.8899;0.7350;302.2720;152.3148;81.4604
13.67;0.2829;0.8899;0.7350;302.2720;152.3148;81.4160
13.68;0.2829;0.8899;0.7350;302.2720;152.3148;81.4604
13.70;0.2829;0.8899;0.7350;302.2720;152.3148;81.4160
13.72;0.2829;0.8899;0.7350;302.2720;152.3148;81.4604
13.73;0.2829;0.8900;0.7350;302.2720;152.3148;81.4405
13.75;0.2829;0.8900;0.7350;302.2720;152.3148;81.4510
13.77;0.2829;0.8900;0.7350;302.2720;152.3148;81.4510
13.78;0.2829;0.8900;0.7350;302.2720;152.3148;81.4510
13.80;0.2829;0.8900;0.7350;302.2720;152.3148;81.4510
13.82;0.2829;0.8900;0.7350;302.2720;152.3148;81.4510
13.83;0.2829;0.8900;0.7350;302.2720;152.3148;81.4510
13.85;0.2829;0.8900;0.7350;302.2720;152.3148;81.4510
13.87;0.2829;0.8900;0.7350;302.2720;152.3148;81.4954
13.88;0.2829;0.8900;0.7349;302.2720;152.3148;81.4510
13.90;0.2829;0.8900;0.7349;302.2720;152.3148;81.4510
13.92;0.2829;0.8900;0.7349;302.2720;152.3148;81.5063
13.93;0.2829;0.8900;0.7349;302.2720;152.3148;81.5164
13.95;0.2829;0.8900;0.7349;302.2720;152.3148;81.5607
13.97;0.2829;0.8900;0.7349;302.2720;152.3148;81.5607
13.98;0.2829;0.8900;0.7349;302.2720;152.3148;81.5160
14.00;0.2829;0.8900;0.7349;302.2720;152.3148;81.5607
14.02;0.2829;0.8901;0.7349;302.2720;152.3148;81.5513
14.03;0.2829;0.8901;0.7349;302.2720;152.3148;81.5070
14.05;0.2829;0.8901;0.7349;302.2720;152.3148;81.5070
14.07;0.2829;0.8901;0.7349;302.2720;152.3148;81.5513
14.08;0.2829;0.8901;0.7349;302.2720;152.3148;81.5313
14.10;0.2829;0.8901;0.7349;302.2720;152.3148;81.5313
14.12;0.2829;0.8901;0.7349;302.2720;152.3148;81.4870
14.13;0.2829;0.8901;0.7349;302.2720;152.3148;81.5313
14.15;0.2829;0.8901;0.7349;302.2720;152.3148;81.5313
14.17;0.2829;0.8901;0.7349;302.2720;152.3148;81.5024
14.18;0.2829;0.8901;0.7349;302.2720;152.3148;81.5313
14.20;0.2829;0.8901;0.7349;302.2720;152.3148;81.5313
14.22;0.2830;0.8901;0.7349;302.2720;152.3148;81.6147
14.23;0.2830;0.8901;0.7349;302.2720;152.3148;81.5418
14.25;0.2830;0.8901;0.7349;302.2720;152.3148;81.5414
14.27;0.2830;0.8901;0.7349;302.2720;152.3148;81.5571
14.28;0.2830;0.8901;0.7349;302.2720;152.3148;81.5857
14.30;0.2830;0.8901;0.7349;302.2720;152.3148;81.5861
14.32;0.2830;0.8901;0.7349;302.2720;152.3148;81.5861
14.33;0.2830;0.8901;0.7349;302.2720;152.3148;81.5857
14.35;0.2830;0.8901;0.7349;302.2720;152.3148;81.5129
14.37;0.2830;0.8901;0.7349;302.2720;152.3148;81.5571
14.38;0.2830;0.8901;0.7349;302.2720;152.3148;81.5414
14.40;0.2830;0.8901;0.7349;302.2720;152.3148;81.6304
14.42;0.2830;0.8901;0.7349;302.2720;152.3148;81.5861
14.43;0.2830;0.8901;0.7349;302.2720;152.3148;81.5857
14.45;0.2829;0.8901;0.7349;302.2720;152.3148;81.5328
14.47;0.2830;0.8901;0.7349;302.2720;152.3148;81.6061
14.48;0.2830;0.8901;0.7349;302.2720;152.3148;81.6299
14.50;0.2830;0.8901;0.7349;302.2720;152.3148;81.5861
14.52;0.2830;0.8901;0.7349;302.2720;152.3148;81.5857
14.53;0.2830;0.8901;0.7349;302.2720;152.3148;81.5857
14.55;0.2830;0.8901;0.7349;302.2720;152.3148;81.5571
14.57;0.2830;0.8901;0.7349;302.2720;152.3148;81.5571
14.58;0.2830;0.8901;0.7349;302.2720;152.3148;81.5861
14.60;0.2830;0.8901;0.7349;302.2720;152.3148;81.5857
14.62;0.2830;0.8901;0.7349;302.2720;152.3148;81.5857
14.63;0.2830;0.8901;0.7349;302.2720;152.3148;81.6303
14.65;0.2830;0.8901;0.7349;302.2720;152.3148;81.5857
14.67;0.2830;0.8901;0.7349;302.2720;152.3148;81.6589
14.68;0.2830;0.8901;0.7349;302.2720;152.3148;81.5571
14.70;0.2830;0.8901;0.7349;302.2720;152.3148;81.5857
14.72;0.2830;0.8901;0.7349;302.2720;152.3148;81.5857
14.73;0.2830;0.8901;0.7349;302.2720;152.3148;81.5571
14.75;0.2830;0.8901;0.7349;302.2720;152.3148;81.5571
14.77;0.2829;0.8901;0.7349;302.2720;152.3148;81.6503
14.78;0.2829;0.8901;0.7349;302.2720;152.3148;81.6060
14.80;0.2829;0.8901;0.7349;302.2720;152.3148;81.6056
14.82;0.2829;0.8901;0.7349;302.2720;152.3148;81.6060
14.83;0.2830;0.8901;0.7349;302.2720;152.3148;81.5857
14.85;0.2830;0.8901;0.7349;302.2720;152.3148;81.5676
14.87;0.2830;0.8901;0.7349;302.2720;152.3148;81.5676
14.88;0.2830;0.8902;0.7349;302.2720;152.3148;81.6408
14.90;0.2830;0.8902;0.7348;302.2720;152.3148;81.6408
14.92;0.2830;0.8902;0.7348;302.2720;152.3148;81.5577
14.93;0.2830;0.8902;0.7348;302.2720;152.3148;81.6309
14.95;0.2830;0.8902;0.7348;302.2720;152.3148;81.6314
14.97;0.2830;0.8902;0.7348;302.2720;152.3148;81.6309
14.98;0.2830;0.8902;0.7348;302.2720;152.3148;81.5581
15.00;0.2830;0.8902;0.7348;302.2720;152.3148;81.6309
15.02;0.2830;0.8902;0.7348;302.2720;152.3148;81.6309
15.03;0.2830;0.8902;0.7348;302.2720;152.3148;81.6309
15.05;0.2830;0.8902;0.7348;302.2720;152.3148;81.6309
15.07;0.2830;0.8902;0.7348;302.2720;152.3148;81.6309
15.08;0.2830;0.8902;0.7348;302.2720;152.3148;81.6309
15.10;0.2830;0.8902;0.7348;302.2720;152.3148;81.5867
15.12;0.2830;0.8902;0.7348;302.2720;152.3148;81.6309
15.13;0.2830;0.8902;0.7348;302.2720;152.3149;81.5576
15.15;0.2830;0.8902;0.7348;302.2720;152.3149;81.5576
15.17;0.2830;0.8902;0.7348;302.2720;152.3149;81.5576
15.18;0.2830;0.8902;0.7348;302.2720;152.3149;81.6309
15.20;0.2830;0.8902;0.7348;302.2720;152.3149;81.6309
15.22;0.2830;0.8902;0.7348;302.2720;152.3149;81.6109
15.23;0.2830;0.8902;0.7348;302.2720;152.3149;81.6109
15.25;0.2830;0.8902;0.7348;302.2720;152.3149;81.6109
15.27;0.2830;0.8902;0.7348;302.2720;152.3149;81.6109
15.28;0.2830;0.8902;0.7348;302.2720;152.3149;81.6105
15.30;0.2830;0.8902;0.7348;302.2720;152.3149;81.6651
15.32;0.2830;0.8902;0.7348;302.2720;152.3149;81.6656
15.33;0.2830;0.8902;0.7348;302.2720;152.3149;81.6656
15.35;0.2830;0.8902;0.7348;302.2720;152.3149;81.6656
15.37;0.2830;0.8902;0.7348;302.2720;152.3149;81.6855
15.38;0.2830;0.8902;0.7348;302.2720;152.3149;81.6855
15.40;0.2830;0.8902;0.7348;302.2720;152.3149;81.6855
15.42;0.2830;0.8902;0.7348;302.2720;152.3149;81.6855
15.43;0.2830;0.8902;0.7348;302.2720;152.3149;81.6851
15.45;0.2830;0.8902;0.7348;302.2720;152.3149;81.6855
15.47;0.2830;0.8902;0.7348;302.2720;152.3149;81.7292
15.48;0.2830;0.8902;0.7348;302.2720;152.3149;81.7292
15.50;0.2830;0.8902;0.7348;302.2720;152.3149;81.7297
15.52;0.2830;0.8902;0.7348;302.2720;152.3149;81.7738
15.53;0.2830;0.8902;0.7348;302.2720;152.3149;81.8179
15.55;0.2830;0.8902;0.7348;302.2720;152.3149;81.7446
15.57;0.2830;0.8902;0.7348;302.2720;152.3149;81.8378
15.58;0.2830;0.8902;0.7348;302.2720;152.3149;81.8813
15.60;0.2830;0.8902;0.7348;302.2720;152.3149;81.8819
15.62;0.2830;0.8902;0.7348;302.2720;152.3149;81.8819
15.63;0.2830;0.8902;0.7348;302.2720;152.3149;81.9259
15.65;0.2830;0.8902;0.7348;302.2720;152.3149;81.8526
15.67;0.2830;0.8902;0.7348;302.2720;152.3149;81.9259
15.68;0.2830;0.8902;0.7348;302.2720;152.3149;81.8526
15.70;0.2830;0.8902;0.7348;302.2720;152.3149;81.9458
15.72;0.2830;0.8902;0.7348;302.2720;152.3149;81.9458
15.73;0.2830;0.8902;0.7348;302.2720;152.3149;81.9898
15.75;0.2830;0.8902;0.7348;302.2720;152.3149;81.9166
15.77;0.2830;0.8902;0.7348;302.2720;152.3149;81.9458
15.78;0.2830;0.8902;0.7348;302.2720;152.3149;81.9898
15.80;0.2830;0.8902;0.7348;302.2720;152.3149;81.9898
15.82;0.2830;0.8902;0.7348;302.2720;152.3149;81.9458
15.83;0.2830;0.8902;0.7348;302.2720;152.3149;81.9166
15.85;0.2830;0.8902;0.7348;302.2720;152.3149;81.9898
15.87;0.2830;0.8902;0.7348;302.2720;152.3149;81.9166
15.88;0.2830;0.8902;0.7348;302.2720;152.3149;81.9458
15.90;0.2830;0.8902;0.7348;302.2720;152.3149;81.9898
15.92;0.2830;0.8902;0.7348;302.2720;152.3149;81.9898
15.93;0.2830;0.8902;0.7349;302.2720;152.3149;81.9700
15.95;0.2830;0.8901;0.7349;302.2720;152.3149;82.0192
15.97;0.2830;0.8901;0.7349;302.2720;152.3149;82.0192
15.98;0.2830;0.8901;0.7349;302.2720;152.3149;81.9460
16.00;0.2830;0.8901;0.7349;302.2720;152.3149;81.9907
16.02;0.2830;0.8902;0.7349;302.2720;152.3149;81.9260
16.03;0.2830;0.8902;0.7349;302.2720;152.3149;81.9993
16.05;0.2830;0.8902;0.7349;302.2720;152.3149;81.9993
16.07;0.2830;0.8902;0.7349;302.2720;152.3149;81.9993
16.08;0.2830;0.8902;0.7349;302.2720;152.3149;81.9993
16.10;0.2830;0.8902;0.7349;302.2720;152.3149;81.9993
16.12;0.2830;0.8902;0.7349;302.2720;152.3149;81.9993
16.13;0.2830;0.8902;0.7349;302.2720;152.3149;82.0439
16.15;0.2830;0.8902;0.7349;302.2720;152.3149;81.9260
16.17;0.2830;0.8902;0.7349;302.2720;152.3149;81.9993
16.18;0.2830;0.8902;0.7349;302.2720;152.3149;81.9707
16.20;0.2830;0.8902;0.7349;302.2720;152.3149;81.9993
16.22;0.2830;0.8902;0.7349;302.2720;152.3149;81.9700
16.23;0.2830;0.8902;0.7349;302.2720;152.3149;81.9260
16.25;0.2830;0.8902;0.7349;302.2720;152.3149;81.9260
16.27;0.2830;0.8902;0.7349;302.2720;152.3149;81.9260
16.28;0.2830;0.8902;0.7349;302.2720;152.3149;81.9992
16.30;0.2830;0.8902;0.7349;302.2720;152.3149;81.9707
16.32;0.2830;0.8902;0.7349;302.2720;152.3149;81.9700
16.33;0.2830;0.8902;0.7349;302.2720;152.3149;81.9700
16.35;0.2830;0.8902;0.7349;302.2720;152.3149;81.9707
16.37;0.2830;0.8902;0.7349;302.2720;152.3149;81.9700
16.38;0.2830;0.8902;0.7349;302.2720;152.3149;82.0147
16.40;0.2830;0.8902;0.7349;302.2720;152.3149;82.0139
16.42;0.2830;0.8902;0.7348;302.2720;152.3149;81.9759
16.43;0.2830;0.8902;0.7348;302.2720;152.3149;81.9751
16.45;0.2830;0.8902;0.7348;302.2720;152.3149;81.9751
16.47;0.2830;0.8902;0.7348;302.2720;152.3149;81.9019
16.48;0.2830;0.8902;0.7348;302.2720;152.3149;81.9019
16.50;0.2830;0.8902;0.7348;302.2720;152.3149;81.9457
16.52;0.2830;0.8902;0.7348;302.2720;152.3149;81.9019
16.53;0.2830;0.8902;0.7348;302.2720;152.3149;81.9457
16.55;0.2830;0.8902;0.7348;302.2720;152.3149;81.9457
16.57;0.2830;0.8902;0.7348;302.2720;152.3149;81.8733
16.58;0.2830;0.8902;0.7348;302.2720;152.3149;81.8725
16.60;0.2830;0.8902;0.7348;302.2720;152.3149;81.8286
16.62;0.2830;0.8902;0.7348;302.2720;152.3149;81.8097
16.63;0.2830;0.8902;0.7348;302.2720;152.3149;81.8097
16.65;0.2830;0.8903;0.7348;302.2720;152.3149;81.7468
16.67;0.2830;0.8903;0.7348;302.2720;152.3149;81.6736
16.68;0.2830;0.8903;0.7348;302.2720;152.3149;81.7278
16.70;0.2830;0.8903;0.7348;302.2720;152.3149;81.7079
16.72;0.2830;0.8904;0.7347;302.2720;152.3149;81.6984
16.73;0.2830;0.8904;0.7347;302.2720;152.3149;81.6984
16.75;0.2831;0.8904;0.7347;302.2720;152.3149;81.6698
16.77;0.2831;0.8905;0.7347;302.2720;152.3149;81.5871
16.78;0.2831;0.8906;0.7346;302.2720;152.3149;81.6811
16.80;0.2831;0.8906;0.7346;302.2720;152.3150;81.6079
16.82;0.2831;0.8906;0.7346;302.2720;152.3150;81.6421
16.83;0.2831;0.8906;0.7346;302.2720;152.3150;81.6421
16.85;0.2831;0.8907;0.7346;302.2720;152.3150;81.6326
16.87;0.2831;0.8907;0.7346;302.2720;152.3150;81.6030
16.88;0.2831;0.8907;0.7346;302.2720;152.3150;81.6030
16.90;0.2831;0.8907;0.7345;302.2720;152.3150;81.5831
16.92;0.2831;0.8907;0.7345;302.2720;152.3150;81.5736
16.93;0.2831;0.8908;0.7345;302.2720;152.3150;81.7008
16.95;0.2832;0.8909;0.7345;302.2720;152.3150;81.6181
16.97;0.2832;0.8909;0.7344;302.2720;152.3150;81.6685
16.98;0.2832;0.8910;0.7344;302.2720;152.3150;81.5848
17.00;0.2832;0.8910;0.7344;302.2720;152.3150;81.6388
17.02;0.2832;0.8911;0.7344;302.2720;152.3150;81.6292
17.03;0.2832;0.8911;0.7343;302.2720;152.3150;81.6622
17.05;0.2833;0.8912;0.7343;302.2720;152.3150;81.6522
17.07;0.2833;0.8912;0.7343;302.2720;152.3150;81.6615
17.08;0.2833;0.8912;0.7343;302.2720;152.3150;81.6606
17.10;0.2833;0.8912;0.7343;302.2720;152.3150;81.6606
17.12;0.2833;0.8912;0.7343;302.2720;152.3150;81.5665
17.13;0.2833;0.8912;0.7343;302.2720;152.3150;81.4932
17.15;0.2833;0.8912;0.7343;302.2720;152.3150;81.4624
17.17;0.2833;0.8913;0.7342;302.2720;152.3150;81.4728
17.18;0.2833;0.8913;0.7342;302.2720;152.3150;81.4831
17.20;0.2833;0.8913;0.7342;302.2720;152.3150;81.4831
17.22;0.2833;0.8913;0.7342;302.2720;152.3150;81.4098
17.23;0.2833;0.8913;0.7342;302.2720;152.3150;81.4426
17.25;0.2833;0.8914;0.7342;302.2720;152.3150;81.4435
17.27;0.2833;0.8914;0.7342;302.2720;152.3150;81.4633
17.28;0.2833;0.8914;0.7341;302.2720;152.3150;81.4633
17.30;0.2834;0.8915;0.7341;302.2720;152.3150;81.3805
17.32;0.2834;0.8915;0.7341;302.2720;152.3150;81.3805
17.33;0.2834;0.8916;0.7341;302.2720;152.3150;81.3813
17.35;0.2834;0.8917;0.7340;302.2720;152.3150;81.4010
17.37;0.2834;0.8917;0.7340;302.2720;152.3150;81.3510
17.38;0.2834;0.8917;0.7340;302.2720;152.3150;81.4242
17.40;0.2834;0.8918;0.7340;302.2720;152.3150;81.4146
17.42;0.2834;0.8918;0.7339;302.2720;152.3150;81.4250
17.43;0.2835;0.8918;0.7339;302.2720;152.3150;81.4042
17.45;0.2835;0.8919;0.7339;302.2720;152.3150;81.3946
17.47;0.2835;0.8919;0.7339;302.2720;152.3150;81.4049
17.48;0.2835;0.8920;0.7338;302.2720;152.3150;81.4049
17.50;0.2835;0.8920;0.7338;302.2720;152.3150;81.4256
17.52;0.2835;0.8921;0.7338;302.2720;152.3150;81.3522
17.53;0.2836;0.8922;0.7337;302.2720;152.3150;81.3425
17.55;0.2836;0.8923;0.7337;302.2720;152.3150;81.2490
17.57;0.2836;0.8924;0.7336;302.2720;152.3150;81.2296
