8.85;0.3078;0.9023;0.7105;314.1482;141.1409;124.1929
8.87;0.3078;0.9022;0.7104;314.2498;141.1872;124.1732
8.88;0.3075;0.9021;0.7104;314.2498;141.3050;124.1732
8.90;0.3075;0.9021;0.7104;314.2498;141.3050;124.1732
8.92;0.3073;0.9021;0.7104;314.2498;141.3992;124.1732
8.93;0.3071;0.9020;0.7103;314.3513;141.4926;124.2268
8.95;0.3068;0.9020;0.7105;314.3080;141.5599;124.1748
8.97;0.3070;0.9019;0.7106;314.3616;141.4106;124.3331
8.98;0.3069;0.9018;0.7111;314.3287;141.3018;124.3868
9.00;0.3069;0.9018;0.7111;314.3287;141.3018;124.3868
9.02;0.3070;0.9017;0.7114;314.3879;141.1006;124.5228
9.03;0.3071;0.9016;0.7119;314.3947;140.8509;124.7094
9.05;0.3073;0.9013;0.7122;314.4729;140.7183;124.7815
9.07;0.3074;0.9012;0.7123;314.5455;140.6147;124.8744
9.08;0.3076;0.9008;0.7129;314.6124;140.3754;124.8502
9.10;0.3076;0.9008;0.7129;314.6124;140.3754;124.8502
9.12;0.3079;0.9006;0.7134;314.6639;140.1669;124.8773
9.13;0.3083;0.9002;0.7137;314.8246;139.9824;124.8486
9.15;0.3087;0.8999;0.7142;314.8745;139.7282;124.8717
9.17;0.3088;0.9000;0.7146;314.8004;139.5507;124.9306
9.18;0.3095;0.8997;0.7155;314.8547;138.9828;125.1977
9.20;0.3095;0.8997;0.7155;314.8547;138.9828;125.1977
9.22;0.3099;0.8996;0.7162;314.8300;138.5183;125.4063
9.23;0.3104;0.8995;0.7168;314.8415;138.0835;125.6229
9.25;0.3107;0.8994;0.7174;314.8535;137.6730;125.8374
9.27;0.3109;0.8993;0.7176;314.8998;137.5085;126.0117
9.28;0.3109;0.8993;0.7181;314.8071;137.2614;126.2067
9.30;0.3109;0.8993;0.7181;314.8071;137.2614;126.2067
9.32;0.3111;0.8991;0.7184;314.9031;137.0761;126.3301
9.33;0.3110;0.8991;0.7185;314.9009;137.0516;126.4793
9.35;0.3107;0.8992;0.7187;314.8497;137.0952;126.5318
9.37;0.3108;0.8991;0.7188;314.8551;137.0221;126.5763
9.38;0.3105;0.8991;0.7188;314.8625;137.1386;126.5449
9.40;0.3105;0.8991;0.7188;314.8625;137.1386;126.5449
9.42;0.3103;0.8991;0.7189;314.8260;137.1796;126.5347
9.43;0.3103;0.8990;0.7190;314.7967;137.1958;126.4198
9.45;0.3101;0.8989;0.7190;314.7331;137.3015;126.3653
9.47;0.3101;0.8989;0.7191;314.6965;137.2720;126.2818
9.48;0.3100;0.8989;0.7193;314.5890;137.3267;126.1751
9.50;0.3100;0.8989;0.7193;314.5890;137.3267;126.1751
9.52;0.3098;0.8988;0.7193;314.5183;137.3876;126.0786
9.53;0.3097;0.8989;0.7196;314.3446;137.3237;126.0881
9.55;0.3098;0.8988;0.7197;314.2784;137.2411;126.1094
9.57;0.3096;0.8989;0.7197;314.1445;137.3267;125.9796
9.58;0.3091;0.8995;0.7201;313.6256;137.3427;125.9811
9.60;0.3091;0.8995;0.7201;313.6256;137.3427;125.9811
9.62;0.3085;0.9001;0.7204;313.1808;137.4879;125.9295
9.63;0.3082;0.9005;0.7204;312.9360;137.6458;125.6683
9.65;0.3076;0.9012;0.7207;312.4841;137.7453;125.4287
9.67;0.3073;0.9015;0.7208;312.2879;137.8576;125.2641
9.68;0.3062;0.9024;0.7211;311.6519;138.2694;124.7418
9.70;0.3062;0.9024;0.7211;311.6519;138.2694;124.7418
9.72;0.3055;0.9031;0.7213;311.1609;138.4930;124.5141
9.73;0.3050;0.9036;0.7217;310.7146;138.4926;124.4730
9.75;0.3045;0.9042;0.7221;310.2687;138.4907;124.4347
9.77;0.3042;0.9046;0.7225;309.9706;138.4683;124.4650
9.78;0.3038;0.9052;0.7233;309.3287;138.1363;124.6521
9.80;0.3038;0.9052;0.7233;309.3287;138.1363;124.6521
9.82;0.3037;0.9056;0.7237;308.8788;137.7629;124.9583
9.83;0.3035;0.9060;0.7242;308.3823;137.4561;125.2460
9.85;0.3032;0.9065;0.7250;307.7866;137.0151;125.6067
9.87;0.3031;0.9067;0.7253;307.4898;136.7892;125.7566
9.88;0.3027;0.9073;0.7262;306.7511;136.1967;126.1867
9.90;0.3027;0.9073;0.7262;306.7511;136.1967;126.1867
9.92;0.3022;0.9077;0.7269;306.1641;135.9046;126.3470
9.93;0.3021;0.9079;0.7274;305.7737;135.4481;126.5984
9.95;0.3019;0.9082;0.7281;305.3092;135.0555;126.8691
9.97;0.3019;0.9082;0.7284;305.1783;134.8087;127.0257
9.98;0.3017;0.9084;0.7292;304.7919;134.5052;127.1809
10.00;0.3017;0.9084;0.7292;304.7919;134.5052;127.1809
10.02;0.3018;0.9085;0.7299;304.5727;134.1148;127.4637
10.03;0.3018;0.9085;0.7303;304.4559;133.9506;127.5482
10.05;0.3020;0.9086;0.7307;304.3749;133.6469;127.6644
10.07;0.3020;0.9086;0.7309;304.3826;133.5313;127.7306
10.08;0.3023;0.9083;0.7309;304.5411;133.4016;127.7236
10.10;0.3023;0.9083;0.7309;304.5411;133.4016;127.7236
10.12;0.3028;0.9079;0.7306;304.8369;133.3633;127.6913
10.13;0.3032;0.9074;0.7300;305.2281;133.4935;127.4292
10.15;0.3036;0.9069;0.7294;305.6138;133.5871;127.2116
10.17;0.3039;0.9066;0.7292;305.8555;133.5603;127.0548
10.18;0.3047;0.9056;0.7280;306.5813;133.7798;126.6894
10.20;0.3047;0.9056;0.7280;306.5813;133.7798;126.6894
10.22;0.3052;0.9049;0.7270;307.1642;134.0600;126.3682
10.23;0.3059;0.9041;0.7262;307.7420;134.1155;126.1913
10.25;0.3065;0.9033;0.7253;308.3772;134.3037;126.0651
10.27;0.3067;0.9028;0.7247;308.6719;134.5080;125.9134
10.28;0.3079;0.9012;0.7229;309.8519;134.8053;125.9745
10.30;0.3079;0.9012;0.7229;309.8519;134.8053;125.9745
10.32;0.3088;0.8999;0.7216;310.7415;135.0389;126.0445
10.33;0.3096;0.8988;0.7205;311.4846;135.1424;126.0870
10.35;0.3106;0.8976;0.7196;312.2338;135.0884;126.2639
10.37;0.3109;0.8973;0.7192;312.4835;135.1352;126.2831
10.38;0.3119;0.8958;0.7178;313.4339;135.3264;126.2866
10.40;0.3119;0.8958;0.7178;313.4339;135.3264;126.2866
10.42;0.3123;0.8952;0.7171;313.8293;135.4474;126.3340
10.43;0.3126;0.8945;0.7163;314.2846;135.6620;126.2277
10.45;0.3128;0.8940;0.7158;314.5888;135.8179;126.1361
10.47;0.3129;0.8936;0.7153;314.8935;135.9713;126.0475
10.48;0.3128;0.8933;0.7148;315.0506;136.1887;125.9670
10.50;0.3128;0.8933;0.7148;315.0506;136.1887;125.9670
10.52;0.3128;0.8929;0.7144;315.2559;136.3591;125.8376
10.53;0.3128;0.8927;0.7140;315.4137;136.5741;125.7597
10.55;0.3128;0.8924;0.7136;315.6196;136.7184;125.6333
10.57;0.3128;0.8923;0.7135;315.6724;136.7894;125.5836
10.58;0.3128;0.8918;0.7129;315.9317;137.0026;125.4101
10.60;0.3128;0.8918;0.7129;315.9317;137.0026;125.4101
10.62;0.3129;0.8915;0.7125;316.1384;137.1437;125.2875
10.63;0.3129;0.8910;0.7119;316.3987;137.3531;125.1185
10.65;0.3129;0.8906;0.7115;316.6060;137.4914;124.9992
10.67;0.3129;0.8905;0.7113;316.6594;137.5604;124.9519
10.68;0.3129;0.8901;0.7108;316.8671;137.6972;124.8345
10.70;0.3129;0.8901;0.7108;316.8671;137.6972;124.8345
10.72;0.3128;0.8898;0.7105;316.9823;137.8545;124.7111
10.73;0.3129;0.8895;0.7102;317.0833;137.8532;124.6886
10.75;0.3130;0.8893;0.7100;317.1842;137.8519;124.6664
10.77;0.3130;0.8892;0.7100;317.1842;137.8283;124.7396
10.78;0.3130;0.8891;0.7098;317.2379;137.8727;124.6935
10.80;0.3130;0.8891;0.7098;317.2379;137.8727;124.6935
10.82;0.3130;0.8889;0.7095;317.2916;137.9405;124.6474
10.83;0.3129;0.8888;0.7093;317.2981;138.0541;124.5041
10.85;0.3129;0.8887;0.7091;317.3519;138.0981;124.5315
10.87;0.3129;0.8886;0.7091;317.3519;138.0981;124.4583
10.88;0.3127;0.8886;0.7090;317.3047;138.1678;124.4339
10.90;0.3127;0.8886;0.7090;317.3047;138.1678;124.4339
10.92;0.3127;0.8886;0.7090;317.3047;138.1678;124.4339
10.93;0.3127;0.8886;0.7090;317.2509;138.1001;124.5530
10.95;0.3126;0.8888;0.7092;317.0961;138.0341;124.5476
10.97;0.3128;0.8888;0.7094;317.0360;137.8285;124.7378
10.98;0.3129;0.8893;0.7100;316.6674;137.4397;124.9217
11.00;0.3129;0.8893;0.7100;316.6674;137.4397;124.9217
11.02;0.3131;0.8896;0.7105;316.4541;137.1396;125.1119
11.03;0.3130;0.8898;0.7107;316.3001;137.0465;125.2574
11.05;0.3132;0.8899;0.7110;316.1407;136.7898;125.4023
11.07;0.3133;0.8900;0.7112;316.0347;136.6024;125.4264
11.08;0.3135;0.8902;0.7114;315.8283;136.3660;125.5501
11.10;0.3135;0.8902;0.7114;315.8283;136.3660;125.5501
11.12;0.3137;0.8903;0.7117;315.6699;136.0828;125.7717
11.13;0.3136;0.8906;0.7118;315.4691;136.0317;125.7520
11.15;0.3137;0.8906;0.7119;315.3638;135.8651;125.9256
11.17;0.3137;0.8905;0.7119;315.3638;135.8416;125.8524
11.18;0.3137;0.8908;0.7123;315.1059;135.5761;126.0320
11.20;0.3137;0.8908;0.7123;315.1059;135.5761;126.0320
11.22;0.3137;0.8909;0.7123;315.0057;135.5495;126.0601
11.23;0.3135;0.8910;0.7124;314.9055;135.5463;126.0885
11.25;0.3136;0.8909;0.7124;314.8531;135.4266;126.1399
11.27;0.3135;0.8910;0.7124;314.7529;135.4232;126.2419
11.28;0.3136;0.8909;0.7123;314.7006;135.3032;126.2204
11.30;0.3136;0.8909;0.7123;314.7006;135.3032;126.2204
11.32;0.3137;0.8908;0.7123;314.6484;135.2067;126.2723
11.33;0.3136;0.8908;0.7123;314.5483;135.1793;126.3016
11.35;0.3137;0.8908;0.7123;314.4961;135.0588;126.3539
11.37;0.3138;0.8906;0.7123;314.5440;134.9896;126.4498
11.38;0.3138;0.8907;0.7125;314.4399;134.8426;126.4814
11.40;0.3138;0.8907;0.7125;314.4399;134.8426;126.4814
11.42;0.3138;0.8907;0.7124;314.4399;134.8426;126.4814
11.43;0.3139;0.8907;0.7125;314.3878;134.7453;126.5340
11.45;0.3139;0.8907;0.7125;314.3878;134.7453;126.5340
11.47;0.3139;0.8907;0.7125;314.3878;134.7453;126.5340
11.48;0.3137;0.8909;0.7127;314.2879;134.7642;126.5644
11.50;0.3137;0.8909;0.7127;314.2879;134.7642;126.5644
11.52;0.3136;0.8910;0.7128;314.1880;134.7594;126.5949
11.53;0.3134;0.8912;0.7129;314.0881;134.7780;126.6256
11.55;0.3134;0.8912;0.7129;314.0881;134.8016;126.6256
11.57;0.3133;0.8913;0.7129;314.0401;134.8708;126.6031
11.58;0.3131;0.8915;0.7132;313.8884;134.8148;126.6876
11.60;0.3131;0.8915;0.7132;313.8883;134.8148;126.6876
11.62;0.3131;0.8915;0.7132;313.8883;134.8384;126.6876
11.63;0.3129;0.8917;0.7133;313.7885;134.8331;126.6456
11.65;0.3128;0.8917;0.7133;313.7405;134.9026;126.6230
11.67;0.3128;0.8917;0.7133;313.7405;134.9026;126.6230
11.68;0.3127;0.8918;0.7132;313.6926;134.9721;126.4537
11.70;0.3127;0.8918;0.7132;313.6926;134.9721;126.4537
11.72;0.3126;0.8920;0.7134;313.5928;134.9668;126.3385
11.73;0.3125;0.8920;0.7134;313.5928;134.9903;126.3385
11.75;0.3125;0.8920;0.7134;313.5928;134.9903;126.2653
11.77;0.3125;0.8920;0.7134;313.5928;134.9903;126.3385
11.78;0.3123;0.8920;0.7133;313.5449;135.0836;126.2424
11.80;0.3123;0.8920;0.7133;313.5449;135.0836;126.2424
11.82;0.3123;0.8921;0.7135;313.4930;135.0320;126.2236
11.83;0.3122;0.8921;0.7135;313.4930;135.0556;126.2236
11.85;0.3121;0.8922;0.7135;313.4451;135.1253;126.2006
11.87;0.3121;0.8922;0.7135;313.4451;135.1489;126.2006
11.88;0.3120;0.8923;0.7136;313.3933;135.1207;126.2553
11.90;0.3120;0.8923;0.7136;313.3933;135.1207;126.2553
11.92;0.3119;0.8923;0.7137;313.3933;135.1442;126.1821
11.93;0.3119;0.8923;0.7137;313.3933;135.1678;126.1821
11.95;0.3118;0.8923;0.7137;313.3933;135.1913;126.1089
11.97;0.3118;0.8923;0.7137;313.3933;135.1913;126.1821
11.98;0.3118;0.8924;0.7138;313.3488;135.1629;126.1314
12.00;0.3118;0.8924;0.7138;313.3488;135.1629;126.1314
12.02;0.3116;0.8924;0.7138;313.3009;135.2563;126.1084
12.03;0.3117;0.8924;0.7138;313.3488;135.1865;126.1314
12.05;0.3117;0.8923;0.7138;313.3561;135.2100;126.0991
12.07;0.3117;0.8923;0.7138;313.3561;135.2100;126.0991
12.08;0.3117;0.8923;0.7140;313.3188;135.1815;126.0893
12.10;0.3117;0.8923;0.7140;313.3189;135.1815;126.0893
12.12;0.3118;0.8922;0.7140;313.3813;135.1587;126.0476
12.13;0.3117;0.8922;0.7140;313.3407;135.2521;125.9923
12.15;0.3118;0.8922;0.7140;313.3958;135.2057;126.0562
12.17;0.3119;0.8921;0.7140;313.4436;135.1359;126.0790
12.18;0.3120;0.8920;0.7141;313.5059;135.1129;126.0372
12.20;0.3120;0.8920;0.7141;313.5059;135.1129;126.0372
12.22;0.3121;0.8918;0.7141;313.5754;135.1133;125.8900
12.23;0.3121;0.8918;0.7142;313.5452;135.1320;125.9208
12.25;0.3121;0.8916;0.7142;313.6146;135.1793;125.8468
12.27;0.3120;0.8915;0.7143;313.6291;135.2494;125.7825
12.28;0.3120;0.8912;0.7144;313.7299;135.3155;125.6242
12.30;0.3120;0.8912;0.7144;313.7299;135.3155;125.6242
12.32;0.3121;0.8910;0.7146;313.8084;135.2647;125.5619
12.33;0.3121;0.8909;0.7148;313.8250;135.2375;125.5412
12.35;0.3121;0.8908;0.7150;313.8414;135.1868;125.5203
12.37;0.3122;0.8908;0.7151;313.8434;135.0899;125.5635
12.38;0.3123;0.8908;0.7154;313.8143;135.0121;125.5635
12.40;0.3123;0.8908;0.7154;313.8143;135.0121;125.5635
12.42;0.3122;0.8908;0.7156;313.7760;135.0080;125.5526
12.43;0.3122;0.8908;0.7159;313.7396;134.9307;125.5846
12.45;0.3121;0.8908;0.7162;313.6559;134.8758;125.5951
12.47;0.3121;0.8909;0.7163;313.6106;134.8484;125.6166
12.48;0.3120;0.8909;0.7166;313.5337;134.8404;125.5950
12.50;0.3120;0.8909;0.7166;313.5337;134.8404;125.5950
12.52;0.3119;0.8909;0.7168;313.4952;134.8365;125.5843
12.53;0.3122;0.8909;0.7170;313.4983;134.5954;125.7428
12.55;0.3120;0.8910;0.7173;313.3674;134.6099;125.7330
12.57;0.3119;0.8911;0.7174;313.2750;134.6283;125.6607
12.58;0.3120;0.8912;0.7179;313.1856;134.4286;125.7476
12.60;0.3120;0.8912;0.7179;313.1856;134.4286;125.7476
12.62;0.3120;0.8912;0.7180;313.1469;134.4247;125.8103
12.63;0.3119;0.8913;0.7182;313.1014;134.3969;125.7592
12.65;0.3116;0.8915;0.7184;312.9102;134.4328;125.7956
12.67;0.3116;0.8915;0.7184;312.9169;134.4569;125.7627
12.68;0.3113;0.8916;0.7185;312.8187;134.6897;125.5466
12.70;0.3113;0.8916;0.7185;312.8187;134.6897;125.5466
12.72;0.3110;0.8915;0.7185;312.7600;134.9742;125.3402
12.73;0.3108;0.8914;0.7186;312.7166;135.1626;125.1113
12.75;0.3100;0.8913;0.7184;312.5938;135.8801;124.5105
12.77;0.3097;0.8913;0.7184;312.5392;136.1441;124.3021
12.78;0.3090;0.8914;0.7183;312.3722;136.6985;123.9265
12.80;0.3090;0.8914;0.7183;312.3722;136.6985;123.9265
12.82;0.3085;0.8913;0.7180;312.3446;137.1597;123.5732
12.83;0.3080;0.8914;0.7180;312.2336;137.4518;123.4041
12.85;0.3077;0.8914;0.7178;312.2143;137.7203;123.2366
12.87;0.3077;0.8914;0.7179;312.1679;137.6714;123.2581
12.88;0.3074;0.8914;0.7177;312.1572;137.9882;122.9842
12.90;0.3074;0.8914;0.7177;312.1572;137.9882;122.9842
12.92;0.3072;0.8913;0.7177;312.1370;138.1583;122.9351
12.93;0.3071;0.8913;0.7177;312.1614;138.2544;122.8372
12.95;0.3068;0.8913;0.7177;312.1253;138.3999;122.7800
12.97;0.3068;0.8913;0.7177;312.1253;138.3999;122.7800
12.98;0.3067;0.8911;0.7176;312.2048;138.5918;122.6287
13.00;0.3067;0.8911;0.7176;312.2048;138.5918;122.6287
13.02;0.3066;0.8911;0.7176;312.2130;138.6394;122.5962
13.03;0.3064;0.8911;0.7176;312.1855;138.7856;122.5063
13.05;0.3063;0.8910;0.7174;312.2572;138.9056;122.3882
13.07;0.3064;0.8910;0.7175;312.2104;138.8578;122.4089
13.08;0.3061;0.8909;0.7176;312.2084;139.0763;122.2216
13.10;0.3061;0.8909;0.7176;312.2084;139.0763;122.2216
13.12;0.3059;0.8909;0.7176;312.1815;139.2464;122.1316
13.13;0.3056;0.8910;0.7177;312.1078;139.3692;122.0620
13.15;0.3055;0.8909;0.7177;312.1248;139.4409;121.9971
13.17;0.3054;0.8908;0.7177;312.1418;139.5125;121.9323
13.18;0.3052;0.8909;0.7178;312.0769;139.6599;121.8300
13.20;0.3052;0.8909;0.7178;312.0769;139.6599;121.8300
13.22;0.3052;0.8907;0.7178;312.1460;139.6801;121.7583
13.23;0.3051;0.8907;0.7179;312.0727;139.7566;121.6884
13.25;0.3050;0.8907;0.7179;312.0813;139.8042;121.7292
13.27;0.3050;0.8907;0.7179;312.0899;139.8283;121.6236
13.28;0.3048;0.8908;0.7181;311.9996;139.8806;121.6183
13.30;0.3048;0.8908;0.7181;311.9996;139.8806;121.6183
13.32;0.3048;0.8907;0.7181;312.0168;139.9287;121.5535
13.33;0.3048;0.8906;0.7181;312.0341;139.9769;121.4887
13.35;0.3049;0.8905;0.7181;312.0944;139.9492;121.5227
13.37;0.3049;0.8906;0.7182;312.0385;139.8785;121.5752
13.38;0.3046;0.8907;0.7183;311.9139;140.0311;121.4386
13.40;0.3046;0.8907;0.7183;311.9139;140.0311;121.4386
13.42;0.3046;0.8907;0.7184;311.8840;140.0327;121.3940
13.43;0.3045;0.8909;0.7187;311.7552;140.0396;121.3765
13.45;0.3043;0.8909;0.7188;311.6912;140.1420;121.3467
13.47;0.3042;0.8910;0.7190;311.5539;140.1249;121.2887
13.48;0.3039;0.8912;0.7196;311.3055;140.1881;121.2215
13.50;0.3039;0.8912;0.7196;311.3055;140.1881;121.2215
13.52;0.3036;0.8913;0.7198;311.1608;140.3470;121.0799
13.53;0.3033;0.8914;0.7201;310.9868;140.5103;120.9661
13.55;0.3029;0.8914;0.7204;310.7805;140.7780;120.6457
13.57;0.3026;0.8916;0.7208;310.5631;140.8197;120.6228
13.58;0.3021;0.8915;0.7213;310.3173;141.1519;120.2901
13.60;0.3021;0.8915;0.7213;310.3173;141.1519;120.2901
13.62;0.3015;0.8917;0.7217;310.0256;141.4616;119.9604
13.63;0.3012;0.8918;0.7222;309.8169;141.6403;119.8303
13.65;0.3007;0.8919;0.7226;309.5591;141.8753;119.6323
13.67;0.3005;0.8919;0.7229;309.4413;141.9161;119.5804
13.68;0.3001;0.8920;0.7234;309.1097;141.9313;119.6668
13.70;0.3001;0.8920;0.7234;309.1097;141.9313;119.6668
13.72;0.3000;0.8920;0.7240;308.8475;141.8361;119.8278
13.73;0.2997;0.8919;0.7243;308.6521;141.8639;119.9723
13.75;0.2998;0.8919;0.7249;308.4689;141.6077;120.2632
13.77;0.2997;0.8919;0.7250;308.3512;141.6506;120.2854
13.78;0.2996;0.8921;0.7261;307.9164;141.2582;120.7862
13.80;0.2996;0.8921;0.7261;307.9164;141.2582;120.7862
13.82;0.2996;0.8920;0.7267;307.6626;141.0663;121.0803
13.83;0.2997;0.8920;0.7269;307.6051;140.8922;121.2279
13.85;0.2997;0.8921;0.7273;307.4511;140.7234;121.6284
13.87;0.2998;0.8922;0.7276;307.3848;140.5438;121.8121
13.88;0.2999;0.8923;0.7281;307.2704;140.3165;122.1672
13.90;0.2999;0.8923;0.7281;307.2704;140.3165;122.1672
13.92;0.3001;0.8923;0.7283;307.2044;140.1125;122.3517
13.93;0.3001;0.8923;0.7285;307.2040;140.0367;122.4397
13.95;0.3003;0.8923;0.7287;307.1950;139.9088;122.5634
13.97;0.3004;0.8922;0.7287;307.2343;139.8286;122.6621
13.98;0.3006;0.8921;0.7288;307.2731;139.6495;122.7749
14.00;0.3006;0.8921;0.7288;307.2731;139.6495;122.7749
14.02;0.3008;0.8921;0.7289;307.3209;139.5983;122.9106
14.03;0.3008;0.8920;0.7288;307.3209;139.5983;122.9106
14.05;0.3009;0.8920;0.7290;307.3118;139.4708;122.9603
14.07;0.3009;0.8919;0.7288;307.3687;139.5470;122.9730
14.08;0.3008;0.8919;0.7290;307.3202;139.5229;122.9976
14.10;0.3008;0.8919;0.7290;307.3202;139.5229;122.9976
14.12;0.3009;0.8918;0.7290;307.3679;139.4954;123.0598
14.13;0.3008;0.8918;0.7290;307.3679;139.5189;123.0598
14.15;0.3008;0.8918;0.7290;307.3763;139.5474;123.0239
14.17;0.3007;0.8918;0.7290;307.3763;139.5710;123.0971
14.18;0.3008;0.8917;0.7290;307.4156;139.5149;123.1952
14.20;0.3008;0.8917;0.7290;307.4156;139.5149;123.1952
14.22;0.3008;0.8917;0.7290;307.4156;139.5385;123.2684
14.23;0.3009;0.8917;0.7290;307.4549;139.4589;123.2199
14.25;0.3009;0.8916;0.7290;307.4549;139.4589;123.2931
14.27;0.3010;0.8915;0.7289;307.5511;139.4553;123.2575
14.28;0.3009;0.8915;0.7289;307.5511;139.4789;123.2575
14.30;0.3009;0.8915;0.7289;307.5511;139.4789;123.2575
14.32;0.3010;0.8914;0.7288;307.6555;139.5034;123.2597
14.33;0.3011;0.8913;0.7288;307.6949;139.4476;123.2841
14.35;0.3010;0.8913;0.7288;307.6949;139.4948;123.2842
14.37;0.3010;0.8912;0.7288;307.7342;139.4862;123.2353
14.38;0.3010;0.8911;0.7288;307.7736;139.4542;123.3328
14.40;0.3010;0.8911;0.7288;307.7736;139.4542;123.3328
14.42;0.3010;0.8910;0.7288;307.8211;139.4504;123.3213
14.43;0.3009;0.8909;0.7288;307.8605;139.4421;123.3453
14.45;0.3010;0.8907;0.7287;307.9567;139.4619;123.3100
14.47;0.3011;0.8906;0.7287;308.0355;139.3751;123.3577
14.48;0.3012;0.8905;0.7289;308.0576;139.2136;123.4639
14.50;0.3012;0.8905;0.7289;308.0576;139.2136;123.4639
14.52;0.3013;0.8902;0.7289;308.2328;139.1479;123.5482
14.53;0.3012;0.8901;0.7289;308.2802;139.1918;123.5359
14.55;0.3013;0.8900;0.7290;308.3593;139.1064;123.5818
14.57;0.3013;0.8900;0.7290;308.3988;139.0756;123.6046
14.58;0.3013;0.8899;0.7292;308.4214;138.9632;123.7085
14.60;0.3013;0.8899;0.7292;308.4214;138.9632;123.7085
14.62;0.3012;0.8898;0.7293;308.4610;138.9799;123.7309
14.63;0.3011;0.8897;0.7292;308.5572;139.0713;123.7681
14.65;0.3011;0.8897;0.7294;308.5403;138.9663;123.7755
14.67;0.3012;0.8896;0.7294;308.5800;138.9361;123.7976
14.68;0.3009;0.8896;0.7295;308.5800;139.0775;123.7976
14.70;0.3009;0.8896;0.7295;308.5800;139.0775;123.7976
14.72;0.3008;0.8895;0.7295;308.6273;139.0986;123.7843
14.73;0.3007;0.8894;0.7295;308.6426;139.2009;123.7136
14.75;0.3006;0.8892;0.7295;308.7051;139.2770;123.6297
14.77;0.3005;0.8892;0.7295;308.7205;139.3556;123.6324
14.78;0.3002;0.8890;0.7296;308.6867;139.4819;123.5845
14.80;0.3002;0.8890;0.7296;308.6867;139.4819;123.5845
14.82;0.2999;0.8889;0.7296;308.7098;139.6587;123.4055
14.83;0.2998;0.8888;0.7297;308.6761;139.7145;123.3574
14.85;0.2997;0.8887;0.7298;308.6008;139.7282;123.2962
14.87;0.2996;0.8886;0.7300;308.5593;139.7332;123.2833
14.88;0.2995;0.8884;0.7301;308.4993;139.8028;123.1512
14.90;0.2995;0.8884;0.7301;308.4993;139.8028;123.1512
14.92;0.2992;0.8883;0.7303;308.3849;139.8952;123.0677
14.93;0.2991;0.8882;0.7304;308.3171;139.9146;122.9705
14.95;0.2991;0.8882;0.7307;308.1842;139.8326;122.9667
14.97;0.2991;0.8881;0.7307;308.1997;139.8886;122.9687
14.98;0.2989;0.8881;0.7311;307.9864;139.8674;122.8566
15.00;0.2989;0.8881;0.7311;307.9864;139.8674;122.8566
15.02;0.2988;0.8880;0.7315;307.8454;139.7577;123.0355
15.03;0.2988;0.8881;0.7319;307.6548;139.6016;123.0914
15.05;0.2988;0.8881;0.7323;307.5136;139.4913;123.2715
15.07;0.2986;0.8882;0.7325;307.3763;139.4767;123.2236
15.08;0.2985;0.8883;0.7329;307.1551;139.4268;123.2972
15.10;0.2985;0.8883;0.7329;307.1551;139.4268;123.2972
15.12;0.2984;0.8882;0.7332;307.0214;139.3451;123.2957
15.13;0.2984;0.8882;0.7335;306.8724;139.2046;123.4413
15.15;0.2983;0.8882;0.7337;306.7806;139.1402;123.5264
15.17;0.2982;0.8883;0.7338;306.6933;139.1717;123.5296
15.18;0.2982;0.8884;0.7343;306.4874;138.9529;123.6657
15.20;0.2982;0.8884;0.7343;306.4874;138.9529;123.6657
15.22;0.2982;0.8885;0.7346;306.3882;138.8344;123.7158
15.23;0.2982;0.8885;0.7347;306.3312;138.7567;123.8516
15.25;0.2981;0.8886;0.7348;306.2440;138.7874;123.8559
15.27;0.2982;0.8886;0.7349;306.2816;138.7089;123.8769
15.28;0.2981;0.8886;0.7349;306.1944;138.7396;123.9546
15.30;0.2981;0.8886;0.7349;306.1944;138.7396;123.9546
15.32;0.2981;0.8886;0.7351;306.1522;138.7221;123.9426
15.33;0.2980;0.8885;0.7351;306.1172;138.7350;123.8930
15.35;0.2980;0.8883;0.7350;306.1962;138.9040;123.7906
15.37;0.2979;0.8883;0.7351;306.1539;138.9103;123.7783
15.38;0.2979;0.8882;0.7349;306.1983;139.0920;123.6265
15.40;0.2979;0.8882;0.7349;306.1983;139.0920;123.6265
15.42;0.2979;0.8882;0.7351;306.1708;139.1357;123.5389
15.43;0.2979;0.8883;0.7352;306.1284;139.1190;123.5996
15.45;0.2977;0.8880;0.7352;306.1284;139.1426;123.6728
15.47;0.2977;0.8879;0.7352;306.1284;139.1426;123.5996
15.48;0.2977;0.8880;0.7353;306.0785;139.0956;123.7710
15.50;0.2977;0.8880;0.7353;306.0785;139.0956;123.7710
15.52;0.2978;0.8879;0.7353;306.1155;139.0166;123.8653
15.53;0.2979;0.8878;0.7353;306.1525;138.9377;123.9595
15.55;0.2980;0.8877;0.7353;306.1970;138.8892;124.0161
15.57;0.2980;0.8877;0.7353;306.2043;138.9195;124.0518
15.58;0.2982;0.8875;0.7353;306.2857;138.7923;124.1290
15.60;0.2982;0.8875;0.7353;306.2857;138.7923;124.1290
15.62;0.2982;0.8874;0.7353;306.2930;138.8225;124.0915
15.63;0.2983;0.8874;0.7353;306.3300;138.7438;124.1854
15.65;0.2984;0.8872;0.7352;306.4316;138.7957;124.2532
15.67;0.2985;0.8871;0.7351;306.5260;138.7937;124.2854
15.68;0.2987;0.8869;0.7349;306.6574;138.7366;124.4115
15.70;0.2987;0.8869;0.7349;306.6574;138.7366;124.4115
15.72;0.2989;0.8866;0.7347;306.8464;138.7318;124.4770
15.73;0.2990;0.8864;0.7344;306.9985;138.8279;124.4499
15.75;0.2991;0.8862;0.7342;307.1507;138.8997;124.4237
15.77;0.2992;0.8861;0.7340;307.2454;138.8962;124.4577
15.78;0.2996;0.8856;0.7335;307.6243;138.9041;124.5957
15.80;0.2996;0.8856;0.7335;307.6243;138.9041;124.5957
15.82;0.3000;0.8851;0.7331;308.0037;138.9094;124.7370
15.83;0.3002;0.8848;0.7328;308.1936;138.8993;124.9553
15.85;0.3005;0.8843;0.7323;308.5367;138.9782;125.0085
15.87;0.3007;0.8841;0.7321;308.7270;138.9661;125.1560
15.88;0.3011;0.8834;0.7313;309.1875;139.1576;125.2517
15.90;0.3011;0.8834;0.7313;309.1876;139.1576;125.2517
15.92;0.3011;0.8831;0.7309;309.3998;139.3130;125.3292
15.93;0.3012;0.8828;0.7306;309.6124;139.4669;125.3352
15.95;0.3011;0.8825;0.7300;309.8840;139.7110;125.2906
15.97;0.3012;0.8823;0.7299;309.9796;139.7255;125.3313
15.98;0.3013;0.8819;0.7294;310.2886;139.8891;125.3835
16.00;0.3013;0.8819;0.7294;310.2886;139.8891;125.3835
16.02;0.3013;0.8816;0.7291;310.5023;140.0603;125.3232
16.03;0.3013;0.8814;0.7290;310.5981;140.0971;125.3654
16.05;0.3014;0.8812;0.7287;310.7530;140.1767;125.3575
16.07;0.3014;0.8811;0.7286;310.8121;140.2429;125.3074
16.08;0.3014;0.8809;0.7284;310.9672;140.3214;125.3006
16.10;0.3014;0.8809;0.7284;310.9672;140.3214;125.3006
16.12;0.3014;0.8809;0.7284;310.9672;140.3450;125.3006
16.13;0.3014;0.8807;0.7281;311.1224;140.4229;125.2945
16.15;0.3013;0.8807;0.7282;311.1224;140.4700;125.2945
16.17;0.3012;0.8807;0.7282;311.1224;140.4936;125.2945
16.18;0.3014;0.8805;0.7281;311.2551;140.4289;125.2845
16.20;0.3014;0.8805;0.7281;311.2551;140.4289;125.2845
16.22;0.3014;0.8805;0.7281;311.2551;140.4525;125.3577
16.23;0.3014;0.8804;0.7281;311.2918;140.3994;125.3772
16.25;0.3014;0.8804;0.7281;311.2918;140.3994;125.3039
16.27;0.3016;0.8804;0.7282;311.3286;140.3227;125.3966
16.28;0.3015;0.8804;0.7282;311.3286;140.3463;125.3966
16.30;0.3015;0.8804;0.7282;311.3286;140.3463;125.3966
16.32;0.3015;0.8804;0.7282;311.3286;140.3699;125.3966
16.33;0.3015;0.8804;0.7282;311.3286;140.3699;125.3966
16.35;0.3014;0.8804;0.7282;311.3286;140.3934;125.4698
16.37;0.3013;0.8804;0.7282;311.3286;140.4170;125.3966
16.38;0.3013;0.8804;0.7282;311.3286;140.4406;125.3966
16.40;0.3013;0.8804;0.7282;311.3286;140.4406;125.3966
16.42;0.3014;0.8802;0.7281;311.4246;140.4527;125.4403
16.43;0.3014;0.8803;0.7283;311.3654;140.3876;125.4159
16.45;0.3013;0.8802;0.7281;311.4246;140.4763;125.4403
16.47;0.3013;0.8802;0.7281;311.4246;140.4763;125.3670
16.48;0.3014;0.8801;0.7280;311.5207;140.4883;125.3376
16.50;0.3014;0.8801;0.7280;311.5207;140.4884;125.3376
16.52;0.3014;0.8801;0.7280;311.5207;140.4884;125.4108
16.53;0.3014;0.8801;0.7282;311.4690;140.4484;125.4262
16.55;0.3013;0.8800;0.7281;311.5283;140.5368;125.3775
16.57;0.3012;0.8800;0.7281;311.5283;140.5604;125.3043
16.58;0.3013;0.8799;0.7280;311.6244;140.5723;125.3483
16.60;0.3013;0.8799;0.7280;311.6244;140.5723;125.3483
16.62;0.3014;0.8798;0.7280;311.6611;140.5195;125.2942
16.63;0.3013;0.8798;0.7279;311.7205;140.6076;125.2460
16.65;0.3013;0.8796;0.7278;311.8166;140.6192;125.2903
16.67;0.3013;0.8796;0.7278;311.8166;140.6428;125.3636
16.68;0.3013;0.8794;0.7274;311.9872;140.8107;125.1801
16.70;0.3013;0.8794;0.7274;311.9872;140.8107;125.1801
16.72;0.3012;0.8793;0.7273;312.0466;140.8981;125.1327
16.73;0.3012;0.8791;0.7270;312.1656;141.0254;125.0382
16.75;0.3011;0.8791;0.7268;312.1886;141.1652;124.9718
16.77;0.3010;0.8790;0.7267;312.2482;141.2285;124.9249
16.78;0.3010;0.8788;0.7264;312.3676;141.3547;124.9049
16.80;0.3010;0.8788;0.7264;312.3676;141.3547;124.9049
16.82;0.3009;0.8788;0.7262;312.3907;141.4941;124.7655
16.83;0.3010;0.8787;0.7263;312.4273;141.4176;124.7852
16.85;0.3009;0.8786;0.7262;312.4950;141.5514;124.7064
16.87;0.3009;0.8785;0.7262;312.5395;141.5224;124.6936
16.88;0.3009;0.8785;0.7263;312.5761;141.5166;124.7863
16.90;0.3009;0.8785;0.7263;312.5761;141.5166;124.7863
16.92;0.3009;0.8784;0.7263;312.6127;141.5108;124.7326
16.93;0.3009;0.8784;0.7264;312.6493;141.4816;124.8252
16.95;0.3007;0.8784;0.7264;312.6493;141.5523;124.7519
16.97;0.3008;0.8783;0.7265;312.6859;141.4761;124.7712
16.98;0.3007;0.8784;0.7267;312.6261;141.4842;124.8172
17.00;0.3007;0.8784;0.7267;312.6261;141.4842;124.8172
17.02;0.3006;0.8784;0.7266;312.6261;141.5314;124.8172
17.03;0.3005;0.8784;0.7267;312.6262;141.5549;124.8172
17.05;0.3004;0.8784;0.7266;312.5974;141.6551;124.7654
17.07;0.3005;0.8784;0.7267;312.6339;141.6024;124.8579
17.08;0.3003;0.8785;0.7268;312.5376;141.6395;124.8848
17.10;0.3003;0.8785;0.7268;312.5376;141.6395;124.8848
17.12;0.3001;0.8785;0.7268;312.5010;141.7159;124.7923
17.13;0.3000;0.8786;0.7267;312.4644;141.8158;124.8461
17.15;0.2998;0.8786;0.7267;312.4279;141.8923;124.7534
17.17;0.2997;0.8787;0.7267;312.3913;141.9688;124.7339
17.18;0.2996;0.8787;0.7267;312.3628;142.0695;124.6817
17.20;0.2996;0.8787;0.7267;312.3628;142.0695;124.6817
17.22;0.2993;0.8788;0.7266;312.2898;142.2229;124.6421
17.23;0.2992;0.8788;0.7266;312.2615;142.3239;124.5896
17.25;0.2990;0.8788;0.7265;312.2413;142.4491;124.5778
17.27;0.2989;0.8788;0.7265;312.2131;142.5502;124.4519
17.28;0.2986;0.8787;0.7264;312.1653;142.7769;124.3137
17.30;0.2986;0.8787;0.7264;312.1653;142.7769;124.3137
17.32;0.2984;0.8786;0.7263;312.1541;142.9266;124.1958
17.33;0.2985;0.8783;0.7263;312.2233;142.9455;124.0862
17.35;0.2981;0.8782;0.7262;312.2018;143.2447;123.8506
17.37;0.2979;0.8781;0.7261;312.2000;143.4185;123.7004
