4.33;0.3007;0.8978;0.7166;310.4489;144.5263;73.1430
4.35;0.3008;0.8977;0.7169;310.3227;144.2032;73.5057
4.37;0.3007;0.8977;0.7170;310.2183;144.1349;73.5804
4.38;0.3006;0.8975;0.7172;310.1771;144.0569;73.7715
4.40;0.3006;0.8975;0.7172;310.1771;144.0569;73.7715
4.42;0.3005;0.8973;0.7174;310.1358;143.9789;73.8892
4.43;0.3004;0.8973;0.7175;310.0997;144.0284;73.8786
4.45;0.3002;0.8974;0.7176;310.0422;144.0523;73.9325
4.47;0.3001;0.8974;0.7176;310.0422;144.0758;73.9325
4.48;0.2998;0.8974;0.7176;310.0007;144.2520;73.9723
4.50;0.2998;0.8974;0.7176;310.0007;144.2520;73.9723
4.52;0.2994;0.8974;0.7177;310.0007;144.3934;73.9723
4.53;0.2992;0.8974;0.7177;310.0007;144.4641;73.8991
4.55;0.2989;0.8975;0.7178;309.9592;144.6404;73.8655
4.57;0.2989;0.8973;0.7177;310.0582;144.6758;73.8452
4.58;0.2985;0.8974;0.7177;310.0168;144.8522;73.7384
4.60;0.2985;0.8974;0.7177;310.0168;144.8522;73.7384
4.62;0.2981;0.8972;0.7176;310.0492;145.0674;73.4954
4.63;0.2978;0.8971;0.7176;310.0709;145.2108;73.2846
4.65;0.2977;0.8969;0.7177;310.1230;145.2710;73.2128
4.67;0.2975;0.8968;0.7176;310.1447;145.3672;73.0754
4.68;0.2973;0.8967;0.7176;310.1664;145.5105;72.9380
4.70;0.2973;0.8967;0.7176;310.1664;145.5105;72.9380
4.72;0.2968;0.8964;0.7176;310.2207;145.7976;72.4850
4.73;0.2962;0.8963;0.7176;310.2125;146.1181;72.2090
4.75;0.2958;0.8962;0.7177;310.2345;146.3082;71.9987
4.77;0.2957;0.8960;0.7175;310.3444;146.3897;71.9479
4.78;0.2952;0.8959;0.7177;310.2784;146.6176;71.7247
4.80;0.2952;0.8959;0.7177;310.2784;146.6176;71.7247
4.82;0.2948;0.8955;0.7176;310.4073;146.9173;71.3575
4.83;0.2944;0.8950;0.7175;310.4960;147.2044;70.9577
4.85;0.2941;0.8945;0.7174;310.5964;147.5144;70.6005
4.87;0.2938;0.8944;0.7175;310.5936;147.6375;70.4208
4.88;0.2935;0.8938;0.7173;310.7345;147.8868;70.1716
4.90;0.2935;0.8938;0.7173;310.7345;147.8868;70.1716
4.92;0.2930;0.8932;0.7173;310.7996;148.2463;69.8042
4.93;0.2927;0.8928;0.7173;310.7943;148.3986;69.5181
4.95;0.2926;0.8924;0.7173;310.8421;148.4859;69.4870
4.97;0.2924;0.8923;0.7174;310.8167;148.5386;69.4427
4.98;0.2923;0.8921;0.7176;310.7932;148.5373;69.4185
5.00;0.2923;0.8921;0.7176;310.7932;148.5373;69.4185
5.02;0.2922;0.8919;0.7179;310.7324;148.4949;69.3807
5.03;0.2923;0.8918;0.7181;310.6858;148.3761;69.3451
5.05;0.2921;0.8918;0.7182;310.6599;148.4528;69.3737
5.07;0.2922;0.8917;0.7183;310.6390;148.3279;69.3826
5.08;0.2921;0.8917;0.7184;310.5907;148.3333;69.4741
5.10;0.2921;0.8917;0.7184;310.5907;148.3333;69.4741
5.12;0.2922;0.8917;0.7188;310.5121;148.0887;69.5522
5.13;0.2923;0.8916;0.7191;310.4762;147.9939;69.5579
5.15;0.2925;0.8915;0.7192;310.5273;147.8582;69.6498
5.17;0.2924;0.8914;0.7193;310.4898;147.8641;69.6365
5.18;0.2925;0.8913;0.7197;310.3951;147.6503;69.7098
5.20;0.2925;0.8913;0.7197;310.3951;147.6503;69.7098
5.22;0.2926;0.8911;0.7200;310.3971;147.4971;69.7454
5.23;0.2926;0.8909;0.7201;310.3709;147.4745;69.7175
5.25;0.2927;0.8906;0.7202;310.3659;147.4303;69.6252
5.27;0.2928;0.8905;0.7205;310.3177;147.2889;69.6606
5.28;0.2928;0.8904;0.7207;310.2035;147.2371;69.6195
5.30;0.2928;0.8904;0.7207;310.2035;147.2371;69.6195
5.32;0.2928;0.8903;0.7212;310.0191;147.0185;69.8248
5.33;0.2929;0.8903;0.7215;309.9319;146.8835;70.0660
5.35;0.2929;0.8902;0.7218;309.8168;146.8327;70.0981
5.37;0.2930;0.8901;0.7219;309.8165;146.7333;70.1875
5.38;0.2931;0.8900;0.7223;309.6797;146.5332;70.3740
5.40;0.2931;0.8900;0.7223;309.6797;146.5332;70.3740
5.42;0.2930;0.8902;0.7227;309.4947;146.4895;70.4749
5.43;0.2930;0.8902;0.7229;309.4072;146.4306;70.5537
5.45;0.2932;0.8902;0.7231;309.3471;146.2636;70.6952
5.47;0.2931;0.8902;0.7233;309.2982;146.2448;70.7879
5.48;0.2930;0.8903;0.7237;309.1410;146.1390;70.9531
5.50;0.2930;0.8903;0.7237;309.1410;146.1390;70.9531
5.52;0.2932;0.8903;0.7238;309.1299;146.0139;71.1486
5.53;0.2931;0.8904;0.7239;309.0708;145.9689;71.2750
5.55;0.2933;0.8904;0.7242;308.9907;145.7725;71.5574
5.57;0.2933;0.8904;0.7242;308.9907;145.7725;71.5574
5.58;0.2933;0.8904;0.7244;308.9798;145.6709;71.7528
5.60;0.2933;0.8904;0.7244;308.9798;145.6709;71.7528
5.62;0.2933;0.8905;0.7246;308.8719;145.6057;71.9734
5.63;0.2933;0.8904;0.7246;308.9100;145.5471;72.1485
5.65;0.2935;0.8904;0.7248;308.8893;145.3956;72.3043
5.67;0.2933;0.8904;0.7247;308.8512;145.5013;72.3490
5.68;0.2933;0.8904;0.7247;308.8611;145.5275;72.3886
5.70;0.2933;0.8904;0.7247;308.8611;145.5275;72.3886
5.72;0.2934;0.8902;0.7247;308.9572;145.4393;72.5247
5.73;0.2933;0.8902;0.7247;308.9290;145.5475;72.3894
5.75;0.2932;0.8901;0.7246;308.9290;145.5710;72.4627
5.77;0.2932;0.8901;0.7246;308.9290;145.5710;72.4627
5.78;0.2931;0.8900;0.7246;308.9290;145.5946;72.4627
5.80;0.2931;0.8900;0.7246;308.9290;145.5946;72.4627
5.82;0.2931;0.8900;0.7245;308.9290;145.6182;72.5359
5.83;0.2932;0.8898;0.7245;308.9770;145.5622;72.5307
5.85;0.2930;0.8899;0.7246;308.8899;145.6249;72.5225
5.87;0.2931;0.8898;0.7246;308.9378;145.5689;72.5172
5.88;0.2929;0.8897;0.7245;308.9297;145.7531;72.3880
5.90;0.2929;0.8897;0.7245;308.9297;145.7531;72.3880
5.92;0.2928;0.8894;0.7244;309.0466;145.8390;72.2958
5.93;0.2927;0.8893;0.7244;309.0566;145.9121;72.3356
5.95;0.2925;0.8892;0.7243;309.0388;146.0699;72.1669
5.97;0.2924;0.8892;0.7243;309.0388;146.0935;72.1669
5.98;0.2924;0.8892;0.7244;308.9897;146.0510;72.1866
6.00;0.2924;0.8892;0.7244;308.9897;146.0510;72.1866
6.02;0.2922;0.8889;0.7242;309.0690;146.2421;72.0666
6.03;0.2922;0.8889;0.7243;309.0674;146.1906;72.1544
6.05;0.2921;0.8887;0.7242;309.1469;146.3340;71.9615
6.07;0.2919;0.8887;0.7243;309.0601;146.3979;71.9524
6.08;0.2918;0.8884;0.7242;309.1974;146.5339;71.8681
6.10;0.2918;0.8884;0.7242;309.1974;146.5339;71.8681
6.12;0.2917;0.8883;0.7241;309.2176;146.6326;71.7283
6.13;0.2915;0.8881;0.7241;309.2481;146.7569;71.7019
6.15;0.2914;0.8880;0.7242;309.2190;146.7905;71.6542
6.17;0.2915;0.8879;0.7242;309.2663;146.7573;71.6494
6.18;0.2913;0.8879;0.7243;309.2269;146.8123;71.5617
6.20;0.2913;0.8879;0.7243;309.2269;146.8123;71.5617
6.22;0.2913;0.8876;0.7244;309.2820;146.7540;71.6103
6.23;0.2914;0.8874;0.7245;309.2996;146.7312;71.5572
6.25;0.2914;0.8873;0.7246;309.3071;146.7063;71.5372
6.27;0.2913;0.8872;0.7246;309.3171;146.7556;71.5039
6.28;0.2913;0.8871;0.7248;309.2646;146.6404;71.6086
6.30;0.2913;0.8871;0.7248;309.2646;146.6404;71.6086
6.32;0.2914;0.8870;0.7250;309.2320;146.5770;71.5731
6.33;0.2914;0.8869;0.7253;309.1891;146.5115;71.6440
6.35;0.2913;0.8868;0.7256;309.1093;146.5049;71.6141
6.37;0.2915;0.8868;0.7257;309.1060;146.4076;71.6263
6.38;0.2913;0.8867;0.7258;309.0659;146.4397;71.6113
6.40;0.2913;0.8867;0.7258;309.0659;146.4397;71.6113
6.42;0.2913;0.8867;0.7260;309.0027;146.3225;71.7489
6.43;0.2913;0.8866;0.7260;309.0590;146.3398;71.7818
6.45;0.2912;0.8866;0.7262;309.0090;146.3458;71.8004
6.47;0.2913;0.8865;0.7262;309.0554;146.3135;71.8668
6.48;0.2913;0.8864;0.7263;309.0517;146.2402;71.8784
6.50;0.2913;0.8864;0.7263;309.0517;146.2402;71.8784
6.52;0.2912;0.8864;0.7264;309.0017;146.2463;71.8969
6.53;0.2912;0.8863;0.7265;309.0383;146.2115;71.9967
6.55;0.2914;0.8862;0.7265;309.0845;146.1559;71.9895
6.57;0.2914;0.8863;0.7266;309.0248;146.0886;72.0418
6.58;0.2914;0.8863;0.7266;309.0345;146.1149;72.0080
6.60;0.2914;0.8863;0.7266;309.0345;146.1149;72.0080
6.62;0.2914;0.8865;0.7270;308.8651;145.9621;72.1318
6.63;0.2915;0.8866;0.7271;308.8421;145.8361;72.2109
6.65;0.2914;0.8867;0.7272;308.7554;145.8763;72.2037
6.67;0.2915;0.8866;0.7272;308.8016;145.8211;72.1958
6.68;0.2915;0.8867;0.7275;308.7110;145.7646;72.1998
6.70;0.2915;0.8867;0.7275;308.7110;145.7646;72.1998
6.72;0.2915;0.8867;0.7276;308.6704;145.7498;72.1848
6.73;0.2915;0.8867;0.7276;308.6799;145.7764;72.1507
6.75;0.2915;0.8867;0.7276;308.6799;145.7764;72.1507
6.77;0.2915;0.8867;0.7276;308.6799;145.7999;72.1507
6.78;0.2915;0.8868;0.7277;308.6203;145.7318;72.2039
6.80;0.2915;0.8868;0.7277;308.6203;145.7318;72.2039
6.82;0.2915;0.8868;0.7277;308.6203;145.7318;72.2039
6.83;0.2915;0.8869;0.7278;308.5608;145.6634;72.2574
6.85;0.2915;0.8868;0.7278;308.5703;145.6902;72.2231
6.87;0.2916;0.8869;0.7280;308.5107;145.6217;72.2767
6.88;0.2915;0.8869;0.7280;308.5296;145.6753;72.2081
6.90;0.2915;0.8869;0.7280;308.5296;145.6753;72.2081
6.92;0.2914;0.8865;0.7280;308.5391;145.7021;72.1422
6.93;0.2914;0.8865;0.7282;308.5391;145.7021;72.1289
6.95;0.2913;0.8864;0.7282;308.5391;145.7021;72.1156
6.97;0.2913;0.8864;0.7282;308.5391;145.7021;72.1156
6.98;0.2913;0.8863;0.7282;308.5391;145.7021;72.1207
7.00;0.2913;0.8863;0.7282;308.5391;145.7021;72.1207
7.02;0.2913;0.8863;0.7283;308.5391;145.7021;72.0942
7.03;0.2912;0.8862;0.7283;308.5391;145.7021;72.1726
7.05;0.2912;0.8861;0.7284;308.5391;145.7021;72.1460
7.07;0.2912;0.8861;0.7284;308.5391;145.7021;72.0912
7.08;0.2911;0.8860;0.7285;308.5391;145.7021;72.1747
7.10;0.2911;0.8860;0.7285;308.5391;145.7021;72.1747
7.12;0.2911;0.8859;0.7285;308.5391;145.7021;72.2115
7.13;0.2911;0.8859;0.7286;308.5391;145.7021;72.2650
7.15;0.2911;0.8858;0.7286;308.5391;145.7021;72.2864
7.17;0.2911;0.8858;0.7286;308.5391;145.7021;72.3400
7.18;0.2910;0.8857;0.7287;308.5391;145.7021;72.3451
7.20;0.2910;0.8857;0.7287;308.5391;145.7021;72.3451
7.22;0.2910;0.8856;0.7287;308.5391;145.7021;72.3819
7.23;0.2909;0.8855;0.7288;308.5391;145.7021;72.3737
7.25;0.2909;0.8854;0.7288;308.5391;145.7021;72.3655
7.27;0.2909;0.8854;0.7289;308.5391;145.7021;72.3655
7.28;0.2908;0.8853;0.7289;308.5391;145.7021;72.3325
7.30;0.2908;0.8853;0.7289;308.5391;145.7021;72.3325
7.32;0.2908;0.8852;0.7290;308.5391;145.7021;72.3675
7.33;0.2908;0.8851;0.7290;308.5391;145.7021;72.3777
7.35;0.2907;0.8850;0.7291;308.5391;145.7021;72.3696
7.37;0.2907;0.8850;0.7291;308.5391;145.7021;72.3747
7.38;0.2906;0.8849;0.7292;308.5391;145.7021;72.4016
7.40;0.2906;0.8849;0.7292;308.5391;145.7021;72.4016
7.42;0.2906;0.8847;0.7293;308.5391;145.7021;72.4037
7.43;0.2905;0.8845;0.7294;308.5391;145.7021;72.4007
7.45;0.2904;0.8843;0.7296;308.5391;145.7021;72.4824
7.47;0.2904;0.8842;0.7296;308.5391;145.7021;72.4358
7.48;0.2903;0.8841;0.7297;308.5391;145.7021;72.4509
7.50;0.2903;0.8841;0.7297;308.5391;145.7021;72.4509
7.52;0.2901;0.8838;0.7299;308.5391;145.7021;72.4061
7.53;0.2900;0.8835;0.7301;308.5391;145.7021;72.3510
7.55;0.2900;0.8834;0.7302;308.5391;145.7021;72.3542
7.57;0.2900;0.8833;0.7302;308.5391;145.7021;72.3725
7.58;0.2899;0.8832;0.7303;308.5391;145.7021;72.3959
7.60;0.2899;0.8832;0.7303;308.5391;145.7021;72.3959
7.62;0.2899;0.8831;0.7304;308.5391;145.7021;72.4539
7.63;0.2899;0.8831;0.7304;308.5391;145.7021;72.4907
7.65;0.2898;0.8831;0.7304;308.5391;145.7021;72.4570
7.67;0.2898;0.8830;0.7304;308.5391;145.7021;72.4753
7.68;0.2898;0.8830;0.7305;308.5391;145.7021;72.4417
7.70;0.2898;0.8830;0.7305;308.5391;145.7021;72.4417
7.72;0.2898;0.8829;0.7305;308.5391;145.7021;72.4996
7.73;0.2897;0.8829;0.7305;308.5391;145.7021;72.4516
7.75;0.2897;0.8828;0.7306;308.5391;145.7021;72.4616
7.77;0.2897;0.8827;0.7306;308.5391;145.7021;72.4482
7.78;0.2896;0.8827;0.7307;308.5391;145.7021;72.4011
7.80;0.2896;0.8827;0.7307;308.5391;145.7021;72.4011
7.82;0.2896;0.8825;0.7308;308.5391;145.7021;72.4527
7.83;0.2896;0.8825;0.7308;308.5391;145.7021;72.4189
7.85;0.2896;0.8824;0.7308;308.5391;145.7021;72.3638
7.87;0.2895;0.8824;0.7308;308.5391;145.7021;72.3690
7.88;0.2895;0.8824;0.7309;308.5391;145.7021;72.4287
7.90;0.2895;0.8824;0.7309;308.5391;145.7021;72.4287
7.92;0.2895;0.8823;0.7309;308.5391;145.7021;72.3084
7.93;0.2895;0.8822;0.7310;308.5391;145.7021;72.4254
7.95;0.2895;0.8822;0.7310;308.5391;145.7021;72.3865
7.97;0.2894;0.8822;0.7310;308.5391;145.7021;72.3731
7.98;0.2894;0.8822;0.7310;308.5391;145.7021;72.3345
8.00;0.2894;0.8822;0.7310;308.5391;145.7021;72.3345
8.02;0.2894;0.8822;0.7310;308.5391;145.7021;72.3733
8.03;0.2894;0.8822;0.7310;308.5391;145.7021;72.3342
8.05;0.2894;0.8822;0.7310;308.5391;145.7021;72.3345
8.07;0.2894;0.8822;0.7310;308.5391;145.7021;72.3342
8.08;0.2894;0.8822;0.7310;308.5391;145.7021;72.4077
8.10;0.2894;0.8822;0.7310;308.5391;145.7021;72.4077
8.12;0.2894;0.8822;0.7310;308.5391;145.7021;72.4077
8.13;0.2894;0.8822;0.7310;308.5391;145.7021;72.4077
8.15;0.2894;0.8822;0.7310;308.5391;145.7021;72.4077
8.17;0.2894;0.8822;0.7310;308.5391;145.7021;72.4077
8.18;0.2894;0.8822;0.7310;308.5391;145.7021;72.4465
8.20;0.2894;0.8822;0.7310;308.5391;145.7021;72.4465
8.22;0.2895;0.8822;0.7310;308.5391;145.7021;72.3894
8.23;0.2895;0.8822;0.7310;308.5391;145.7021;72.3894
8.25;0.2895;0.8822;0.7310;308.5391;145.7021;72.3894
8.27;0.2895;0.8822;0.7310;308.5391;145.7021;72.4282
8.28;0.2895;0.8822;0.7310;308.5391;145.7021;72.3894
8.30;0.2895;0.8822;0.7310;308.5391;145.7020;72.3894
8.32;0.2895;0.8822;0.7310;308.5391;145.7021;72.4282
8.33;0.2895;0.8822;0.7310;308.5391;145.7021;72.3897
8.35;0.2895;0.8822;0.7310;308.5391;145.7020;72.3897
8.37;0.2895;0.8822;0.7310;308.5391;145.7020;72.3897
8.38;0.2895;0.8822;0.7310;308.5391;145.7020;72.3897
8.40;0.2895;0.8822;0.7310;308.5391;145.7020;72.3897
8.42;0.2895;0.8822;0.7310;308.5391;145.7020;72.4285
8.43;0.2895;0.8822;0.7310;308.5391;145.7020;72.3894
8.45;0.2894;0.8822;0.7310;308.5391;145.7020;72.4081
8.47;0.2894;0.8822;0.7310;308.5391;145.7020;72.4466
8.48;0.2894;0.8822;0.7310;308.5391;145.7020;72.4078
8.50;0.2894;0.8822;0.7310;308.5391;145.7020;72.4078
8.52;0.2894;0.8822;0.7310;308.5391;145.7020;72.4814
8.53;0.2894;0.8822;0.7310;308.5391;145.7020;72.4078
8.55;0.2894;0.8822;0.7310;308.5391;145.7020;72.4078
8.57;0.2894;0.8822;0.7310;308.5391;145.7020;72.4261
8.58;0.2894;0.8822;0.7310;308.5391;145.7020;72.4261
8.60;0.2894;0.8822;0.7310;308.5391;145.7020;72.4261
8.62;0.2894;0.8822;0.7310;308.5391;145.7020;72.4261
8.63;0.2894;0.8822;0.7310;308.5391;145.7020;72.4609
8.65;0.2894;0.8822;0.7310;308.5391;145.7020;72.4994
8.67;0.2894;0.8822;0.7310;308.5391;145.7020;72.4261
8.68;0.2894;0.8822;0.7310;308.5391;145.7020;72.4649
8.70;0.2894;0.8822;0.7310;308.5391;145.7020;72.4650
8.72;0.2894;0.8822;0.7310;308.5391;145.7020;72.4997
8.73;0.2894;0.8822;0.7310;308.5391;145.7020;72.4994
8.75;0.2894;0.8822;0.7310;308.5391;145.7020;72.4994
8.77;0.2894;0.8822;0.7310;308.5391;145.7020;72.4609
8.78;0.2894;0.8822;0.7310;308.5391;145.7020;72.4811
8.80;0.2894;0.8822;0.7310;308.5391;145.7020;72.4811
8.82;0.2894;0.8822;0.7310;308.5391;145.7020;72.4078
8.83;0.2894;0.8822;0.7310;308.5391;145.7020;72.4811
8.85;0.2895;0.8822;0.7310;308.5391;145.7020;72.4215
8.87;0.2895;0.8822;0.7310;308.5391;145.7020;72.4560
8.88;0.2895;0.8822;0.7309;308.5391;145.7020;72.4764
8.90;0.2895;0.8822;0.7309;308.5391;145.7020;72.4764
8.92;0.2895;0.8822;0.7309;308.5391;145.7020;72.4029
8.93;0.2895;0.8822;0.7309;308.5391;145.7020;72.4764
8.95;0.2895;0.8822;0.7309;308.5391;145.7020;72.4765
8.97;0.2895;0.8822;0.7309;308.5391;145.7020;72.4032
8.98;0.2895;0.8822;0.7310;308.5391;145.7020;72.4948
9.00;0.2895;0.8822;0.7310;308.5391;145.7020;72.4948
9.02;0.2895;0.8822;0.7310;308.5391;145.7020;72.5681
9.03;0.2895;0.8822;0.7310;308.5391;145.7020;72.6413
9.05;0.2895;0.8822;0.7310;308.5391;145.7020;72.6417
9.07;0.2895;0.8822;0.7310;308.5391;145.7020;72.6417
9.08;0.2895;0.8822;0.7309;308.5391;145.7020;72.6233
9.10;0.2895;0.8822;0.7309;308.5391;145.7020;72.6233
9.12;0.2895;0.8822;0.7309;308.5391;145.7020;72.6238
9.13;0.2895;0.8823;0.7309;308.5391;145.7020;72.6059
9.15;0.2895;0.8823;0.7309;308.5391;145.7019;72.6797
9.17;0.2895;0.8823;0.7309;308.5391;145.7019;72.7535
9.18;0.2895;0.8823;0.7309;308.5391;145.7019;72.6631
9.20;0.2895;0.8823;0.7309;308.5391;145.7019;72.6631
9.22;0.2895;0.8823;0.7309;308.5391;145.7020;72.7043
9.23;0.2895;0.8823;0.7309;308.5391;145.7019;72.7412
9.25;0.2895;0.8823;0.7309;308.5391;145.7019;72.7564
9.27;0.2895;0.8823;0.7309;308.5391;145.7019;72.7945
9.28;0.2895;0.8823;0.7309;308.5391;145.7019;72.9431
9.30;0.2895;0.8823;0.7309;308.5391;145.7019;72.9431
9.32;0.2895;0.8823;0.7309;308.5391;145.7019;73.0943
9.33;0.2895;0.8823;0.7309;308.5391;145.7019;73.0982
9.35;0.2895;0.8823;0.7309;308.5391;145.7019;73.2134
9.37;0.2895;0.8823;0.7309;308.5391;145.7019;73.2537
9.38;0.2894;0.8822;0.7310;308.5391;145.7019;73.3402
9.40;0.2894;0.8822;0.7310;308.5391;145.7019;73.3402
9.42;0.2894;0.8822;0.7310;308.5391;145.7019;73.4171
9.43;0.2894;0.8822;0.7310;308.5391;145.7019;73.5330
9.45;0.2894;0.8822;0.7310;308.5391;145.7019;73.6083
9.47;0.2894;0.8822;0.7310;308.5391;145.7019;73.6083
9.48;0.2894;0.8822;0.7310;308.5391;145.7019;73.7591
9.50;0.2894;0.8822;0.7310;308.5391;145.7019;73.7591
9.52;0.2894;0.8822;0.7310;308.5391;145.7019;73.8186
9.53;0.2894;0.8822;0.7310;308.5391;145.7019;73.8186
9.55;0.2894;0.8822;0.7310;308.5391;145.7019;73.8942
9.57;0.2894;0.8822;0.7310;308.5391;145.7019;73.9698
9.58;0.2894;0.8822;0.7310;308.5391;145.7019;74.0455
9.60;0.2894;0.8822;0.7310;308.5391;145.7019;74.0455
9.62;0.2894;0.8822;0.7310;308.5391;145.7019;74.0479
9.63;0.2895;0.8822;0.7310;308.5391;145.7019;74.1212
9.65;0.2895;0.8822;0.7310;308.5391;145.7019;74.1236
9.67;0.2895;0.8822;0.7310;308.5391;145.7019;74.1236
9.68;0.2895;0.8822;0.7310;308.5391;145.7019;74.1236
9.70;0.2895;0.8822;0.7310;308.5391;145.7019;74.1236
9.72;0.2895;0.8822;0.7310;308.5391;145.7019;74.1995
9.73;0.2895;0.8822;0.7310;308.5391;145.7019;74.1286
9.75;0.2895;0.8822;0.7310;308.5391;145.7019;74.1286
9.77;0.2895;0.8822;0.7310;308.5391;145.7019;74.2020
9.78;0.2895;0.8822;0.7310;308.5391;145.7019;74.1286
9.80;0.2895;0.8822;0.7310;308.5391;145.7019;74.1286
9.82;0.2895;0.8822;0.7310;308.5391;145.7019;74.1814
9.83;0.2895;0.8822;0.7310;308.5391;145.7019;74.1814
9.85;0.2895;0.8822;0.7310;308.5391;145.7019;74.1443
9.87;0.2895;0.8822;0.7310;308.5391;145.7019;74.2177
9.88;0.2895;0.8822;0.7310;308.5391;145.7019;74.2177
9.90;0.2895;0.8822;0.7310;308.5391;145.7019;74.2177
9.92;0.2895;0.8822;0.7310;308.5391;145.7019;74.2177
9.93;0.2895;0.8822;0.7310;308.5391;145.7019;74.1443
9.95;0.2895;0.8822;0.7310;308.5391;145.7019;74.2177
9.97;0.2895;0.8822;0.7310;308.5391;145.7019;74.2177
9.98;0.2895;0.8822;0.7310;308.5391;145.7019;74.1468
10.00;0.2895;0.8822;0.7310;308.5391;145.7019;74.1468
10.02;0.2895;0.8822;0.7310;308.5391;145.7019;74.1469
10.03;0.2895;0.8822;0.7310;308.5391;145.7019;74.2203
10.05;0.2895;0.8822;0.7310;308.5391;145.7019;74.2203
10.07;0.2895;0.8822;0.7310;308.5391;145.7019;74.2203
10.08;0.2895;0.8822;0.7310;308.5391;145.7019;74.1337
10.10;0.2895;0.8822;0.7310;308.5391;145.7019;74.1338
10.12;0.2895;0.8822;0.7310;308.5391;145.7019;74.2072
10.13;0.2895;0.8822;0.7310;308.5391;145.7019;74.2072
10.15;0.2895;0.8822;0.7310;308.5391;145.7019;74.2098
10.17;0.2895;0.8822;0.7310;308.5391;145.7019;74.2098
10.18;0.2895;0.8822;0.7310;308.5391;145.7019;74.2098
10.20;0.2895;0.8822;0.7310;308.5391;145.7019;74.2098
10.22;0.2895;0.8822;0.7310;308.5391;145.7018;74.1391
10.23;0.2895;0.8822;0.7310;308.5391;145.7018;74.2125
10.25;0.2895;0.8822;0.7310;308.5391;145.7018;74.1391
10.27;0.2895;0.8822;0.7310;308.5391;145.7019;74.2125
10.28;0.2895;0.8822;0.7310;308.5391;145.7018;74.2152
10.30;0.2895;0.8822;0.7310;308.5391;145.7018;74.2152
10.32;0.2895;0.8822;0.7310;308.5391;145.7018;74.1418
10.33;0.2895;0.8822;0.7310;308.5391;145.7018;74.1971
10.35;0.2895;0.8822;0.7310;308.5391;145.7019;74.1265
10.37;0.2895;0.8822;0.7310;308.5391;145.7018;74.1265
10.38;0.2895;0.8822;0.7310;308.5391;145.7018;74.1265
10.40;0.2895;0.8822;0.7310;308.5391;145.7018;74.1265
10.42;0.2895;0.8822;0.7310;308.5391;145.7018;74.2027
10.43;0.2895;0.8822;0.7310;308.5391;145.7018;74.2027
10.45;0.2895;0.8822;0.7310;308.5391;145.7018;74.1293
10.47;0.2895;0.8822;0.7310;308.5391;145.7018;74.2027
10.48;0.2895;0.8822;0.7310;308.5391;145.7018;74.1474
10.50;0.2895;0.8822;0.7310;308.5391;145.7018;74.1474
10.52;0.2895;0.8822;0.7310;308.5391;145.7018;74.1474
10.53;0.2895;0.8822;0.7310;308.5391;145.7018;74.2208
10.55;0.2895;0.8822;0.7310;308.5391;145.7018;74.2208
10.57;0.2895;0.8822;0.7310;308.5391;145.7018;74.2208
10.58;0.2895;0.8822;0.7310;308.5391;145.7018;74.2208
10.60;0.2895;0.8822;0.7310;308.5391;145.7018;74.2208
10.62;0.2895;0.8822;0.7310;308.5391;145.7018;74.2208
10.63;0.2895;0.8822;0.7310;308.5391;145.7018;74.1474
10.65;0.2895;0.8822;0.7310;308.5391;145.7018;74.2208
10.67;0.2895;0.8822;0.7310;308.5391;145.7018;74.2208
10.68;0.2895;0.8822;0.7310;308.5391;145.7018;74.2208
10.70;0.2895;0.8822;0.7310;308.5391;145.7018;74.2208
10.72;0.2895;0.8822;0.7310;308.5391;145.7018;74.1474
10.73;0.2895;0.8822;0.7310;308.5391;145.7018;74.2208
10.75;0.2895;0.8822;0.7310;308.5391;145.7018;74.2208
10.77;0.2895;0.8822;0.7310;308.5391;145.7018;74.2208
10.78;0.2895;0.8822;0.7310;308.5391;145.7018;74.2208
10.80;0.2895;0.8822;0.7310;308.5391;145.7018;74.2208
10.82;0.2894;0.8822;0.7310;308.5391;145.7018;74.1655
10.83;0.2895;0.8822;0.7310;308.5391;145.7018;74.2389
10.85;0.2894;0.8822;0.7310;308.5391;145.7018;74.1655
10.87;0.2895;0.8822;0.7310;308.5391;145.7018;74.2389
10.88;0.2894;0.8822;0.7310;308.5391;145.7018;74.1655
10.90;0.2894;0.8822;0.7310;308.5391;145.7018;74.1655
10.92;0.2894;0.8822;0.7310;308.5391;145.7018;74.2030
10.93;0.2894;0.8822;0.7310;308.5391;145.7018;74.1627
10.95;0.2894;0.8822;0.7310;308.5391;145.7018;74.1655
10.97;0.2895;0.8822;0.7310;308.5391;145.7018;74.2389
10.98;0.2895;0.8822;0.7310;308.5391;145.7018;74.2389
11.00;0.2895;0.8822;0.7310;308.5391;145.7018;74.2389
11.02;0.2895;0.8822;0.7310;308.5391;145.7018;74.2361
11.03;0.2894;0.8822;0.7310;308.5391;145.7018;74.1655
11.05;0.2895;0.8822;0.7310;308.5391;145.7018;74.2389
11.07;0.2894;0.8821;0.7310;308.5391;145.7018;74.2570
11.08;0.2894;0.8821;0.7310;308.5391;145.7018;74.2542
11.10;0.2894;0.8821;0.7310;308.5391;145.7018;74.2542
11.12;0.2894;0.8821;0.7310;308.5391;145.7018;74.2570
11.13;0.2894;0.8821;0.7310;308.5391;145.7018;74.2542
11.15;0.2894;0.8821;0.7310;308.5391;145.7018;74.1808
11.17;0.2894;0.8821;0.7310;308.5391;145.7018;74.2571
11.18;0.2894;0.8821;0.7310;308.5391;145.7018;74.1808
11.20;0.2894;0.8821;0.7310;308.5391;145.7018;74.1808
11.22;0.2895;0.8822;0.7310;308.5391;145.7018;74.2390
11.23;0.2894;0.8822;0.7310;308.5391;145.7018;74.2030
11.25;0.2894;0.8822;0.7310;308.5391;145.7018;74.1627
11.27;0.2895;0.8822;0.7310;308.5391;145.7018;74.2390
11.28;0.2895;0.8822;0.7310;308.5391;145.7018;74.2390
11.30;0.2895;0.8822;0.7310;308.5391;145.7018;74.2390
11.32;0.2895;0.8822;0.7310;308.5391;145.7018;74.1849
11.33;0.2895;0.8822;0.7310;308.5391;145.7018;74.2209
11.35;0.2895;0.8822;0.7310;308.5391;145.7018;74.2209
11.37;0.2895;0.8822;0.7310;308.5391;145.7018;74.1425
11.38;0.2895;0.8822;0.7310;308.5391;145.7018;74.2188
11.40;0.2895;0.8822;0.7310;308.5391;145.7018;74.2188
11.42;0.2895;0.8822;0.7310;308.5391;145.7018;74.1454
11.43;0.2895;0.8822;0.7309;308.5391;145.7018;74.0914
11.45;0.2895;0.8822;0.7309;308.5391;145.7018;74.2007
11.47;0.2895;0.8823;0.7309;308.5391;145.7018;74.2138
11.48;0.2895;0.8823;0.7309;308.5391;145.7017;74.1433
11.50;0.2895;0.8823;0.7309;308.5391;145.7017;74.1433
11.52;0.2895;0.8823;0.7309;308.5391;145.7018;74.2167
11.53;0.2895;0.8823;0.7309;308.5391;145.7018;74.2167
11.55;0.2895;0.8823;0.7309;308.5391;145.7018;74.1433
11.57;0.2895;0.8823;0.7309;308.5391;145.7018;74.2167
11.58;0.2895;0.8823;0.7309;308.5391;145.7017;74.1986
11.60;0.2895;0.8823;0.7309;308.5391;145.7017;74.1986
11.62;0.2895;0.8823;0.7309;308.5391;145.7017;74.2147
11.63;0.2895;0.8823;0.7309;308.5391;145.7018;74.2307
11.65;0.2895;0.8824;0.7309;308.5391;145.7018;74.2438
11.67;0.2896;0.8824;0.7308;308.5391;145.7018;74.2438
11.68;0.2896;0.8824;0.7308;308.5391;145.7018;74.2418
11.70;0.2896;0.8824;0.7308;308.5391;145.7018;74.2418
11.72;0.2896;0.8825;0.7308;308.5391;145.7018;74.2418
11.73;0.2896;0.8825;0.7308;308.5391;145.7017;74.2549
11.75;0.2896;0.8825;0.7308;308.5390;145.7017;74.2369
11.77;0.2896;0.8825;0.7308;308.5390;145.7017;74.2369
11.78;0.2896;0.8826;0.7307;308.5390;145.7018;74.1454
11.80;0.2896;0.8826;0.7307;308.5390;145.7018;74.1454
11.82;0.2897;0.8826;0.7307;308.5391;145.7018;74.1988
11.83;0.2897;0.8827;0.7307;308.5391;145.7017;74.2474
11.85;0.2897;0.8827;0.7306;308.5391;145.7017;74.1559
11.87;0.2897;0.8827;0.7306;308.5391;145.7017;74.2424
11.88;0.2897;0.8828;0.7306;308.5391;145.7017;74.2355
11.90;0.2897;0.8828;0.7306;308.5391;145.7017;74.2355
11.92;0.2898;0.8829;0.7305;308.5390;145.7017;74.2660
11.93;0.2898;0.8830;0.7304;308.5391;145.7017;74.2204
11.95;0.2899;0.8831;0.7304;308.5391;145.7018;74.2185
11.97;0.2899;0.8831;0.7304;308.5391;145.7017;74.1451
11.98;0.2899;0.8832;0.7303;308.5391;145.7017;74.2439
12.00;0.2899;0.8832;0.7303;308.5390;145.7017;74.2439
12.02;0.2900;0.8833;0.7303;308.5390;145.7017;74.2731
12.03;0.2900;0.8833;0.7302;308.5390;145.7017;74.2201
12.05;0.2900;0.8834;0.7302;308.5391;145.7017;74.2546
12.07;0.2900;0.8835;0.7301;308.5390;145.7017;74.3262
12.08;0.2901;0.8836;0.7301;308.5390;145.7017;74.2863
12.10;0.2901;0.8836;0.7301;308.5390;145.7017;74.2863
12.12;0.2901;0.8837;0.7300;308.5390;145.7017;74.2976
12.13;0.2901;0.8837;0.7300;308.5390;145.7017;74.3179
12.15;0.2902;0.8838;0.7299;308.5390;145.7017;74.3163
12.17;0.2902;0.8838;0.7299;308.5390;145.7017;74.3162
12.18;0.2902;0.8838;0.7299;308.5390;145.7017;74.3146
12.20;0.2902;0.8838;0.7299;308.5390;145.7017;74.3146
12.22;0.2902;0.8839;0.7298;308.5390;145.7017;74.3260
12.23;0.2903;0.8840;0.7298;308.5390;145.7017;74.3209
12.25;0.2903;0.8840;0.7298;308.5390;145.7017;74.3374
12.27;0.2903;0.8840;0.7298;308.5390;145.7017;74.4456
12.28;0.2903;0.8840;0.7298;308.5390;145.7017;74.4586
12.30;0.2903;0.8840;0.7298;308.5390;145.7017;74.4586
12.32;0.2903;0.8841;0.7297;308.5390;145.7017;74.4223
12.33;0.2903;0.8841;0.7297;308.5390;145.7017;74.4390
12.35;0.2903;0.8841;0.7297;308.5390;145.7017;74.4208
12.37;0.2903;0.8841;0.7297;308.5390;145.7017;74.5289
12.38;0.2904;0.8842;0.7297;308.5390;145.7017;74.5404
12.40;0.2904;0.8842;0.7297;308.5390;145.7017;74.5404
12.42;0.2904;0.8843;0.7296;308.5390;145.7017;74.5001
12.43;0.2904;0.8844;0.7296;308.5390;145.7017;74.5505
12.45;0.2905;0.8844;0.7295;308.5390;145.7017;74.5836
12.47;0.2905;0.8844;0.7295;308.5390;145.7017;74.5655
12.48;0.2905;0.8845;0.7294;308.5390;145.7017;74.5771
12.50;0.2905;0.8845;0.7294;308.5390;145.7017;74.5771
12.52;0.2905;0.8846;0.7294;308.5390;145.7017;74.6009
12.53;0.2906;0.8847;0.7293;308.5390;145.7017;74.5687
12.55;0.2906;0.8847;0.7293;308.5390;145.7017;74.5977
12.57;0.2906;0.8847;0.7293;308.5390;145.7017;74.5835
12.58;0.2907;0.8849;0.7292;308.5390;145.7017;74.5771
12.60;0.2907;0.8849;0.7292;308.5390;145.7017;74.5771
12.62;0.2907;0.8850;0.7291;308.5390;145.7017;74.6048
12.63;0.2908;0.8852;0.7290;308.5390;145.7017;74.6323
12.65;0.2908;0.8853;0.7290;308.5390;145.7017;74.6311
12.67;0.2909;0.8853;0.7289;308.5390;145.7017;74.6299
12.68;0.2909;0.8854;0.7288;308.5390;145.7017;74.6533
12.70;0.2909;0.8854;0.7288;308.5390;145.7017;74.6533
12.72;0.2910;0.8856;0.7287;308.5390;145.7017;74.6767
12.73;0.2910;0.8857;0.7287;308.5390;145.7017;74.6534
12.75;0.2911;0.8857;0.7286;308.5390;145.7017;74.7194
12.77;0.2911;0.8858;0.7286;308.5390;145.7017;74.6987
12.78;0.2911;0.8859;0.7286;308.5390;145.7017;74.7311
12.80;0.2911;0.8859;0.7286;308.5390;145.7017;74.7311
12.82;0.2911;0.8859;0.7285;308.5390;145.7017;74.7248
12.83;0.2912;0.8860;0.7285;308.5390;145.7017;74.7417
12.85;0.2912;0.8860;0.7284;308.5390;145.7017;74.7739
