11.70;0.2984;0.8860;0.7343;307.0352;140.2780;120.2045
11.72;0.2984;0.8860;0.7343;307.0352;140.2780;120.2045
11.73;0.2984;0.8860;0.7343;307.0353;140.2779;120.2233
11.75;0.2984;0.8860;0.7343;307.0352;140.2779;120.2410
11.77;0.2984;0.8859;0.7343;307.0352;140.2780;120.2466
11.78;0.2983;0.8858;0.7344;307.0352;140.2779;120.1601
11.80;0.2983;0.8858;0.7344;307.0353;140.2780;120.1966
11.82;0.2983;0.8857;0.7344;307.0352;140.2780;120.1525
11.83;0.2982;0.8857;0.7345;307.0353;140.2780;120.1569
11.85;0.2982;0.8856;0.7345;307.0353;140.2779;120.1013
11.87;0.2982;0.8856;0.7345;307.0353;140.2780;120.1068
11.88;0.2982;0.8856;0.7345;307.0353;140.2779;120.0832
11.90;0.2982;0.8856;0.7345;307.0353;140.2780;120.0832
11.92;0.2982;0.8855;0.7345;307.0353;140.2779;120.0770
11.93;0.2981;0.8855;0.7346;307.0352;140.2780;120.0945
11.95;0.2981;0.8854;0.7346;307.0353;140.2779;120.0267
11.97;0.2981;0.8853;0.7347;307.0353;140.2779;120.0309
11.98;0.2981;0.8853;0.7347;307.0352;140.2779;119.9883
12.00;0.2980;0.8853;0.7347;307.0352;140.2779;120.0363
12.02;0.2980;0.8852;0.7347;307.0352;140.2779;120.0724
12.03;0.2980;0.8851;0.7348;307.0352;140.2780;120.0352
12.05;0.2980;0.8851;0.7348;307.0352;140.2780;120.0352
12.07;0.2979;0.8850;0.7348;307.0352;140.2779;120.0781
12.08;0.2979;0.8850;0.7348;307.0352;140.2780;120.1087
12.10;0.2979;0.8850;0.7348;307.0352;140.2779;120.0542
12.12;0.2979;0.8849;0.7349;307.0352;140.2780;120.0901
12.13;0.2978;0.8848;0.7349;307.0352;140.2780;120.1143
12.15;0.2978;0.8848;0.7350;307.0352;140.2780;120.1143
12.17;0.2978;0.8846;0.7350;307.0352;140.2780;120.0823
12.18;0.2977;0.8846;0.7351;307.0352;140.2780;120.0449
12.20;0.2977;0.8845;0.7351;307.0352;140.2780;120.0502
12.22;0.2977;0.8845;0.7352;307.0352;140.2780;120.0128
12.23;0.2976;0.8844;0.7352;307.0352;140.2780;120.0484
12.25;0.2976;0.8844;0.7352;307.0352;140.2780;119.9940
12.27;0.2976;0.8843;0.7353;307.0352;140.2779;120.0350
12.28;0.2976;0.8842;0.7353;307.0352;140.2780;120.0350
12.30;0.2975;0.8842;0.7353;307.0352;140.2780;120.0705
12.32;0.2975;0.8841;0.7353;307.0352;140.2780;119.9294
12.33;0.2975;0.8841;0.7354;307.0352;140.2780;119.9515
12.35;0.2974;0.8840;0.7354;307.0352;140.2779;119.9702
12.37;0.2974;0.8839;0.7355;307.0352;140.2780;119.9002
12.38;0.2974;0.8838;0.7355;307.0352;140.2780;119.9056
12.40;0.2974;0.8838;0.7355;307.0352;140.2780;119.9654
12.42;0.2973;0.8838;0.7356;307.0352;140.2780;119.9710
12.43;0.2973;0.8838;0.7356;307.0352;140.2780;119.9876
12.45;0.2973;0.8838;0.7356;307.0352;140.2780;120.0308
12.47;0.2973;0.8838;0.7356;307.0352;140.2780;120.0609
12.48;0.2973;0.8838;0.7356;307.0352;140.2780;120.0177
12.50;0.2973;0.8838;0.7356;307.0352;140.2780;120.0177
12.52;0.2973;0.8838;0.7356;307.0352;140.2780;120.0177
12.53;0.2973;0.8837;0.7356;307.0352;140.2780;119.9984
12.55;0.2973;0.8837;0.7356;307.0352;140.2780;120.0416
12.57;0.2973;0.8836;0.7356;307.0352;140.2780;120.0746
12.58;0.2973;0.8836;0.7356;307.0352;140.2780;120.0746
12.60;0.2973;0.8836;0.7356;307.0352;140.2780;120.0313
12.62;0.2973;0.8836;0.7357;307.0352;140.2780;120.0314
12.63;0.2972;0.8835;0.7357;307.0352;140.2780;120.1584
12.65;0.2972;0.8835;0.7357;307.0352;140.2780;120.0851
12.67;0.2972;0.8835;0.7357;307.0352;140.2780;120.1313
12.68;0.2972;0.8834;0.7358;307.0352;140.2780;120.0198
12.70;0.2972;0.8834;0.7358;307.0352;140.2780;120.0930
12.72;0.2971;0.8834;0.7358;307.0352;140.2780;120.0548
12.73;0.2971;0.8833;0.7358;307.0352;140.2780;120.1519
12.75;0.2971;0.8833;0.7358;307.0352;140.2780;120.0351
12.77;0.2970;0.8831;0.7359;307.0352;140.2780;120.0751
12.78;0.2970;0.8831;0.7360;307.0352;140.2780;120.0503
12.80;0.2970;0.8831;0.7360;307.0352;140.2780;120.0689
12.82;0.2969;0.8829;0.7361;307.0352;140.2780;120.0219
12.83;0.2969;0.8829;0.7361;307.0352;140.2780;119.9487
12.85;0.2969;0.8828;0.7361;307.0352;140.2780;119.9885
12.87;0.2968;0.8827;0.7362;307.0352;140.2780;119.9873
12.88;0.2968;0.8826;0.7362;307.0352;140.2780;120.0032
12.90;0.2968;0.8826;0.7362;307.0352;140.2780;120.0219
12.92;0.2967;0.8824;0.7363;307.0352;140.2780;119.9014
12.93;0.2967;0.8824;0.7363;307.0352;140.2780;119.9746
12.95;0.2967;0.8824;0.7363;307.0352;140.2780;119.9933
12.97;0.2966;0.8823;0.7364;307.0352;140.2780;119.9732
12.98;0.2966;0.8823;0.7364;307.0352;140.2780;119.9732
13.00;0.2966;0.8823;0.7364;307.0352;140.2780;119.9480
13.02;0.2966;0.8822;0.7364;307.0352;140.2780;119.9667
13.03;0.2966;0.8822;0.7364;307.0352;140.2780;119.9667
13.05;0.2966;0.8822;0.7365;307.0352;140.2780;119.9465
13.07;0.2965;0.8821;0.7365;307.0352;140.2780;119.9379
13.08;0.2965;0.8820;0.7366;307.0352;140.2780;119.9566
13.10;0.2965;0.8820;0.7366;307.0352;140.2780;119.9566
13.12;0.2965;0.8820;0.7366;307.0352;140.2780;119.9566
13.13;0.2964;0.8819;0.7366;307.0352;140.2780;119.9550
13.15;0.2964;0.8819;0.7367;307.0352;140.2780;119.9600
13.17;0.2964;0.8818;0.7367;307.0352;140.2780;119.9600
13.18;0.2963;0.8817;0.7368;307.0352;140.2780;119.9837
13.20;0.2963;0.8817;0.7368;307.0352;140.2780;119.9837
13.22;0.2963;0.8817;0.7368;307.0352;140.2780;119.9837
13.23;0.2963;0.8816;0.7368;307.0352;140.2780;119.9447
13.25;0.2963;0.8816;0.7368;307.0352;140.2780;119.9174
13.27;0.2963;0.8815;0.7369;307.0352;140.2780;119.9907
13.28;0.2962;0.8815;0.7369;307.0352;140.2780;119.8920
13.30;0.2962;0.8815;0.7369;307.0352;140.2780;119.8920
13.32;0.2962;0.8815;0.7369;307.0352;140.2780;119.8920
13.33;0.2962;0.8814;0.7369;307.0352;140.2780;119.9703
13.35;0.2962;0.8814;0.7369;307.0352;140.2780;119.9703
13.37;0.2962;0.8814;0.7369;307.0352;140.2780;119.9448
13.38;0.2962;0.8814;0.7369;307.0352;140.2780;119.9635
13.40;0.2962;0.8814;0.7369;307.0352;140.2780;119.9635
13.42;0.2962;0.8814;0.7370;307.0352;140.2780;120.0112
13.43;0.2961;0.8813;0.7370;307.0352;140.2780;119.9243
13.45;0.2961;0.8812;0.7370;307.0352;140.2780;119.9292
13.47;0.2961;0.8812;0.7370;307.0352;140.2780;119.9293
13.48;0.2961;0.8812;0.7371;307.0352;140.2780;119.9479
13.50;0.2961;0.8811;0.7371;307.0352;140.2780;119.9633
13.52;0.2960;0.8810;0.7371;307.0352;140.2780;119.8370
13.53;0.2960;0.8810;0.7372;307.0352;140.2780;119.8522
13.55;0.2960;0.8810;0.7372;307.0352;140.2780;119.8522
13.57;0.2960;0.8809;0.7372;307.0352;140.2780;119.9185
13.58;0.2960;0.8809;0.7372;307.0352;140.2780;119.9048
13.60;0.2959;0.8809;0.7372;307.0352;140.2780;119.9523
13.62;0.2959;0.8809;0.7372;307.0352;140.2780;119.9523
13.63;0.2959;0.8808;0.7373;307.0352;140.2780;119.8941
13.65;0.2959;0.8808;0.7373;307.0352;140.2780;119.8941
13.67;0.2959;0.8808;0.7373;307.0352;140.2780;119.9128
13.68;0.2959;0.8808;0.7373;307.0352;140.2780;119.9128
13.70;0.2959;0.8808;0.7373;307.0352;140.2780;119.8546
13.72;0.2959;0.8807;0.7373;307.0352;140.2780;119.9465
13.73;0.2958;0.8807;0.7373;307.0352;140.2780;119.8781
13.75;0.2958;0.8807;0.7373;307.0352;140.2780;119.9513
13.77;0.2958;0.8807;0.7374;307.0352;140.2780;119.9069
13.78;0.2958;0.8807;0.7374;307.0352;140.2780;119.9069
13.80;0.2958;0.8806;0.7374;307.0352;140.2780;119.9069
13.82;0.2958;0.8806;0.7374;307.0352;140.2780;119.8811
13.83;0.2958;0.8806;0.7374;307.0352;140.2780;119.8811
13.85;0.2958;0.8806;0.7374;307.0352;140.2780;119.8811
13.87;0.2958;0.8806;0.7374;307.0352;140.2780;119.8811
13.88;0.2958;0.8806;0.7374;307.0352;140.2780;119.8811
13.90;0.2958;0.8806;0.7374;307.0352;140.2780;119.8708
13.92;0.2958;0.8806;0.7374;307.0352;140.2780;119.8997
13.93;0.2958;0.8806;0.7374;307.0352;140.2780;119.8997
13.95;0.2958;0.8806;0.7374;307.0352;140.2780;119.9183
13.97;0.2958;0.8805;0.7375;307.0352;140.2781;119.9231
13.98;0.2957;0.8805;0.7375;307.0352;140.2781;119.9231
14.00;0.2957;0.8804;0.7375;307.0352;140.2780;119.9093
14.02;0.2957;0.8804;0.7375;307.0352;140.2780;119.8649
14.03;0.2957;0.8803;0.7376;307.0352;140.2780;119.9190
14.05;0.2957;0.8803;0.7376;307.0352;140.2781;119.9032
14.07;0.2956;0.8802;0.7376;307.0352;140.2780;119.9080
14.08;0.2956;0.8802;0.7376;307.0352;140.2780;119.8634
14.10;0.2956;0.8801;0.7377;307.0352;140.2780;119.8496
14.12;0.2955;0.8801;0.7377;307.0352;140.2781;119.9016
14.13;0.2955;0.8800;0.7378;307.0352;140.2781;119.9064
14.15;0.2955;0.8800;0.7378;307.0352;140.2781;119.9350
14.17;0.2955;0.8800;0.7378;307.0352;140.2781;119.8765
14.18;0.2955;0.8800;0.7378;307.0352;140.2781;119.8765
14.20;0.2955;0.8800;0.7378;307.0352;140.2781;119.8318
14.22;0.2955;0.8800;0.7378;307.0352;140.2781;119.9051
14.23;0.2955;0.8800;0.7378;307.0352;140.2781;119.9051
14.25;0.2955;0.8800;0.7378;307.0352;140.2781;119.9051
14.27;0.2955;0.8800;0.7378;307.0352;140.2781;119.9051
14.28;0.2955;0.8800;0.7378;307.0352;140.2781;119.9051
14.30;0.2955;0.8800;0.7378;307.0352;140.2781;119.9337
14.32;0.2955;0.8800;0.7378;307.0352;140.2781;119.9337
14.33;0.2955;0.8800;0.7378;307.0352;140.2780;119.9337
14.35;0.2955;0.8800;0.7378;307.0352;140.2780;119.9476
14.37;0.2955;0.8800;0.7378;307.0352;140.2780;119.9476
14.38;0.2955;0.8800;0.7378;307.0352;140.2780;119.9190
14.40;0.2955;0.8800;0.7378;307.0352;140.2780;119.9476
14.42;0.2955;0.8799;0.7378;307.0352;140.2780;119.8790
14.43;0.2955;0.8799;0.7378;307.0352;140.2781;119.9709
14.45;0.2954;0.8798;0.7378;307.0352;140.2781;119.9709
14.47;0.2954;0.8798;0.7379;307.0352;140.2780;119.9895
14.48;0.2954;0.8798;0.7379;307.0352;140.2780;119.9895
14.50;0.2954;0.8798;0.7379;307.0352;140.2780;120.0080
14.52;0.2954;0.8797;0.7379;307.0352;140.2780;119.9942
14.53;0.2954;0.8797;0.7379;307.0352;140.2780;119.9942
14.55;0.2954;0.8797;0.7379;307.0352;140.2781;119.9680
14.57;0.2953;0.8796;0.7380;307.0352;140.2780;119.9913
14.58;0.2953;0.8796;0.7380;307.0352;140.2780;119.9913
14.60;0.2953;0.8796;0.7380;307.0352;140.2780;120.0646
14.62;0.2953;0.8796;0.7380;307.0352;140.2780;119.9651
14.63;0.2953;0.8796;0.7380;307.0352;140.2780;119.9651
14.65;0.2953;0.8796;0.7380;307.0352;140.2780;119.8779
14.67;0.2953;0.8796;0.7380;307.0352;140.2780;119.9512
14.68;0.2953;0.8796;0.7380;307.0352;140.2780;119.9512
14.70;0.2953;0.8796;0.7380;307.0352;140.2780;119.9512
14.72;0.2953;0.8796;0.7380;307.0352;140.2780;119.9064
14.73;0.2953;0.8796;0.7380;307.0352;140.2780;119.9512
14.75;0.2953;0.8796;0.7380;307.0352;140.2780;119.9512
14.77;0.2953;0.8796;0.7380;307.0352;140.2780;119.9512
14.78;0.2953;0.8796;0.7380;307.0352;140.2780;119.9512
14.80;0.2953;0.8796;0.7380;307.0352;140.2780;119.9651
14.82;0.2953;0.8796;0.7380;307.0352;140.2780;119.9651
14.83;0.2953;0.8796;0.7380;307.0352;140.2780;119.9651
14.85;0.2953;0.8796;0.7380;307.0352;140.2780;119.9651
14.87;0.2953;0.8796;0.7380;307.0352;140.2780;119.9651
14.88;0.2953;0.8796;0.7380;307.0352;140.2780;120.0384
14.90;0.2953;0.8796;0.7380;307.0352;140.2780;119.9936
14.92;0.2953;0.8796;0.7380;307.0352;140.2780;119.9651
14.93;0.2953;0.8795;0.7380;307.0352;140.2780;119.9836
14.95;0.2953;0.8795;0.7380;307.0352;140.2780;119.9836
14.97;0.2953;0.8795;0.7381;307.0352;140.2780;119.9883
14.98;0.2953;0.8795;0.7381;307.0352;140.2781;120.0168
15.00;0.2953;0.8795;0.7381;307.0352;140.2781;119.9883
15.02;0.2953;0.8795;0.7381;307.0352;140.2781;119.9883
15.03;0.2953;0.8795;0.7381;307.0352;140.2781;120.0168
15.05;0.2953;0.8795;0.7381;307.0352;140.2781;119.9883
15.07;0.2953;0.8795;0.7381;307.0352;140.2781;120.0306
15.08;0.2953;0.8795;0.7381;307.0352;140.2781;120.0307
15.10;0.2953;0.8795;0.7381;307.0352;140.2781;120.0307
15.12;0.2953;0.8795;0.7381;307.0352;140.2781;120.0307
15.13;0.2953;0.8795;0.7381;307.0352;140.2780;120.0755
15.15;0.2953;0.8795;0.7381;307.0352;140.2781;120.0307
15.17;0.2953;0.8795;0.7381;307.0352;140.2781;120.0022
15.18;0.2953;0.8795;0.7381;307.0352;140.2780;120.0307
15.20;0.2953;0.8795;0.7381;307.0352;140.2780;120.0755
15.22;0.2953;0.8795;0.7381;307.0352;140.2780;120.0755
15.23;0.2953;0.8795;0.7381;307.0352;140.2781;120.0307
15.25;0.2953;0.8795;0.7381;307.0352;140.2780;120.0022
15.27;0.2953;0.8795;0.7381;307.0352;140.2781;120.0307
15.28;0.2953;0.8795;0.7381;307.0352;140.2781;120.0307
15.30;0.2953;0.8795;0.7381;307.0352;140.2780;120.0307
15.32;0.2953;0.8795;0.7381;307.0352;140.2780;120.0755
15.33;0.2953;0.8795;0.7381;307.0352;140.2780;120.0307
15.35;0.2953;0.8795;0.7381;307.0352;140.2780;120.0307
15.37;0.2953;0.8795;0.7381;307.0352;140.2780;120.0307
15.38;0.2953;0.8795;0.7381;307.0352;140.2780;120.0307
15.40;0.2953;0.8795;0.7381;307.0352;140.2780;120.0307
15.42;0.2953;0.8795;0.7381;307.0352;140.2780;120.0022
15.43;0.2953;0.8795;0.7381;307.0352;140.2780;120.0755
15.45;0.2953;0.8795;0.7381;307.0352;140.2780;120.0023
15.47;0.2953;0.8795;0.7381;307.0352;140.2780;120.0307
15.48;0.2953;0.8795;0.7381;307.0352;140.2780;120.0755
15.50;0.2952;0.8794;0.7381;307.0352;140.2780;120.0941
15.52;0.2952;0.8794;0.7381;307.0352;140.2780;120.0208
15.53;0.2952;0.8794;0.7381;307.0352;140.2780;120.0493
15.55;0.2952;0.8794;0.7381;307.0352;140.2780;120.0679
15.57;0.2952;0.8794;0.7381;307.0352;140.2780;120.0540
15.58;0.2952;0.8794;0.7381;307.0352;140.2780;120.0540
15.60;0.2952;0.8794;0.7381;307.0352;140.2780;120.0540
15.62;0.2952;0.8794;0.7381;307.0352;140.2780;120.0540
15.63;0.2952;0.8794;0.7381;307.0352;140.2780;120.0540
15.65;0.2952;0.8794;0.7381;307.0352;140.2780;120.0726
15.67;0.2952;0.8794;0.7381;307.0352;140.2780;120.1174
15.68;0.2952;0.8794;0.7381;307.0352;140.2780;120.0726
15.70;0.2952;0.8794;0.7381;307.0352;140.2780;120.0726
15.72;0.2952;0.8794;0.7381;307.0352;140.2780;120.0726
15.73;0.2952;0.8794;0.7381;307.0352;140.2780;120.0540
15.75;0.2952;0.8794;0.7381;307.0352;140.2780;120.0540
15.77;0.2952;0.8794;0.7381;307.0352;140.2780;120.0540
15.78;0.2952;0.8794;0.7381;307.0352;140.2780;120.0989
15.80;0.2952;0.8794;0.7381;307.0352;140.2780;120.0679
15.82;0.2952;0.8794;0.7381;307.0352;140.2780;120.0679
15.83;0.2952;0.8794;0.7381;307.0352;140.2780;120.0679
15.85;0.2952;0.8794;0.7381;307.0352;140.2780;120.0679
15.87;0.2952;0.8794;0.7381;307.0352;140.2780;120.0679
15.88;0.2952;0.8794;0.7381;307.0352;140.2780;120.0395
15.90;0.2952;0.8794;0.7381;307.0352;140.2780;120.1127
15.92;0.2952;0.8794;0.7381;307.0352;140.2780;120.0679
15.93;0.2952;0.8794;0.7381;307.0352;140.2780;120.0395
15.95;0.2952;0.8794;0.7381;307.0352;140.2780;120.0679
15.97;0.2952;0.8794;0.7381;307.0352;140.2780;120.0493
15.98;0.2952;0.8794;0.7381;307.0352;140.2780;120.0493
16.00;0.2952;0.8794;0.7381;307.0352;140.2780;120.0493
16.02;0.2953;0.8795;0.7381;307.0352;140.2780;120.1080
16.03;0.2953;0.8795;0.7381;307.0352;140.2780;120.1365
16.05;0.2953;0.8795;0.7381;307.0352;140.2780;120.0771
16.07;0.2953;0.8795;0.7381;307.0352;140.2780;120.0486
16.08;0.2953;0.8795;0.7381;307.0352;140.2780;120.1219
16.10;0.2953;0.8795;0.7381;307.0352;140.2780;120.0934
16.12;0.2953;0.8795;0.7381;307.0352;140.2780;120.1219
16.13;0.2953;0.8795;0.7381;307.0352;140.2780;120.0934
16.15;0.2953;0.8795;0.7381;307.0352;140.2780;120.1667
16.17;0.2952;0.8794;0.7381;307.0352;140.2780;120.0672
16.18;0.2952;0.8794;0.7381;307.0352;140.2780;120.1853
16.20;0.2952;0.8794;0.7381;307.0352;140.2780;120.1853
16.22;0.2952;0.8794;0.7381;307.0352;140.2780;120.2039
16.23;0.2952;0.8794;0.7381;307.0352;140.2780;120.2039
16.25;0.2952;0.8794;0.7381;307.0352;140.2780;120.2225
16.27;0.2952;0.8793;0.7381;307.0352;140.2780;120.1725
16.28;0.2952;0.8793;0.7381;307.0352;140.2780;120.2009
16.30;0.2952;0.8793;0.7381;307.0352;140.2780;120.2009
16.32;0.2952;0.8793;0.7382;307.0352;140.2780;120.2644
16.33;0.2952;0.8793;0.7382;307.0352;140.2780;120.2644
16.35;0.2952;0.8793;0.7382;307.0352;140.2780;120.2644
16.37;0.2952;0.8793;0.7382;307.0352;140.2780;120.2505
16.38;0.2952;0.8793;0.7382;307.0352;140.2780;120.1871
16.40;0.2952;0.8793;0.7382;307.0352;140.2780;120.1586
16.42;0.2952;0.8793;0.7381;307.0352;140.2780;120.2458
16.43;0.2952;0.8793;0.7381;307.0352;140.2780;120.2009
16.45;0.2952;0.8793;0.7381;307.0352;140.2780;120.2009
16.47;0.2952;0.8793;0.7381;307.0352;140.2780;120.2009
16.48;0.2952;0.8793;0.7381;307.0352;140.2780;120.2458
16.50;0.2952;0.8793;0.7381;307.0352;140.2780;120.2458
16.52;0.2952;0.8793;0.7381;307.0352;140.2780;120.2010
16.53;0.2952;0.8793;0.7381;307.0352;140.2780;120.1725
16.55;0.2952;0.8793;0.7381;307.0352;140.2780;120.2458
16.57;0.2952;0.8793;0.7381;307.0352;140.2780;120.1725
16.58;0.2952;0.8793;0.7381;307.0352;140.2780;120.2010
16.60;0.2952;0.8793;0.7381;307.0352;140.2780;120.2010
16.62;0.2952;0.8793;0.7381;307.0352;140.2780;120.2458
16.63;0.2952;0.8793;0.7381;307.0352;140.2780;120.2458
16.65;0.2952;0.8793;0.7381;307.0352;140.2780;120.2458
16.67;0.2952;0.8793;0.7381;307.0352;140.2780;120.2458
16.68;0.2952;0.8793;0.7381;307.0352;140.2780;120.2458
16.70;0.2952;0.8793;0.7381;307.0352;140.2780;120.2010
16.72;0.2952;0.8793;0.7381;307.0352;140.2780;120.2458
16.73;0.2952;0.8793;0.7381;307.0352;140.2780;120.2010
16.75;0.2952;0.8793;0.7381;307.0352;140.2780;120.2458
16.77;0.2952;0.8793;0.7381;307.0352;140.2780;120.2272
16.78;0.2952;0.8793;0.7381;307.0352;140.2780;120.1824
16.80;0.2952;0.8793;0.7381;307.0352;140.2780;120.1824
16.82;0.2952;0.8793;0.7381;307.0352;140.2780;120.1824
16.83;0.2952;0.8793;0.7381;307.0352;140.2780;120.1824
16.85;0.2952;0.8793;0.7381;307.0352;140.2780;120.2272
16.87;0.2952;0.8793;0.7381;307.0352;140.2780;120.1824
16.88;0.2952;0.8793;0.7381;307.0352;140.2780;120.2272
16.90;0.2952;0.8793;0.7381;307.0352;140.2780;120.2272
16.92;0.2952;0.8793;0.7381;307.0352;140.2780;120.2272
16.93;0.2952;0.8794;0.7381;307.0352;140.2780;120.2086
16.95;0.2952;0.8794;0.7381;307.0352;140.2780;120.2086
16.97;0.2952;0.8794;0.7381;307.0352;140.2780;120.2086
16.98;0.2952;0.8794;0.7381;307.0352;140.2780;120.2086
17.00;0.2952;0.8794;0.7381;307.0352;140.2780;120.1638
17.02;0.2952;0.8794;0.7381;307.0352;140.2780;120.2087
17.03;0.2952;0.8794;0.7381;307.0352;140.2780;120.2225
17.05;0.2952;0.8794;0.7381;307.0352;140.2780;120.2225
17.07;0.2952;0.8794;0.7381;307.0352;140.2780;120.1777
17.08;0.2952;0.8794;0.7381;307.0352;140.2780;120.1777
17.10;0.2952;0.8794;0.7381;307.0352;140.2780;120.2225
17.12;0.2952;0.8794;0.7381;307.0352;140.2780;120.2225
17.13;0.2952;0.8794;0.7381;307.0352;140.2780;120.2225
17.15;0.2952;0.8794;0.7381;307.0352;140.2780;120.2225
17.17;0.2952;0.8793;0.7381;307.0352;140.2780;120.2411
17.18;0.2952;0.8793;0.7381;307.0352;140.2780;120.2411
17.20;0.2952;0.8793;0.7381;307.0352;140.2780;120.2411
17.22;0.2952;0.8793;0.7381;307.0352;140.2780;120.2272
17.23;0.2952;0.8793;0.7381;307.0352;140.2780;120.2272
17.25;0.2952;0.8793;0.7381;307.0352;140.2780;120.2272
17.27;0.2952;0.8793;0.7381;307.0352;140.2780;120.2272
17.28;0.2952;0.8793;0.7381;307.0352;140.2780;120.2272
17.30;0.2952;0.8793;0.7381;307.0352;140.2780;120.2272
17.32;0.2952;0.8793;0.7381;307.0352;140.2780;120.1540
17.33;0.2952;0.8793;0.7381;307.0352;140.2780;120.2272
17.35;0.2952;0.8793;0.7381;307.0352;140.2780;120.2272
17.37;0.2952;0.8793;0.7381;307.0352;140.2780;120.2272
17.38;0.2952;0.8793;0.7381;307.0352;140.2780;120.1824
17.40;0.2952;0.8793;0.7381;307.0352;140.2780;120.2272
17.42;0.2952;0.8793;0.7381;307.0352;140.2780;120.1824
17.43;0.2952;0.8793;0.7381;307.0352;140.2780;120.2411
17.45;0.2952;0.8793;0.7381;307.0352;140.2780;120.1963
17.47;0.2952;0.8793;0.7381;307.0352;140.2780;120.2411
17.48;0.2952;0.8793;0.7381;307.0352;140.2780;120.2411
17.50;0.2952;0.8793;0.7381;307.0352;140.2780;120.1678
17.52;0.2952;0.8793;0.7381;307.0352;140.2780;120.2411
17.53;0.2952;0.8793;0.7381;307.0352;140.2780;120.2411
17.55;0.2952;0.8793;0.7381;307.0352;140.2780;120.2411
17.57;0.2952;0.8793;0.7381;307.0352;140.2780;120.2411
17.58;0.2952;0.8794;0.7381;307.0352;140.2780;120.2225
17.60;0.2952;0.8794;0.7381;307.0352;140.2780;120.2225
17.62;0.2952;0.8794;0.7381;307.0352;140.2780;120.1492
17.63;0.2952;0.8794;0.7381;307.0352;140.2780;120.2225
17.65;0.2952;0.8794;0.7381;307.0352;140.2780;120.2225
17.67;0.2952;0.8794;0.7381;307.0352;140.2780;120.2225
17.68;0.2952;0.8794;0.7381;307.0352;140.2780;120.2363
17.70;0.2952;0.8794;0.7381;307.0352;140.2780;120.2363
17.72;0.2952;0.8794;0.7381;307.0352;140.2780;120.2363
17.73;0.2952;0.8794;0.7381;307.0352;140.2780;120.2363
17.75;0.2952;0.8794;0.7381;307.0352;140.2780;120.2363
17.77;0.2952;0.8794;0.7381;307.0352;140.2780;120.2812
17.78;0.2952;0.8794;0.7381;307.0352;140.2780;120.2079
17.80;0.2952;0.8794;0.7381;307.0352;140.2780;120.2950
17.82;0.2952;0.8794;0.7381;307.0352;140.2780;120.2217
17.83;0.2952;0.8794;0.7381;307.0352;140.2780;120.2502
17.85;0.2952;0.8794;0.7381;307.0352;140.2780;120.2950
17.87;0.2952;0.8794;0.7381;307.0352;140.2780;120.3088
17.88;0.2952;0.8794;0.7381;307.0352;140.2780;120.3089
17.90;0.2953;0.8794;0.7381;307.0352;140.2780;120.3088
17.92;0.2953;0.8794;0.7381;307.0352;140.2780;120.3088
17.93;0.2953;0.8795;0.7381;307.0352;140.2780;120.3227
17.95;0.2953;0.8795;0.7381;307.0352;140.2780;120.3227
17.97;0.2953;0.8795;0.7381;307.0352;140.2780;120.3227
17.98;0.2953;0.8795;0.7381;307.0352;140.2780;120.3227
18.00;0.2953;0.8795;0.7381;307.0352;140.2780;120.3227
18.02;0.2953;0.8795;0.7381;307.0352;140.2780;120.3227
18.03;0.2953;0.8795;0.7380;307.0352;140.2780;120.3041
18.05;0.2953;0.8795;0.7380;307.0352;140.2780;120.3180
18.07;0.2953;0.8795;0.7380;307.0352;140.2780;120.3180
18.08;0.2953;0.8796;0.7380;307.0352;140.2780;120.3133
18.10;0.2953;0.8796;0.7380;307.0352;140.2780;120.3133
18.12;0.2953;0.8796;0.7380;307.0352;140.2780;120.3133
18.13;0.2953;0.8796;0.7380;307.0352;140.2780;120.3272
18.15;0.2953;0.8796;0.7380;307.0352;140.2780;120.3272
18.17;0.2953;0.8796;0.7380;307.0352;140.2780;120.3272
18.18;0.2953;0.8796;0.7380;307.0352;140.2780;120.3271
18.20;0.2953;0.8796;0.7380;307.0352;140.2780;120.3272
18.22;0.2953;0.8796;0.7380;307.0352;140.2780;120.3410
18.23;0.2954;0.8797;0.7379;307.0352;140.2780;120.3410
18.25;0.2954;0.8797;0.7379;307.0352;140.2780;120.3411
18.27;0.2954;0.8797;0.7379;307.0352;140.2780;120.3671
18.28;0.2954;0.8797;0.7379;307.0352;140.2780;120.3810
18.30;0.2954;0.8798;0.7379;307.0352;140.2780;120.3810
18.32;0.2954;0.8798;0.7379;307.0352;140.2780;120.3948
18.33;0.2954;0.8798;0.7378;307.0352;140.2780;120.4209
18.35;0.2955;0.8799;0.7378;307.0352;140.2780;120.4161
18.37;0.2955;0.8799;0.7378;307.0352;140.2780;120.4421
18.38;0.2955;0.8799;0.7378;307.0352;140.2780;120.4421
18.40;0.2955;0.8800;0.7378;307.0352;140.2780;120.4421
18.42;0.2955;0.8800;0.7377;307.0352;140.2780;120.4188
18.43;0.2956;0.8801;0.7377;307.0352;140.2780;120.4002
18.45;0.2956;0.8801;0.7377;307.0352;140.2780;120.3715
18.47;0.2956;0.8802;0.7376;307.0352;140.2780;120.4845
18.48;0.2956;0.8802;0.7376;307.0352;140.2780;120.3927
18.50;0.2956;0.8802;0.7376;307.0352;140.2780;120.4659
18.52;0.2956;0.8802;0.7376;307.0352;140.2780;120.4797
18.53;0.2957;0.8803;0.7376;307.0352;140.2780;120.4750
18.55;0.2957;0.8803;0.7376;307.0352;140.2780;120.5147
18.57;0.2957;0.8804;0.7375;307.0352;140.2780;120.5590
18.58;0.2957;0.8804;0.7375;307.0352;140.2780;120.5728
18.60;0.2957;0.8804;0.7375;307.0352;140.2780;120.5543
18.62;0.2958;0.8805;0.7375;307.0352;140.2780;120.5494
18.63;0.2958;0.8805;0.7374;307.0352;140.2780;120.5752
18.65;0.2958;0.8806;0.7374;307.0352;140.2780;120.5752
18.67;0.2958;0.8807;0.7374;307.0352;140.2780;120.5841
18.68;0.2959;0.8807;0.7373;307.0352;140.2780;120.6099
18.70;0.2959;0.8808;0.7373;307.0352;140.2780;120.5317
18.72;0.2959;0.8808;0.7373;307.0352;140.2780;120.5864
18.73;0.2959;0.8808;0.7373;307.0352;140.2780;120.6002
18.75;0.2959;0.8808;0.7373;307.0352;140.2780;120.6444
18.77;0.2960;0.8809;0.7372;307.0352;140.2780;120.5954
18.78;0.2960;0.8809;0.7372;307.0352;140.2780;120.6977
18.80;0.2960;0.8809;0.7372;307.0352;140.2779;120.6976
18.82;0.2960;0.8809;0.7372;307.0352;140.2780;120.6348
18.83;0.2960;0.8809;0.7372;307.0352;140.2780;120.6790
18.85;0.2960;0.8809;0.7372;307.0352;140.2780;120.6790
18.87;0.2960;0.8810;0.7372;307.0352;140.2780;120.6008
18.88;0.2960;0.8810;0.7372;307.0352;140.2780;120.6009
18.90;0.2960;0.8810;0.7371;307.0352;140.2779;120.6147
18.92;0.2960;0.8810;0.7371;307.0352;140.2780;120.5960
18.93;0.2960;0.8811;0.7371;307.0352;140.2780;120.6693
18.95;0.2960;0.8811;0.7371;307.0352;140.2780;120.7134
18.97;0.2961;0.8811;0.7371;307.0352;140.2780;120.5960
18.98;0.2961;0.8811;0.7371;307.0352;140.2780;120.6507
19.00;0.2961;0.8812;0.7371;307.0352;140.2780;120.5912
19.02;0.2961;0.8812;0.7371;307.0352;140.2779;120.6644
19.03;0.2961;0.8812;0.7370;307.0352;140.2780;120.5726
19.05;0.2961;0.8812;0.7370;307.0352;140.2780;120.6458
19.07;0.2961;0.8812;0.7370;307.0352;140.2780;120.6167
19.08;0.2961;0.8812;0.7370;307.0352;140.2780;120.6458
19.10;0.2961;0.8813;0.7370;307.0352;140.2780;120.6596
19.12;0.2961;0.8813;0.7370;307.0352;140.2780;120.6119
19.13;0.2962;0.8813;0.7370;307.0352;140.2780;120.5932
19.15;0.2962;0.8813;0.7370;307.0352;140.2780;120.5491
19.17;0.2962;0.8814;0.7369;307.0352;140.2780;120.6224
19.18;0.2962;0.8814;0.7369;307.0352;140.2780;120.6314
19.20;0.2962;0.8814;0.7369;307.0352;140.2780;120.6314
19.22;0.2962;0.8815;0.7369;307.0352;140.2780;120.5836
19.23;0.2963;0.8816;0.7368;307.0352;140.2780;120.5926
19.25;0.2963;0.8816;0.7368;307.0352;140.2780;120.6218
19.27;0.2963;0.8817;0.7368;307.0352;140.2780;120.5390
19.28;0.2963;0.8817;0.7368;307.0352;140.2780;120.5830
19.30;0.2963;0.8817;0.7368;307.0352;140.2780;120.6562
19.32;0.2964;0.8817;0.7367;307.0352;140.2780;120.5643
19.33;0.2964;0.8818;0.7367;307.0352;140.2780;120.6768
19.35;0.2964;0.8818;0.7367;307.0352;140.2780;120.6035
19.37;0.2964;0.8818;0.7367;307.0352;140.2780;120.6280
19.38;0.2964;0.8819;0.7367;307.0352;140.2780;120.6534
19.40;0.2964;0.8819;0.7367;307.0352;140.2780;120.5801
19.42;0.2964;0.8819;0.7366;307.0352;140.2780;120.5176
19.43;0.2964;0.8819;0.7366;307.0352;140.2780;120.5314
19.45;0.2964;0.8819;0.7366;307.0352;140.2780;120.5753
19.47;0.2965;0.8820;0.7366;307.0352;140.2780;120.5999
19.48;0.2965;0.8820;0.7366;307.0352;140.2780;120.5705
19.50;0.2965;0.8820;0.7366;307.0352;140.2780;120.5843
19.52;0.2965;0.8821;0.7365;307.0352;140.2780;120.5795
19.53;0.2965;0.8821;0.7365;307.0352;140.2780;120.6528
19.55;0.2965;0.8821;0.7365;307.0352;140.2780;120.5795
19.57;0.2966;0.8821;0.7365;307.0352;140.2780;120.5795
19.58;0.2966;0.8821;0.7365;307.0352;140.2780;120.5795
19.60;0.2966;0.8822;0.7365;307.0352;140.2780;120.6666
19.62;0.2966;0.8822;0.7365;307.0352;140.2780;120.6666
19.63;0.2966;0.8822;0.7365;307.0352;140.2780;120.6666
19.65;0.2966;0.8822;0.7365;307.0352;140.2780;120.6666
19.67;0.2966;0.8822;0.7364;307.0352;140.2780;120.6480
19.68;0.2966;0.8822;0.7364;307.0352;140.2780;120.6480
19.70;0.2966;0.8823;0.7364;307.0352;140.2780;120.6480
19.72;0.2966;0.8823;0.7364;307.0352;140.2780;120.6480
19.73;0.2966;0.8823;0.7364;307.0352;140.2780;120.6181
19.75;0.2967;0.8823;0.7364;307.0352;140.2780;120.6433
19.77;0.2967;0.8824;0.7364;307.0352;140.2780;120.6433
19.78;0.2967;0.8824;0.7364;307.0352;140.2780;120.5700
19.80;0.2967;0.8824;0.7364;307.0352;140.2780;120.6138
19.82;0.2967;0.8824;0.7364;307.0352;140.2780;120.6433
19.83;0.2967;0.8824;0.7364;307.0352;140.2780;120.6138
19.85;0.2967;0.8824;0.7364;307.0352;140.2780;120.6433
19.87;0.2967;0.8824;0.7363;307.0352;140.2780;120.6571
19.88;0.2967;0.8824;0.7363;307.0352;140.2780;120.7147
19.90;0.2967;0.8825;0.7363;307.0352;140.2780;120.6414
19.92;0.2967;0.8825;0.7363;307.0352;140.2780;120.7285
19.93;0.2967;0.8825;0.7363;307.0352;140.2780;120.6942
19.95;0.2967;0.8825;0.7363;307.0352;140.2780;120.6942
19.97;0.2968;0.8826;0.7362;307.0352;140.2780;120.6756
19.98;0.2968;0.8826;0.7362;307.0352;140.2780;120.7489
20.00;0.2968;0.8826;0.7362;307.0352;140.2780;120.7739
20.02;0.2968;0.8826;0.7362;307.0352;140.2780;120.7007
20.03;0.2968;0.8827;0.7362;307.0352;140.2780;120.7740
20.05;0.2968;0.8827;0.7362;307.0352;140.2780;120.7007
20.07;0.2969;0.8828;0.7361;307.0352;140.2780;120.8266
20.08;0.2969;0.8828;0.7361;307.0352;140.2780;120.8266
20.10;0.2969;0.8828;0.7361;307.0352;140.2780;120.8403
20.12;0.2969;0.8829;0.7361;307.0352;140.2780;120.8977
20.13;0.2970;0.8830;0.7360;307.0352;140.2780;120.8196
20.15;0.2970;0.8830;0.7360;307.0352;140.2780;120.8196
20.17;0.2970;0.8831;0.7359;307.0352;140.2780;120.9316
20.18;0.2970;0.8831;0.7359;307.0352;140.2780;120.9316
20.20;0.2970;0.8831;0.7359;307.0352;140.2780;120.9130
20.22;0.2970;0.8832;0.7359;307.0352;140.2780;120.8647
