6.08;0.2921;0.8926;0.7274;307.2353;145.4883;71.7060
6.10;0.2919;0.8926;0.7274;307.1974;145.5956;71.6031
6.12;0.2920;0.8926;0.7274;307.2352;145.5118;71.7060
6.13;0.2920;0.8926;0.7276;307.1866;145.4907;71.6556
6.15;0.2918;0.8928;0.7279;307.0315;145.4525;71.7421
6.17;0.2917;0.8929;0.7280;306.9729;145.4265;71.8737
6.18;0.2917;0.8930;0.7282;306.9243;145.3814;71.8238
6.20;0.2917;0.8929;0.7282;306.9243;145.4050;71.8238
6.22;0.2917;0.8929;0.7282;306.9342;145.4331;71.7886
6.23;0.2917;0.8928;0.7282;306.9819;145.4010;71.7829
6.25;0.2917;0.8928;0.7283;306.9332;145.3795;71.8062
6.27;0.2915;0.8930;0.7284;306.8369;145.4135;71.8355
6.28;0.2916;0.8928;0.7286;306.8359;145.3363;71.8530
6.30;0.2916;0.8928;0.7286;306.8359;145.3363;71.8530
6.32;0.2915;0.8930;0.7288;306.7008;145.3295;71.8709
6.33;0.2914;0.8930;0.7289;306.6522;145.3077;71.8947
6.35;0.2914;0.8931;0.7292;306.5450;145.2117;71.9780
6.37;0.2914;0.8931;0.7293;306.4964;145.1661;72.0021
6.38;0.2913;0.8933;0.7297;306.3031;145.0838;72.0814
6.40;0.2912;0.8934;0.7298;306.2168;145.1218;72.0766
6.42;0.2912;0.8934;0.7300;306.1585;145.0468;72.1372
6.43;0.2910;0.8936;0.7301;306.0625;145.0791;72.1687
6.45;0.2909;0.8937;0.7304;305.9180;145.0413;72.2255
6.47;0.2908;0.8938;0.7304;305.8803;145.1256;72.1961
6.48;0.2905;0.8940;0.7307;305.6885;145.1659;72.2602
6.50;0.2904;0.8940;0.7306;305.6607;145.2800;72.1941
6.52;0.2902;0.8940;0.7306;305.6231;145.3647;72.1642
6.53;0.2901;0.8941;0.7307;305.5371;145.4028;72.1599
6.55;0.2899;0.8940;0.7307;305.5193;145.5705;72.0570
6.57;0.2898;0.8941;0.7308;305.4334;145.6090;72.0525
6.58;0.2896;0.8940;0.7309;305.3773;145.7368;71.9385
6.60;0.2895;0.8940;0.7310;305.3289;145.7138;71.9642
6.62;0.2894;0.8940;0.7309;305.3115;145.8588;71.8608
6.63;0.2893;0.8939;0.7311;305.2344;145.8256;71.8392
6.65;0.2889;0.8939;0.7312;305.1318;146.0574;71.7307
6.67;0.2890;0.8937;0.7311;305.1888;146.0315;71.6881
6.68;0.2887;0.8937;0.7313;305.0848;146.1618;71.5990
6.70;0.2887;0.8937;0.7313;305.0848;146.1618;71.5990
6.72;0.2886;0.8935;0.7314;305.0664;146.2292;71.5147
6.73;0.2884;0.8934;0.7315;305.0113;146.3828;71.3996
6.75;0.2883;0.8933;0.7317;304.9442;146.4047;71.3407
6.77;0.2883;0.8933;0.7318;304.9055;146.3890;71.2563
6.78;0.2878;0.8932;0.7319;304.7758;146.6615;71.1721
6.80;0.2877;0.8930;0.7319;304.7963;146.7455;71.0985
6.82;0.2877;0.8930;0.7320;304.7678;146.7603;71.0504
6.83;0.2875;0.8929;0.7322;304.6647;146.8703;70.9599
6.85;0.2873;0.8928;0.7323;304.6209;147.0331;70.7337
6.87;0.2873;0.8928;0.7324;304.5822;147.0182;70.7954
6.88;0.2870;0.8927;0.7326;304.4795;147.1295;70.7044
6.90;0.2870;0.8927;0.7326;304.4795;147.1295;70.7044
6.92;0.2868;0.8927;0.7328;304.3665;147.2109;70.6503
6.93;0.2867;0.8928;0.7332;304.2149;147.2545;70.5113
6.95;0.2867;0.8927;0.7333;304.1970;147.3017;70.4986
6.97;0.2865;0.8927;0.7333;304.1722;147.4200;70.4301
6.98;0.2865;0.8927;0.7335;304.0739;147.3298;70.4814
7.00;0.2865;0.8927;0.7336;304.0247;147.3081;70.5072
7.02;0.2863;0.8927;0.7336;304.0104;147.4578;70.4012
7.03;0.2863;0.8927;0.7337;303.9717;147.4436;70.3163
7.05;0.2863;0.8926;0.7338;303.9434;147.4605;70.2673
7.07;0.2861;0.8926;0.7338;303.9084;147.5485;70.2359
7.08;0.2861;0.8926;0.7339;303.8697;147.5580;70.2976
7.10;0.2861;0.8926;0.7340;303.8205;147.5129;70.2501
7.12;0.2860;0.8926;0.7340;303.8309;147.5441;70.2126
7.13;0.2859;0.8926;0.7341;303.7573;147.6183;70.1696
7.15;0.2859;0.8924;0.7340;303.7784;147.6807;70.1678
7.17;0.2858;0.8924;0.7340;303.7889;147.7118;70.0571
7.18;0.2858;0.8922;0.7340;303.7817;147.7916;70.0061
7.20;0.2858;0.8922;0.7342;303.7324;147.7469;69.9584
7.22;0.2858;0.8921;0.7341;303.7429;147.7781;69.9209
7.23;0.2857;0.8920;0.7342;303.7041;147.7646;69.9822
7.25;0.2857;0.8919;0.7343;303.6653;147.7512;69.8971
7.27;0.2857;0.8919;0.7342;303.6864;147.8137;69.8952
7.28;0.2857;0.8920;0.7344;303.5875;147.7245;69.9464
7.30;0.2856;0.8921;0.7345;303.4933;147.7368;69.9785
7.32;0.2856;0.8921;0.7345;303.5038;147.7683;69.9407
7.33;0.2856;0.8922;0.7347;303.4050;147.6786;69.9193
7.35;0.2856;0.8922;0.7348;303.3556;147.6336;69.9454
7.37;0.2857;0.8923;0.7350;303.2957;147.5568;70.0096
7.38;0.2854;0.8920;0.7350;303.2719;147.6773;69.9707
7.40;0.2854;0.8920;0.7351;303.2719;147.6772;70.0217
7.42;0.2854;0.8920;0.7351;303.2719;147.6773;69.9789
7.43;0.2854;0.8919;0.7352;303.2719;147.6773;69.9257
7.45;0.2853;0.8919;0.7352;303.2719;147.6773;69.9144
7.47;0.2853;0.8919;0.7352;303.2719;147.6773;69.9760
7.48;0.2853;0.8918;0.7353;303.2719;147.6773;69.8688
7.50;0.2853;0.8917;0.7353;303.2719;147.6773;69.8876
7.52;0.2853;0.8917;0.7353;303.2719;147.6773;69.8459
7.53;0.2853;0.8917;0.7353;303.2719;147.6773;69.9193
7.55;0.2853;0.8916;0.7353;303.2719;147.6773;69.8649
7.57;0.2853;0.8916;0.7353;303.2719;147.6773;69.8546
7.58;0.2853;0.8916;0.7353;303.2719;147.6773;69.8546
7.60;0.2853;0.8916;0.7353;303.2719;147.6773;69.8546
7.62;0.2853;0.8916;0.7353;303.2719;147.6773;69.8549
7.63;0.2853;0.8916;0.7353;303.2719;147.6773;69.8549
7.65;0.2852;0.8916;0.7354;303.2719;147.6773;69.8746
7.67;0.2852;0.8916;0.7354;303.2719;147.6773;69.8743
7.68;0.2852;0.8916;0.7354;303.2719;147.6773;69.8940
7.70;0.2852;0.8916;0.7354;303.2719;147.6773;69.8940
7.72;0.2852;0.8915;0.7354;303.2719;147.6773;69.9558
7.73;0.2852;0.8915;0.7354;303.2719;147.6773;69.8714
7.75;0.2852;0.8915;0.7354;303.2719;147.6773;69.9031
7.77;0.2852;0.8914;0.7354;303.2719;147.6773;69.9218
7.78;0.2852;0.8914;0.7355;303.2719;147.6773;69.9735
7.80;0.2852;0.8914;0.7355;303.2719;147.6773;69.9002
7.82;0.2852;0.8914;0.7355;303.2719;147.6773;69.9007
7.83;0.2851;0.8913;0.7355;303.2719;147.6773;69.9620
7.85;0.2851;0.8913;0.7355;303.2719;147.6773;69.8974
7.87;0.2851;0.8913;0.7355;303.2719;147.6773;69.8974
7.88;0.2851;0.8913;0.7355;303.2719;147.6773;69.9297
7.90;0.2851;0.8912;0.7355;303.2719;147.6773;69.9494
7.92;0.2851;0.8912;0.7355;303.2719;147.6773;69.9494
7.93;0.2851;0.8912;0.7356;303.2719;147.6773;70.0423
7.95;0.2851;0.8912;0.7356;303.2719;147.6773;70.0008
7.97;0.2851;0.8911;0.7356;303.2719;147.6773;69.9900
7.98;0.2851;0.8910;0.7357;303.2719;147.6773;70.0179
8.00;0.2851;0.8910;0.7357;303.2719;147.6773;70.0179
8.02;0.2850;0.8910;0.7357;303.2719;147.6773;70.0389
8.03;0.2850;0.8909;0.7357;303.2719;147.6773;70.0471
8.05;0.2850;0.8908;0.7358;303.2719;147.6773;70.0561
8.07;0.2850;0.8908;0.7358;303.2719;147.6773;70.0447
8.08;0.2849;0.8907;0.7359;303.2719;147.6773;70.0619
8.10;0.2849;0.8907;0.7359;303.2719;147.6773;70.0504
8.12;0.2849;0.8906;0.7359;303.2719;147.6773;70.0595
8.13;0.2849;0.8905;0.7359;303.2719;147.6773;70.0686
8.15;0.2849;0.8905;0.7360;303.2719;147.6773;70.0645
8.17;0.2848;0.8904;0.7360;303.2719;147.6773;70.1171
8.18;0.2848;0.8903;0.7361;303.2719;147.6773;70.1034
8.20;0.2848;0.8903;0.7361;303.2719;147.6773;70.1034
8.22;0.2848;0.8902;0.7361;303.2719;147.6773;70.1116
8.23;0.2847;0.8901;0.7362;303.2719;147.6773;70.1208
8.25;0.2847;0.8901;0.7362;303.2719;147.6773;70.1383
8.27;0.2847;0.8900;0.7362;303.2719;147.6773;70.1268
8.28;0.2847;0.8899;0.7363;303.2719;147.6773;70.1372
8.30;0.2847;0.8899;0.7363;303.2719;147.6773;70.1257
8.32;0.2846;0.8899;0.7363;303.2719;147.6773;70.1454
8.33;0.2846;0.8898;0.7363;303.2719;147.6773;70.0912
8.35;0.2846;0.8898;0.7363;303.2719;147.6773;70.1433
8.37;0.2846;0.8898;0.7364;303.2719;147.6773;70.1527
8.38;0.2846;0.8897;0.7364;303.2719;147.6773;70.0858
8.40;0.2846;0.8897;0.7364;303.2719;147.6773;70.0870
8.42;0.2846;0.8896;0.7364;303.2719;147.6773;70.1391
8.43;0.2845;0.8896;0.7365;303.2719;147.6773;70.0965
8.45;0.2845;0.8896;0.7365;303.2719;147.6773;70.1175
8.47;0.2845;0.8895;0.7365;303.2719;147.6773;70.1812
8.48;0.2845;0.8895;0.7365;303.2719;147.6773;70.1270
8.50;0.2845;0.8895;0.7365;303.2719;147.6773;70.1155
8.52;0.2845;0.8895;0.7365;303.2719;147.6773;70.1169
8.53;0.2845;0.8895;0.7365;303.2719;147.6773;70.1625
8.55;0.2845;0.8894;0.7365;303.2719;147.6773;70.1265
8.57;0.2845;0.8894;0.7365;303.2719;147.6773;70.1722
8.58;0.2845;0.8894;0.7366;303.2719;147.6773;70.1164
8.60;0.2845;0.8894;0.7366;303.2719;147.6773;70.1362
8.62;0.2845;0.8894;0.7366;303.2719;147.6773;70.1246
8.63;0.2844;0.8893;0.7366;303.2719;147.6773;70.1146
8.65;0.2844;0.8893;0.7366;303.2719;147.6773;70.1343
8.67;0.2844;0.8893;0.7366;303.2719;147.6773;70.1359
8.68;0.2844;0.8892;0.7367;303.2719;147.6773;70.1572
8.70;0.2844;0.8892;0.7367;303.2719;147.6773;70.2016
8.72;0.2844;0.8892;0.7367;303.2719;147.6773;70.1572
8.73;0.2844;0.8892;0.7367;303.2719;147.6773;70.2016
8.75;0.2844;0.8892;0.7367;303.2719;147.6773;70.1589
8.77;0.2844;0.8892;0.7367;303.2719;147.6773;70.1589
8.78;0.2844;0.8892;0.7367;303.2719;147.6773;70.2033
8.80;0.2844;0.8892;0.7367;303.2719;147.6773;70.1589
8.82;0.2844;0.8892;0.7367;303.2719;147.6773;70.1589
8.83;0.2844;0.8892;0.7367;303.2719;147.6773;70.1589
8.85;0.2844;0.8892;0.7367;303.2719;147.6773;70.1606
8.87;0.2844;0.8892;0.7367;303.2719;147.6773;70.1606
8.88;0.2844;0.8892;0.7367;303.2719;147.6773;70.1606
8.90;0.2844;0.8892;0.7367;303.2719;147.6773;70.1606
8.92;0.2844;0.8892;0.7367;303.2719;147.6773;70.1606
8.93;0.2844;0.8892;0.7367;303.2719;147.6773;70.2050
8.95;0.2844;0.8892;0.7367;303.2719;147.6773;70.2050
8.97;0.2844;0.8892;0.7367;303.2719;147.6773;70.2050
8.98;0.2844;0.8893;0.7366;303.2719;147.6773;70.1853
9.00;0.2844;0.8893;0.7366;303.2719;147.6773;70.1853
9.02;0.2844;0.8893;0.7366;303.2719;147.6773;70.1853
9.03;0.2844;0.8893;0.7366;303.2719;147.6773;70.1408
9.05;0.2844;0.8893;0.7366;303.2719;147.6773;70.1853
9.07;0.2844;0.8893;0.7366;303.2719;147.6773;70.1121
9.08;0.2844;0.8893;0.7366;303.2719;147.6773;70.1408
9.10;0.2844;0.8893;0.7366;303.2719;147.6773;70.1408
9.12;0.2844;0.8893;0.7366;303.2719;147.6773;70.1408
9.13;0.2844;0.8893;0.7366;303.2719;147.6773;70.1853
9.15;0.2844;0.8893;0.7366;303.2719;147.6773;70.1408
9.17;0.2844;0.8893;0.7366;303.2719;147.6773;70.1871
9.18;0.2844;0.8893;0.7366;303.2719;147.6773;70.1408
9.20;0.2844;0.8893;0.7366;303.2719;147.6773;70.1408
9.22;0.2844;0.8893;0.7366;303.2719;147.6773;70.1871
9.23;0.2844;0.8893;0.7366;303.2719;147.6773;70.1871
9.25;0.2844;0.8893;0.7366;303.2719;147.6773;70.1871
9.27;0.2844;0.8893;0.7366;303.2719;147.6773;70.1889
9.28;0.2844;0.8893;0.7366;303.2719;147.6773;70.1139
9.30;0.2844;0.8893;0.7366;303.2719;147.6773;70.1871
9.32;0.2844;0.8893;0.7366;303.2719;147.6773;70.1871
9.33;0.2844;0.8893;0.7366;303.2719;147.6773;70.1425
9.35;0.2844;0.8893;0.7366;303.2719;147.6773;70.1425
9.37;0.2844;0.8893;0.7366;303.2719;147.6773;70.1425
9.38;0.2844;0.8893;0.7366;303.2719;147.6773;70.1425
9.40;0.2844;0.8893;0.7366;303.2719;147.6773;70.1425
9.42;0.2844;0.8893;0.7366;303.2719;147.6773;70.1871
9.43;0.2844;0.8893;0.7366;303.2719;147.6773;70.1425
9.45;0.2844;0.8893;0.7366;303.2719;147.6773;70.1425
9.47;0.2844;0.8893;0.7366;303.2719;147.6773;70.1889
9.48;0.2844;0.8893;0.7366;303.2719;147.6773;70.1889
9.50;0.2844;0.8893;0.7366;303.2719;147.6773;70.1889
9.52;0.2844;0.8893;0.7366;303.2719;147.6773;70.1443
9.53;0.2844;0.8893;0.7366;303.2719;147.6773;70.1908
9.55;0.2844;0.8893;0.7366;303.2719;147.6773;70.1889
9.57;0.2844;0.8893;0.7366;303.2719;147.6773;70.1908
9.58;0.2844;0.8893;0.7366;303.2719;147.6773;70.2193
9.60;0.2844;0.8893;0.7366;303.2719;147.6773;70.2621
9.62;0.2844;0.8893;0.7366;303.2719;147.6773;70.2621
9.63;0.2844;0.8893;0.7366;303.2719;147.6773;70.1907
9.65;0.2844;0.8893;0.7366;303.2719;147.6773;70.1907
9.67;0.2844;0.8893;0.7366;303.2719;147.6773;70.1907
9.68;0.2844;0.8893;0.7366;303.2719;147.6774;70.1926
9.70;0.2844;0.8893;0.7366;303.2719;147.6773;70.2461
9.72;0.2844;0.8893;0.7366;303.2719;147.6773;70.2461
9.73;0.2844;0.8893;0.7366;303.2719;147.6773;70.2461
9.75;0.2844;0.8893;0.7366;303.2719;147.6773;70.2461
9.77;0.2844;0.8893;0.7366;303.2719;147.6773;70.2481
9.78;0.2844;0.8893;0.7366;303.2719;147.6773;70.2196
9.80;0.2844;0.8893;0.7366;303.2719;147.6773;70.2196
9.82;0.2844;0.8893;0.7366;303.2719;147.6773;70.2481
9.83;0.2844;0.8893;0.7366;303.2719;147.6773;70.2216
9.85;0.2844;0.8893;0.7366;303.2719;147.6773;70.2928
9.87;0.2844;0.8893;0.7366;303.2719;147.6773;70.2730
9.88;0.2844;0.8893;0.7366;303.2719;147.6773;70.3198
9.90;0.2844;0.8893;0.7366;303.2719;147.6773;70.3624
9.92;0.2844;0.8893;0.7366;303.2719;147.6773;70.2913
9.93;0.2844;0.8893;0.7366;303.2719;147.6773;70.3645
9.95;0.2844;0.8893;0.7366;303.2719;147.6773;70.4538
9.97;0.2844;0.8893;0.7366;303.2719;147.6773;70.3806
9.98;0.2844;0.8893;0.7366;303.2719;147.6773;70.3806
10.00;0.2844;0.8893;0.7366;303.2719;147.6773;70.3806
10.02;0.2844;0.8893;0.7366;303.2719;147.6773;70.4538
10.03;0.2844;0.8893;0.7366;303.2719;147.6773;70.4984
10.05;0.2844;0.8893;0.7366;303.2719;147.6773;70.4984
10.07;0.2844;0.8893;0.7366;303.2719;147.6773;70.4252
10.08;0.2844;0.8893;0.7366;303.2719;147.6774;70.4984
10.10;0.2844;0.8893;0.7366;303.2719;147.6774;70.4984
10.12;0.2844;0.8893;0.7366;303.2719;147.6774;70.5007
10.13;0.2844;0.8893;0.7366;303.2719;147.6774;70.4984
10.15;0.2844;0.8893;0.7366;303.2719;147.6774;70.4984
10.17;0.2844;0.8893;0.7366;303.2719;147.6774;70.4275
10.18;0.2844;0.8893;0.7366;303.2719;147.6774;70.3829
10.20;0.2844;0.8893;0.7366;303.2719;147.6774;70.5007
10.22;0.2844;0.8893;0.7366;303.2719;147.6774;70.4275
10.23;0.2844;0.8893;0.7366;303.2719;147.6774;70.4078
10.25;0.2844;0.8893;0.7366;303.2719;147.6774;70.4810
10.27;0.2844;0.8893;0.7366;303.2719;147.6774;70.4810
10.28;0.2844;0.8893;0.7366;303.2719;147.6774;70.4833
10.30;0.2844;0.8893;0.7366;303.2719;147.6774;70.4833
10.32;0.2844;0.8893;0.7366;303.2719;147.6774;70.4833
10.33;0.2844;0.8893;0.7366;303.2719;147.6774;70.4573
10.35;0.2844;0.8893;0.7366;303.2719;147.6774;70.5305
10.37;0.2844;0.8893;0.7366;303.2719;147.6774;70.4573
10.38;0.2844;0.8893;0.7366;303.2719;147.6774;70.4573
10.40;0.2844;0.8893;0.7366;303.2719;147.6774;70.4573
10.42;0.2844;0.8893;0.7366;303.2719;147.6774;70.5244
10.43;0.2844;0.8893;0.7366;303.2719;147.6774;70.5244
10.45;0.2844;0.8893;0.7366;303.2719;147.6774;70.5243
10.47;0.2844;0.8893;0.7366;303.2719;147.6774;70.5975
10.48;0.2844;0.8893;0.7366;303.2719;147.6774;70.5493
10.50;0.2844;0.8893;0.7366;303.2719;147.6774;70.5493
10.52;0.2844;0.8893;0.7366;303.2719;147.6774;70.5777
10.53;0.2844;0.8893;0.7366;303.2719;147.6774;70.5072
10.55;0.2844;0.8893;0.7366;303.2719;147.6774;70.5804
10.57;0.2844;0.8893;0.7366;303.2719;147.6774;70.5804
10.58;0.2844;0.8893;0.7366;303.2719;147.6774;70.6251
10.60;0.2844;0.8893;0.7366;303.2719;147.6774;70.6251
10.62;0.2844;0.8893;0.7366;303.2719;147.6774;70.5520
10.63;0.2844;0.8893;0.7366;303.2719;147.6774;70.5547
10.65;0.2844;0.8893;0.7366;303.2719;147.6774;70.6278
10.67;0.2844;0.8893;0.7366;303.2719;147.6774;70.6279
10.68;0.2844;0.8893;0.7366;303.2719;147.6774;70.6279
10.70;0.2844;0.8893;0.7366;303.2719;147.6774;70.6726
10.72;0.2844;0.8893;0.7366;303.2719;147.6774;70.6279
10.73;0.2844;0.8893;0.7366;303.2719;147.6774;70.6639
10.75;0.2844;0.8893;0.7366;303.2719;147.6774;70.6388
10.77;0.2844;0.8893;0.7366;303.2719;147.6774;70.6836
10.78;0.2844;0.8893;0.7366;303.2719;147.6774;70.6133
10.80;0.2844;0.8892;0.7366;303.2719;147.6774;70.6133
10.82;0.2844;0.8892;0.7366;303.2719;147.6774;70.6272
10.83;0.2844;0.8892;0.7367;303.2719;147.6774;70.6300
10.85;0.2844;0.8892;0.7367;303.2719;147.6774;70.6749
10.87;0.2844;0.8892;0.7367;303.2719;147.6774;70.6017
10.88;0.2844;0.8892;0.7367;303.2719;147.6774;70.6300
10.90;0.2844;0.8892;0.7367;303.2719;147.6774;70.6046
10.92;0.2844;0.8892;0.7367;303.2719;147.6773;70.6778
10.93;0.2844;0.8892;0.7367;303.2719;147.6774;70.6046
10.95;0.2844;0.8892;0.7367;303.2719;147.6773;70.6778
10.97;0.2844;0.8892;0.7367;303.2719;147.6773;70.6778
10.98;0.2844;0.8892;0.7367;303.2719;147.6773;70.6778
11.00;0.2844;0.8892;0.7367;303.2719;147.6773;70.6778
11.02;0.2844;0.8892;0.7367;303.2719;147.6773;70.6046
11.03;0.2844;0.8892;0.7367;303.2719;147.6773;70.6046
11.05;0.2844;0.8892;0.7366;303.2719;147.6773;70.5849
11.07;0.2844;0.8892;0.7366;303.2719;147.6773;70.6298
11.08;0.2844;0.8892;0.7366;303.2719;147.6773;70.6581
11.10;0.2844;0.8892;0.7366;303.2719;147.6773;70.5849
11.12;0.2844;0.8892;0.7366;303.2719;147.6773;70.6581
11.13;0.2844;0.8892;0.7366;303.2719;147.6773;70.6581
11.15;0.2844;0.8892;0.7366;303.2719;147.6773;70.6298
11.17;0.2844;0.8892;0.7366;303.2719;147.6773;70.6581
11.18;0.2844;0.8892;0.7366;303.2719;147.6773;70.6581
11.20;0.2844;0.8892;0.7366;303.2719;147.6773;70.6298
11.22;0.2844;0.8892;0.7366;303.2719;147.6773;70.6581
11.23;0.2844;0.8892;0.7366;303.2719;147.6773;70.5849
11.25;0.2844;0.8892;0.7366;303.2719;147.6773;70.5849
11.27;0.2844;0.8892;0.7366;303.2719;147.6773;70.6298
11.28;0.2844;0.8892;0.7366;303.2719;147.6773;70.7030
11.30;0.2844;0.8892;0.7366;303.2719;147.6773;70.7030
11.32;0.2844;0.8892;0.7366;303.2719;147.6773;70.5849
11.33;0.2844;0.8892;0.7366;303.2719;147.6773;70.5849
11.35;0.2844;0.8892;0.7366;303.2719;147.6773;70.6298
11.37;0.2844;0.8892;0.7366;303.2719;147.6773;70.5849
11.38;0.2844;0.8892;0.7366;303.2719;147.6773;70.6298
11.40;0.2844;0.8892;0.7366;303.2719;147.6773;70.5849
11.42;0.2844;0.8892;0.7366;303.2719;147.6773;70.7030
11.43;0.2844;0.8892;0.7366;303.2719;147.6773;70.5849
11.45;0.2844;0.8892;0.7366;303.2719;147.6773;70.6581
11.47;0.2844;0.8892;0.7366;303.2719;147.6773;70.5849
11.48;0.2844;0.8892;0.7366;303.2719;147.6773;70.5849
11.50;0.2844;0.8892;0.7366;303.2719;147.6773;70.5849
11.52;0.2844;0.8892;0.7366;303.2719;147.6773;70.6581
11.53;0.2844;0.8892;0.7366;303.2719;147.6773;70.5849
11.55;0.2844;0.8892;0.7367;303.2719;147.6773;70.5931
11.57;0.2844;0.8892;0.7367;303.2719;147.6773;70.5931
11.58;0.2844;0.8892;0.7367;303.2719;147.6773;70.5931
11.60;0.2844;0.8892;0.7367;303.2719;147.6773;70.5931
11.62;0.2844;0.8892;0.7367;303.2719;147.6773;70.6380
11.63;0.2844;0.8892;0.7367;303.2719;147.6773;70.6663
11.65;0.2844;0.8892;0.7367;303.2719;147.6773;70.6663
11.67;0.2844;0.8892;0.7367;303.2719;147.6773;70.5931
11.68;0.2844;0.8892;0.7367;303.2719;147.6773;70.6380
11.70;0.2844;0.8892;0.7367;303.2719;147.6773;70.6380
11.72;0.2844;0.8892;0.7367;303.2719;147.6773;70.5931
11.73;0.2844;0.8892;0.7367;303.2719;147.6773;70.6663
11.75;0.2844;0.8892;0.7367;303.2719;147.6773;70.5931
11.77;0.2844;0.8892;0.7367;303.2719;147.6773;70.6465
11.78;0.2844;0.8892;0.7367;303.2719;147.6773;70.6465
11.80;0.2844;0.8892;0.7367;303.2719;147.6773;70.5733
11.82;0.2844;0.8892;0.7367;303.2719;147.6773;70.5733
11.83;0.2844;0.8892;0.7367;303.2719;147.6773;70.5733
11.85;0.2844;0.8892;0.7367;303.2719;147.6773;70.5733
11.87;0.2844;0.8892;0.7367;303.2719;147.6773;70.5733
11.88;0.2844;0.8892;0.7367;303.2719;147.6773;70.5733
11.90;0.2844;0.8892;0.7367;303.2719;147.6773;70.6465
11.92;0.2844;0.8892;0.7367;303.2719;147.6773;70.6465
11.93;0.2844;0.8892;0.7367;303.2719;147.6773;70.6183
11.95;0.2844;0.8892;0.7367;303.2719;147.6773;70.6465
11.97;0.2844;0.8892;0.7367;303.2719;147.6773;70.6015
11.98;0.2844;0.8892;0.7367;303.2719;147.6773;70.5733
12.00;0.2844;0.8892;0.7367;303.2719;147.6773;70.5733
12.02;0.2844;0.8892;0.7367;303.2719;147.6773;70.6465
12.03;0.2844;0.8892;0.7367;303.2719;147.6773;70.6298
12.05;0.2844;0.8892;0.7367;303.2719;147.6773;70.7030
12.07;0.2844;0.8892;0.7367;303.2719;147.6773;70.6298
12.08;0.2844;0.8892;0.7367;303.2719;147.6773;70.6747
12.10;0.2844;0.8892;0.7367;303.2719;147.6773;70.6747
12.12;0.2844;0.8892;0.7367;303.2719;147.6773;70.6298
12.13;0.2844;0.8892;0.7367;303.2719;147.6773;70.6298
12.15;0.2844;0.8892;0.7367;303.2719;147.6773;70.6747
12.17;0.2844;0.8892;0.7367;303.2719;147.6773;70.6747
12.18;0.2844;0.8892;0.7367;303.2719;147.6773;70.7479
12.20;0.2844;0.8892;0.7367;303.2719;147.6773;70.7479
12.22;0.2844;0.8892;0.7367;303.2719;147.6773;70.7479
12.23;0.2844;0.8892;0.7367;303.2719;147.6773;70.6747
12.25;0.2844;0.8892;0.7367;303.2719;147.6773;70.6747
12.27;0.2844;0.8892;0.7367;303.2719;147.6773;70.6747
12.28;0.2844;0.8892;0.7367;303.2719;147.6773;70.7196
12.30;0.2844;0.8892;0.7367;303.2719;147.6773;70.7196
12.32;0.2844;0.8892;0.7367;303.2719;147.6773;70.7196
12.33;0.2844;0.8892;0.7367;303.2719;147.6773;70.7928
12.35;0.2844;0.8892;0.7367;303.2719;147.6773;70.7644
12.37;0.2844;0.8892;0.7367;303.2719;147.6773;70.7644
12.38;0.2844;0.8892;0.7367;303.2719;147.6773;70.7644
12.40;0.2844;0.8892;0.7367;303.2719;147.6773;70.7644
12.42;0.2844;0.8892;0.7367;303.2719;147.6773;70.7644
12.43;0.2844;0.8892;0.7367;303.2719;147.6773;70.7644
12.45;0.2844;0.8892;0.7367;303.2719;147.6773;70.8376
12.47;0.2844;0.8892;0.7367;303.2719;147.6773;70.8093
12.48;0.2844;0.8892;0.7367;303.2719;147.6773;70.8376
12.50;0.2844;0.8892;0.7367;303.2719;147.6773;70.8376
12.52;0.2844;0.8892;0.7367;303.2719;147.6773;70.7645
12.53;0.2844;0.8892;0.7367;303.2719;147.6773;70.7645
12.55;0.2844;0.8892;0.7367;303.2719;147.6773;70.8376
12.57;0.2844;0.8892;0.7367;303.2719;147.6773;70.7645
12.58;0.2844;0.8892;0.7367;303.2719;147.6773;70.7645
12.60;0.2844;0.8892;0.7367;303.2719;147.6773;70.8376
12.62;0.2844;0.8892;0.7367;303.2719;147.6773;70.7645
12.63;0.2844;0.8892;0.7367;303.2719;147.6773;70.7645
12.65;0.2844;0.8892;0.7367;303.2719;147.6773;70.7645
12.67;0.2844;0.8892;0.7367;303.2719;147.6773;70.8376
12.68;0.2844;0.8892;0.7367;303.2719;147.6773;70.7645
12.70;0.2844;0.8892;0.7367;303.2719;147.6773;70.7645
12.72;0.2844;0.8892;0.7367;303.2719;147.6773;70.7645
12.73;0.2844;0.8892;0.7367;303.2719;147.6773;70.7645
12.75;0.2844;0.8892;0.7367;303.2719;147.6773;70.7928
12.77;0.2844;0.8892;0.7367;303.2719;147.6773;70.7928
12.78;0.2844;0.8892;0.7366;303.2719;147.6773;70.7447
12.80;0.2844;0.8892;0.7366;303.2719;147.6773;70.7447
12.82;0.2844;0.8892;0.7366;303.2719;147.6773;70.7447
12.83;0.2844;0.8892;0.7366;303.2719;147.6773;70.7447
12.85;0.2844;0.8892;0.7366;303.2719;147.6773;70.7730
12.87;0.2844;0.8892;0.7366;303.2719;147.6773;70.7447
12.88;0.2844;0.8892;0.7366;303.2719;147.6773;70.7730
12.90;0.2844;0.8893;0.7366;303.2719;147.6773;70.8179
12.92;0.2844;0.8893;0.7366;303.2719;147.6773;70.7730
12.93;0.2844;0.8893;0.7366;303.2719;147.6773;70.7447
12.95;0.2844;0.8893;0.7366;303.2719;147.6773;70.7533
12.97;0.2844;0.8893;0.7366;303.2719;147.6773;70.6801
12.98;0.2844;0.8893;0.7366;303.2719;147.6773;70.6801
13.00;0.2844;0.8893;0.7366;303.2719;147.6773;70.6801
13.02;0.2844;0.8893;0.7366;303.2719;147.6773;70.7533
13.03;0.2844;0.8893;0.7366;303.2719;147.6773;70.7084
13.05;0.2844;0.8893;0.7366;303.2719;147.6773;70.6352
13.07;0.2844;0.8893;0.7366;303.2719;147.6773;70.7084
13.08;0.2844;0.8893;0.7366;303.2719;147.6773;70.6635
13.10;0.2844;0.8893;0.7366;303.2719;147.6773;70.6635
13.12;0.2844;0.8893;0.7366;303.2719;147.6773;70.6186
13.13;0.2844;0.8893;0.7366;303.2719;147.6773;70.5454
13.15;0.2844;0.8893;0.7366;303.2719;147.6773;70.5454
13.17;0.2844;0.8893;0.7366;303.2719;147.6773;70.6186
13.18;0.2844;0.8893;0.7366;303.2719;147.6773;70.6186
13.20;0.2844;0.8893;0.7366;303.2719;147.6773;70.6186
13.22;0.2844;0.8893;0.7366;303.2719;147.6773;70.5004
13.23;0.2844;0.8893;0.7366;303.2719;147.6773;70.5736
13.25;0.2844;0.8893;0.7366;303.2719;147.6773;70.5736
13.27;0.2844;0.8893;0.7366;303.2719;147.6773;70.5004
13.28;0.2844;0.8893;0.7366;303.2719;147.6773;70.5708
13.30;0.2844;0.8893;0.7366;303.2719;147.6773;70.5708
13.32;0.2844;0.8893;0.7366;303.2719;147.6773;70.5004
13.33;0.2844;0.8893;0.7366;303.2719;147.6773;70.5004
13.35;0.2844;0.8893;0.7366;303.2719;147.6773;70.4976
13.37;0.2844;0.8893;0.7366;303.2719;147.6773;70.5736
13.38;0.2844;0.8893;0.7366;303.2719;147.6773;70.5454
13.40;0.2844;0.8893;0.7366;303.2719;147.6773;70.5454
13.42;0.2844;0.8893;0.7366;303.2719;147.6773;70.5736
13.43;0.2844;0.8893;0.7366;303.2719;147.6773;70.5736
13.45;0.2844;0.8893;0.7366;303.2719;147.6773;70.5736
13.47;0.2844;0.8893;0.7366;303.2719;147.6773;70.5004
13.48;0.2844;0.8893;0.7366;303.2719;147.6773;70.5004
13.50;0.2844;0.8893;0.7366;303.2719;147.6773;70.5004
13.52;0.2844;0.8893;0.7366;303.2719;147.6773;70.5120
13.53;0.2844;0.8893;0.7366;303.2719;147.6773;70.5120
13.55;0.2844;0.8893;0.7366;303.2719;147.6773;70.5852
13.57;0.2844;0.8893;0.7366;303.2719;147.6773;70.5120
13.58;0.2844;0.8893;0.7366;303.2719;147.6773;70.5852
13.60;0.2844;0.8893;0.7366;303.2719;147.6773;70.5852
13.62;0.2844;0.8893;0.7366;303.2719;147.6773;70.5852
13.63;0.2844;0.8893;0.7366;303.2719;147.6773;70.5570
13.65;0.2844;0.8893;0.7366;303.2719;147.6773;70.5120
13.67;0.2844;0.8893;0.7366;303.2719;147.6773;70.5852
13.68;0.2844;0.8893;0.7366;303.2719;147.6773;70.5120
13.70;0.2844;0.8893;0.7366;303.2719;147.6773;70.5120
13.72;0.2845;0.8893;0.7366;303.2719;147.6773;70.5236
13.73;0.2845;0.8893;0.7366;303.2719;147.6773;70.5236
13.75;0.2845;0.8894;0.7366;303.2719;147.6773;70.5324
13.77;0.2845;0.8894;0.7366;303.2719;147.6773;70.6171
13.78;0.2845;0.8894;0.7365;303.2719;147.6773;70.5555
13.80;0.2845;0.8894;0.7365;303.2719;147.6773;70.5555
13.82;0.2845;0.8894;0.7365;303.2719;147.6773;70.6736
13.83;0.2845;0.8895;0.7365;303.2719;147.6773;70.5671
13.85;0.2845;0.8895;0.7365;303.2719;147.6773;70.6519
13.87;0.2845;0.8895;0.7365;303.2719;147.6773;70.5787
13.88;0.2845;0.8895;0.7365;303.2719;147.6773;70.6409
13.90;0.2845;0.8895;0.7365;303.2719;147.6773;70.6409
13.92;0.2845;0.8896;0.7365;303.2719;147.6773;70.6183
13.93;0.2845;0.8896;0.7365;303.2719;147.6773;70.6183
13.95;0.2846;0.8896;0.7364;303.2719;147.6773;70.6074
13.97;0.2846;0.8896;0.7364;303.2719;147.6773;70.6047
13.98;0.2846;0.8896;0.7364;303.2719;147.6773;70.6047
14.00;0.2846;0.8896;0.7364;303.2719;147.6773;70.6047
14.02;0.2846;0.8897;0.7364;303.2719;147.6773;70.6137
14.03;0.2846;0.8897;0.7364;303.2719;147.6773;70.5939
14.05;0.2846;0.8897;0.7364;303.2719;147.6773;70.6761
14.07;0.2846;0.8898;0.7364;303.2719;147.6773;70.6654
14.08;0.2846;0.8898;0.7364;303.2719;147.6773;70.6769
14.10;0.2846;0.8898;0.7364;303.2719;147.6773;70.6769
14.12;0.2846;0.8899;0.7363;303.2719;147.6773;70.7081
14.13;0.2846;0.8899;0.7363;303.2719;147.6773;70.7196
14.15;0.2847;0.8899;0.7363;303.2719;147.6773;70.7090
14.17;0.2847;0.8899;0.7363;303.2719;147.6773;70.7090
14.18;0.2847;0.8900;0.7362;303.2719;147.6773;70.7189
14.20;0.2847;0.8900;0.7362;303.2719;147.6773;70.7189
14.22;0.2847;0.8901;0.7362;303.2719;147.6773;70.7084
14.23;0.2848;0.8902;0.7361;303.2719;147.6773;70.8024
14.25;0.2848;0.8903;0.7361;303.2719;147.6773;70.7303
14.27;0.2848;0.8903;0.7360;303.2719;147.6772;70.8244
14.28;0.2849;0.8905;0.7360;303.2719;147.6772;70.8371
14.30;0.2849;0.8905;0.7360;303.2719;147.6773;70.8371
14.32;0.2849;0.8906;0.7359;303.2719;147.6773;70.8185
14.33;0.2849;0.8907;0.7358;303.2719;147.6773;70.8062
14.35;0.2850;0.8908;0.7358;303.2719;147.6773;70.7858
14.37;0.2850;0.8908;0.7358;303.2719;147.6773;70.7973
14.38;0.2850;0.8910;0.7357;303.2719;147.6773;70.8083
14.40;0.2850;0.8910;0.7357;303.2719;147.6773;70.8083
14.42;0.2851;0.8911;0.7356;303.2719;147.6773;70.7785
14.43;0.2851;0.8912;0.7356;303.2719;147.6773;70.7471
14.45;0.2851;0.8913;0.7355;303.2719;147.6773;70.7289
14.47;0.2852;0.8913;0.7355;303.2719;147.6773;70.7823
14.48;0.2852;0.8915;0.7354;303.2719;147.6773;70.7306
14.50;0.2852;0.8915;0.7354;303.2719;147.6773;70.7940
14.52;0.2853;0.8916;0.7354;303.2719;147.6773;70.7141
14.53;0.2853;0.8917;0.7353;303.2719;147.6773;70.7774
14.55;0.2853;0.8918;0.7352;303.2719;147.6773;70.7579
14.57;0.2853;0.8919;0.7352;303.2719;147.6773;70.7497
14.58;0.2854;0.8920;0.7351;303.2719;147.6773;70.7172
14.60;0.2854;0.8921;0.7351;303.2719;147.6773;70.7718
