12.62;0.2748;0.8936;0.7309;302.4594;159.4286;55.8440
12.63;0.2749;0.8935;0.7309;302.5026;159.3560;55.9283
12.65;0.2749;0.8934;0.7308;302.5176;159.3840;55.8950
12.67;0.2748;0.8933;0.7308;302.5628;159.4679;55.7955
12.68;0.2748;0.8932;0.7308;302.5779;159.4958;55.7624
12.70;0.2747;0.8933;0.7309;302.4848;159.5337;55.7711
12.72;0.2747;0.8932;0.7308;302.4999;159.5616;55.7380
12.73;0.2747;0.8933;0.7310;302.4349;159.4988;55.7910
12.75;0.2748;0.8932;0.7310;302.4630;159.4217;55.8351
12.77;0.2747;0.8931;0.7310;302.4780;159.4733;55.8019
12.78;0.2747;0.8932;0.7311;302.4281;159.4385;55.8217
12.80;0.2746;0.8932;0.7311;302.4151;159.5672;55.7444
12.82;0.2747;0.8931;0.7310;302.4582;159.4946;55.8285
12.83;0.2746;0.8932;0.7312;302.3652;159.5324;55.7642
12.85;0.2746;0.8932;0.7313;302.3152;159.5211;55.7841
12.87;0.2746;0.8931;0.7314;302.3083;159.4372;55.8881
12.88;0.2746;0.8931;0.7314;302.3233;159.4654;55.7814
12.90;0.2746;0.8930;0.7314;302.3233;159.4654;55.8547
12.92;0.2746;0.8930;0.7314;302.3383;159.4936;55.8213
12.93;0.2746;0.8930;0.7315;302.2884;159.4588;55.7679
12.95;0.2746;0.8930;0.7315;302.3034;159.4870;55.7345
12.97;0.2745;0.8930;0.7316;302.2534;159.4758;55.8277
12.98;0.2745;0.8930;0.7316;302.2685;159.5276;55.7210
13.00;0.2745;0.8930;0.7316;302.2685;159.5276;55.7210
13.02;0.2744;0.8930;0.7316;302.2835;159.5794;55.6876
13.03;0.2744;0.8930;0.7316;302.2835;159.5794;55.6876
13.05;0.2744;0.8930;0.7318;302.2335;159.5682;55.7074
13.07;0.2743;0.8930;0.7318;302.2335;159.5918;55.7074
13.08;0.2743;0.8931;0.7319;302.1685;159.5286;55.7609
13.10;0.2743;0.8931;0.7319;302.1685;159.5286;55.7609
13.12;0.2743;0.8931;0.7319;302.1835;159.5570;55.8006
13.13;0.2745;0.8931;0.7319;302.2113;159.4563;55.7712
13.15;0.2744;0.8931;0.7319;302.2113;159.4798;55.8444
13.17;0.2743;0.8931;0.7319;302.1835;159.5805;55.7274
13.18;0.2744;0.8931;0.7319;302.2113;159.4798;55.7712
13.20;0.2744;0.8931;0.7319;302.2113;159.4798;55.8444
13.22;0.2744;0.8931;0.7319;302.2113;159.4798;55.7712
13.23;0.2744;0.8931;0.7319;302.2113;159.4798;55.7712
13.25;0.2744;0.8932;0.7320;302.1463;159.4165;55.8248
13.27;0.2744;0.8931;0.7319;302.2113;159.4798;55.8444
13.28;0.2744;0.8931;0.7319;302.2113;159.4798;55.8444
13.30;0.2743;0.8931;0.7319;302.1835;159.5806;55.7274
13.32;0.2744;0.8932;0.7320;302.1463;159.4400;55.8248
13.33;0.2744;0.8932;0.7320;302.1463;159.4400;55.8981
13.35;0.2744;0.8931;0.7319;302.2113;159.5034;55.8444
13.37;0.2744;0.8931;0.7319;302.2113;159.5034;55.7712
13.38;0.2744;0.8931;0.7319;302.2113;159.5034;55.8444
13.40;0.2742;0.8932;0.7321;302.1185;159.5408;55.7810
13.42;0.2744;0.8932;0.7320;302.1463;159.4400;55.8981
13.43;0.2744;0.8932;0.7320;302.1463;159.4400;55.8249
13.45;0.2744;0.8932;0.7320;302.1463;159.4400;55.8249
13.47;0.2744;0.8932;0.7320;302.1463;159.4400;55.8249
13.48;0.2744;0.8931;0.7319;302.2113;159.5034;55.8445
13.50;0.2744;0.8932;0.7320;302.1463;159.4400;55.8249
13.52;0.2744;0.8931;0.7319;302.2113;159.5034;55.8445
13.53;0.2744;0.8932;0.7320;302.1463;159.4400;55.8249
13.55;0.2744;0.8932;0.7320;302.1463;159.4400;55.8249
13.57;0.2744;0.8932;0.7320;302.1463;159.4400;55.8981
13.58;0.2744;0.8932;0.7320;302.1463;159.4400;55.8249
13.60;0.2743;0.8933;0.7322;302.0535;159.4772;55.8348
13.62;0.2744;0.8932;0.7320;302.1463;159.4400;55.8981
13.63;0.2744;0.8932;0.7322;302.0813;159.3764;55.9520
13.65;0.2744;0.8932;0.7322;302.0813;159.3764;55.9520
13.67;0.2743;0.8933;0.7322;302.0535;159.4772;55.8348
13.68;0.2743;0.8933;0.7322;302.0535;159.4772;55.8348
13.70;0.2744;0.8932;0.7322;302.0813;159.3764;55.9520
13.72;0.2743;0.8933;0.7322;302.0535;159.4772;55.9081
13.73;0.2744;0.8932;0.7322;302.0813;159.3764;55.9520
13.75;0.2743;0.8933;0.7322;302.0535;159.4772;55.8348
13.77;0.2744;0.8933;0.7323;302.0164;159.3126;55.9329
13.78;0.2745;0.8933;0.7323;302.0164;159.2890;56.0061
13.80;0.2745;0.8933;0.7323;302.0164;159.2890;56.0061
13.82;0.2745;0.8933;0.7323;302.0164;159.2890;56.0061
13.83;0.2744;0.8933;0.7323;301.9885;159.3663;55.9622
13.85;0.2745;0.8933;0.7323;302.0164;159.2654;55.9329
13.87;0.2745;0.8933;0.7323;302.0164;159.2654;55.9329
13.88;0.2745;0.8933;0.7323;302.0164;159.2654;55.9329
13.90;0.2745;0.8933;0.7323;302.0164;159.2654;56.0061
13.92;0.2747;0.8933;0.7323;302.0443;159.1647;55.9766
13.93;0.2747;0.8933;0.7323;302.0443;159.1647;56.0499
13.95;0.2748;0.8932;0.7322;302.0723;159.0641;56.0203
13.97;0.2751;0.8932;0.7322;302.1283;158.8633;56.1804
13.98;0.2750;0.8931;0.7322;302.1431;158.8920;56.1465
14.00;0.2751;0.8931;0.7322;302.1712;158.8153;56.1898
14.02;0.2752;0.8931;0.7322;302.1993;158.7152;56.2329
14.03;0.2753;0.8932;0.7324;302.1345;158.6510;56.2873
14.05;0.2754;0.8931;0.7322;302.2274;158.6152;56.3491
14.07;0.2755;0.8930;0.7322;302.2556;158.5153;56.3920
14.08;0.2757;0.8931;0.7323;302.2191;158.3512;56.4892
14.10;0.2757;0.8931;0.7323;302.2191;158.3512;56.4159
14.12;0.2757;0.8931;0.7323;302.2191;158.3512;56.4892
14.13;0.2758;0.8930;0.7322;302.3120;158.3159;56.4774
14.15;0.2757;0.8931;0.7323;302.2191;158.3512;56.4892
14.17;0.2758;0.8930;0.7323;302.2474;158.2515;56.5318
14.18;0.2758;0.8930;0.7323;302.2620;158.2804;56.4977
14.20;0.2758;0.8930;0.7323;302.2620;158.2804;56.4977
14.22;0.2759;0.8931;0.7325;302.2256;158.1162;56.5948
14.23;0.2759;0.8930;0.7324;302.2402;158.1452;56.5606
14.25;0.2759;0.8927;0.7326;302.2402;158.1452;56.5188
14.27;0.2758;0.8926;0.7327;302.2402;158.1452;56.4896
14.28;0.2758;0.8926;0.7327;302.2402;158.1452;56.4799
14.30;0.2758;0.8925;0.7327;302.2402;158.1452;56.4919
14.32;0.2758;0.8924;0.7328;302.2402;158.1452;56.4433
14.33;0.2758;0.8923;0.7328;302.2402;158.1452;56.4336
14.35;0.2757;0.8922;0.7329;302.2402;158.1452;56.4141
14.37;0.2757;0.8921;0.7330;302.2402;158.1452;56.4248
14.38;0.2757;0.8920;0.7330;302.2402;158.1452;56.4886
14.40;0.2757;0.8919;0.7331;302.2402;158.1452;56.4057
14.42;0.2757;0.8919;0.7331;302.2402;158.1452;56.4158
14.43;0.2756;0.8919;0.7331;302.2402;158.1452;56.4061
14.45;0.2756;0.8918;0.7331;302.2402;158.1452;56.4260
14.47;0.2756;0.8918;0.7332;302.2402;158.1452;56.4163
14.48;0.2756;0.8918;0.7332;302.2402;158.1452;56.4360
14.50;0.2756;0.8918;0.7332;302.2402;158.1452;56.3941
14.52;0.2756;0.8917;0.7332;302.2402;158.1452;56.3844
14.53;0.2756;0.8917;0.7332;302.2402;158.1452;56.3844
14.55;0.2756;0.8917;0.7332;302.2402;158.1452;56.3844
14.57;0.2756;0.8917;0.7332;302.2402;158.1452;56.4156
14.58;0.2756;0.8917;0.7332;302.2402;158.1452;56.3324
14.60;0.2756;0.8917;0.7332;302.2402;158.1452;56.3636
14.62;0.2756;0.8917;0.7332;302.2402;158.1452;56.3114
14.63;0.2756;0.8917;0.7332;302.2402;158.1452;56.3114
14.65;0.2756;0.8917;0.7332;302.2402;158.1452;56.2690
14.67;0.2756;0.8916;0.7333;302.2402;158.1452;56.2662
14.68;0.2756;0.8916;0.7333;302.2402;158.1452;56.3300
14.70;0.2756;0.8916;0.7333;302.2402;158.1452;56.2873
14.72;0.2756;0.8916;0.7333;302.2402;158.1452;56.2775
14.73;0.2756;0.8916;0.7333;302.2402;158.1452;56.2775
14.75;0.2756;0.8916;0.7333;302.2402;158.1452;56.2352
14.77;0.2756;0.8916;0.7333;302.2402;158.1452;56.1927
14.78;0.2756;0.8916;0.7333;302.2402;158.1452;56.2348
14.80;0.2756;0.8916;0.7333;302.2402;158.1452;56.1923
14.82;0.2756;0.8916;0.7333;302.2402;158.1452;56.2230
14.83;0.2756;0.8916;0.7333;302.2402;158.1452;56.1805
14.85;0.2756;0.8916;0.7333;302.2402;158.1452;56.2230
14.87;0.2756;0.8916;0.7333;302.2402;158.1452;56.1380
14.88;0.2756;0.8915;0.7333;302.2402;158.1452;56.2014
14.90;0.2756;0.8915;0.7333;302.2402;158.1452;56.2741
14.92;0.2756;0.8915;0.7333;302.2402;158.1452;56.3047
14.93;0.2756;0.8915;0.7333;302.2402;158.1452;56.3047
14.95;0.2756;0.8915;0.7333;302.2402;158.1452;56.4085
14.97;0.2756;0.8916;0.7333;302.2402;158.1452;56.4915
14.98;0.2756;0.8916;0.7333;302.2402;158.1452;56.4488
15.00;0.2756;0.8916;0.7333;302.2402;158.1452;56.4915
15.02;0.2756;0.8916;0.7333;302.2402;158.1452;56.4488
15.03;0.2756;0.8916;0.7333;302.2402;158.1452;56.5220
15.05;0.2756;0.8916;0.7333;302.2402;158.1452;56.5021
15.07;0.2756;0.8916;0.7333;302.2402;158.1452;56.5753
15.08;0.2756;0.8916;0.7333;302.2402;158.1452;56.6058
15.10;0.2756;0.8916;0.7333;302.2402;158.1451;56.6058
15.12;0.2756;0.8916;0.7333;302.2402;158.1452;56.6791
15.13;0.2756;0.8916;0.7333;302.2402;158.1452;56.6363
15.15;0.2756;0.8916;0.7333;302.2402;158.1452;56.7096
15.17;0.2756;0.8916;0.7333;302.2402;158.1452;56.7087
15.18;0.2756;0.8916;0.7333;302.2402;158.1452;56.7400
15.20;0.2756;0.8916;0.7333;302.2402;158.1452;56.7400
15.22;0.2756;0.8916;0.7333;302.2402;158.1452;56.8332
15.23;0.2756;0.8916;0.7333;302.2402;158.1452;56.8636
15.25;0.2756;0.8916;0.7333;302.2402;158.1452;56.8636
15.27;0.2756;0.8915;0.7333;302.2402;158.1452;56.9140
15.28;0.2756;0.8915;0.7333;302.2402;158.1452;56.8613
15.30;0.2756;0.8915;0.7333;302.2402;158.1452;56.8613
15.32;0.2756;0.8915;0.7333;302.2402;158.1452;56.8917
15.33;0.2756;0.8915;0.7333;302.2402;158.1452;56.9220
15.35;0.2756;0.8915;0.7333;302.2402;158.1452;56.8979
15.37;0.2756;0.8915;0.7333;302.2402;158.1452;56.9268
15.38;0.2756;0.8915;0.7333;302.2402;158.1452;56.9570
15.40;0.2756;0.8915;0.7333;302.2402;158.1452;56.9570
15.42;0.2756;0.8915;0.7333;302.2402;158.1452;56.9138
15.43;0.2756;0.8915;0.7333;302.2402;158.1452;56.8706
15.45;0.2756;0.8915;0.7333;302.2402;158.1452;56.9439
15.47;0.2756;0.8915;0.7333;302.2402;158.1452;56.9627
15.48;0.2756;0.8915;0.7334;302.2402;158.1452;56.9927
15.50;0.2756;0.8915;0.7334;302.2402;158.1452;56.9927
15.52;0.2756;0.8915;0.7334;302.2402;158.1452;57.0226
15.53;0.2756;0.8915;0.7334;302.2402;158.1452;57.0226
15.55;0.2756;0.8915;0.7334;302.2402;158.1452;56.9592
15.57;0.2756;0.8915;0.7333;302.2402;158.1452;57.0324
15.58;0.2756;0.8915;0.7333;302.2402;158.1452;56.9891
15.60;0.2756;0.8915;0.7333;302.2402;158.1452;57.0324
15.62;0.2756;0.8915;0.7333;302.2402;158.1452;56.9891
15.63;0.2756;0.8915;0.7333;302.2402;158.1452;56.9874
15.65;0.2756;0.8915;0.7333;302.2402;158.1452;56.9457
15.67;0.2756;0.8915;0.7333;302.2402;158.1452;56.9554
15.68;0.2756;0.8915;0.7333;302.2402;158.1452;56.9102
15.70;0.2756;0.8915;0.7333;302.2402;158.1452;57.0584
15.72;0.2756;0.8915;0.7333;302.2402;158.1452;57.0863
15.73;0.2756;0.8915;0.7333;302.2402;158.1452;57.0663
15.75;0.2756;0.8915;0.7333;302.2402;158.1452;57.0959
15.77;0.2756;0.8915;0.7333;302.2402;158.1452;57.1988
15.78;0.2756;0.8915;0.7333;302.2402;158.1452;57.2007
15.80;0.2756;0.8915;0.7333;302.2402;158.1452;57.1552
15.82;0.2756;0.8915;0.7333;302.2402;158.1452;57.1552
15.83;0.2756;0.8915;0.7333;302.2402;158.1452;57.2284
15.85;0.2756;0.8915;0.7333;302.2402;158.1452;57.1770
15.87;0.2756;0.8915;0.7334;302.2402;158.1452;57.2703
15.88;0.2756;0.8915;0.7334;302.2402;158.1452;57.2702
15.90;0.2756;0.8915;0.7334;302.2402;158.1452;57.2266
15.92;0.2756;0.8915;0.7334;302.2402;158.1452;57.2266
15.93;0.2756;0.8915;0.7334;302.2402;158.1452;57.2266
15.95;0.2756;0.8915;0.7334;302.2402;158.1452;57.2699
15.97;0.2756;0.8915;0.7334;302.2402;158.1452;57.1826
15.98;0.2756;0.8915;0.7334;302.2402;158.1452;57.1705
16.00;0.2756;0.8915;0.7334;302.2402;158.1452;57.1727
16.02;0.2756;0.8915;0.7334;302.2402;158.1452;57.2022
16.03;0.2756;0.8915;0.7334;302.2402;158.1452;57.2022
16.05;0.2756;0.8915;0.7334;302.2402;158.1452;57.2022
16.07;0.2756;0.8914;0.7334;302.2402;158.1452;57.1562
16.08;0.2756;0.8914;0.7334;302.2402;158.1452;57.1901
16.10;0.2756;0.8914;0.7334;302.2402;158.1452;57.0731
16.12;0.2755;0.8914;0.7334;302.2402;158.1452;57.1463
16.13;0.2755;0.8914;0.7334;302.2402;158.1452;57.1463
16.15;0.2755;0.8914;0.7334;302.2402;158.1452;57.1463
16.17;0.2755;0.8914;0.7334;302.2402;158.1452;57.1463
16.18;0.2755;0.8914;0.7334;302.2402;158.1452;57.1463
16.20;0.2755;0.8914;0.7334;302.2402;158.1452;57.1463
16.22;0.2755;0.8914;0.7334;302.2402;158.1452;57.1463
16.23;0.2755;0.8914;0.7334;302.2402;158.1452;57.0926
16.25;0.2755;0.8914;0.7334;302.2402;158.1452;57.1364
16.27;0.2755;0.8914;0.7334;302.2402;158.1452;57.1364
16.28;0.2755;0.8914;0.7334;302.2402;158.1452;57.1364
16.30;0.2755;0.8914;0.7334;302.2402;158.1452;57.1388
16.32;0.2755;0.8914;0.7334;302.2402;158.1452;57.1388
16.33;0.2755;0.8914;0.7334;302.2402;158.1452;57.1388
16.35;0.2755;0.8914;0.7334;302.2402;158.1452;57.1388
16.37;0.2755;0.8914;0.7334;302.2402;158.1452;57.1388
16.38;0.2755;0.8914;0.7334;302.2402;158.1452;57.1388
16.40;0.2755;0.8914;0.7334;302.2402;158.1452;57.1388
16.42;0.2755;0.8914;0.7334;302.2402;158.1452;57.0656
16.43;0.2755;0.8914;0.7334;302.2402;158.1452;57.1825
16.45;0.2755;0.8914;0.7334;302.2402;158.1452;57.1412
16.47;0.2755;0.8913;0.7334;302.2402;158.1452;57.1215
16.48;0.2755;0.8913;0.7335;302.2402;158.1452;57.1191
16.50;0.2755;0.8912;0.7335;302.2402;158.1452;57.1195
16.52;0.2755;0.8912;0.7335;302.2402;158.1452;57.0901
16.53;0.2755;0.8912;0.7335;302.2402;158.1452;57.1633
16.55;0.2755;0.8912;0.7335;302.2402;158.1452;57.1759
16.57;0.2755;0.8911;0.7336;302.2402;158.1452;57.1881
16.58;0.2755;0.8911;0.7336;302.2402;158.1452;57.2613
16.60;0.2755;0.8910;0.7336;302.2402;158.1452;57.2078
16.62;0.2755;0.8910;0.7336;302.2402;158.1452;57.2417
16.63;0.2754;0.8910;0.7336;302.2402;158.1452;57.2318
16.65;0.2754;0.8909;0.7337;302.2402;158.1452;57.1390
16.67;0.2754;0.8908;0.7337;302.2402;158.1452;57.1492
16.68;0.2754;0.8908;0.7338;302.2402;158.1452;57.2763
16.70;0.2754;0.8907;0.7338;302.2402;158.1452;57.2231
16.72;0.2754;0.8906;0.7338;302.2402;158.1452;57.2035
16.73;0.2754;0.8906;0.7339;302.2402;158.1452;57.2668
16.75;0.2754;0.8906;0.7339;302.2402;158.1452;57.2472
16.77;0.2753;0.8904;0.7340;302.2402;158.1452;57.1944
16.78;0.2753;0.8904;0.7340;302.2402;158.1452;57.3112
16.80;0.2753;0.8904;0.7340;302.2402;158.1452;57.2676
16.82;0.2753;0.8904;0.7340;302.2402;158.1452;57.1747
16.83;0.2753;0.8904;0.7340;302.2402;158.1452;57.2480
16.85;0.2753;0.8903;0.7340;302.2402;158.1452;57.1751
16.87;0.2753;0.8902;0.7341;302.2402;158.1452;57.2363
16.88;0.2753;0.8901;0.7341;302.2402;158.1452;57.2367
16.90;0.2752;0.8901;0.7341;302.2402;158.1452;57.1635
16.92;0.2752;0.8900;0.7342;302.2402;158.1452;57.2370
16.93;0.2752;0.8900;0.7342;302.2402;158.1452;57.2370
16.95;0.2752;0.8900;0.7342;302.2402;158.1452;57.2272
16.97;0.2752;0.8900;0.7342;302.2402;158.1452;57.2174
16.98;0.2752;0.8900;0.7342;302.2402;158.1452;57.1879
17.00;0.2752;0.8900;0.7342;302.2402;158.1452;57.2174
17.02;0.2752;0.8900;0.7342;302.2402;158.1452;57.2153
17.03;0.2752;0.8900;0.7342;302.2402;158.1452;57.2153
17.05;0.2752;0.8900;0.7342;302.2402;158.1452;57.1400
17.07;0.2752;0.8900;0.7342;302.2402;158.1452;57.2153
17.08;0.2752;0.8900;0.7342;302.2402;158.1452;57.1400
17.10;0.2752;0.8900;0.7342;302.2402;158.1452;57.1400
17.12;0.2752;0.8899;0.7343;302.2402;158.1452;57.1595
17.13;0.2752;0.8899;0.7343;302.2402;158.1452;57.2034
17.15;0.2752;0.8899;0.7343;302.2402;158.1452;57.1497
17.17;0.2752;0.8899;0.7343;302.2402;158.1452;57.1676
17.18;0.2752;0.8898;0.7343;302.2402;158.1452;57.1876
17.20;0.2752;0.8898;0.7343;302.2402;158.1452;57.1778
17.22;0.2752;0.8897;0.7344;302.2402;158.1452;57.2079
17.23;0.2752;0.8897;0.7344;302.2402;158.1452;57.1981
17.25;0.2751;0.8896;0.7344;302.2402;158.1452;57.1252
17.27;0.2751;0.8895;0.7345;302.2402;158.1452;57.1548
17.28;0.2751;0.8893;0.7346;302.2402;158.1452;57.1093
17.30;0.2750;0.8892;0.7347;302.2402;158.1452;57.0466
17.32;0.2750;0.8891;0.7348;302.2402;158.1452;57.0691
17.33;0.2750;0.8890;0.7348;302.2402;158.1452;57.1182
17.35;0.2749;0.8888;0.7349;302.2402;158.1452;57.0334
17.37;0.2749;0.8886;0.7350;302.2402;158.1452;57.0241
17.38;0.2749;0.8885;0.7351;302.2402;158.1452;57.0006
17.40;0.2748;0.8884;0.7351;302.2402;158.1452;57.0107
17.42;0.2748;0.8883;0.7352;302.2402;158.1452;57.0477
17.43;0.2748;0.8883;0.7352;302.2402;158.1452;56.9925
17.45;0.2748;0.8883;0.7352;302.2402;158.1452;57.0393
17.47;0.2748;0.8883;0.7352;302.2402;158.1452;56.9576
17.48;0.2748;0.8883;0.7352;302.2402;158.1452;56.9663
17.50;0.2748;0.8883;0.7352;302.2402;158.1452;56.8931
17.52;0.2748;0.8883;0.7352;302.2402;158.1452;56.9862
17.53;0.2748;0.8883;0.7352;302.2402;158.1452;56.9111
17.55;0.2748;0.8882;0.7352;302.2402;158.1452;56.9311
17.57;0.2748;0.8882;0.7353;302.2402;158.1452;56.9412
17.58;0.2748;0.8882;0.7353;302.2402;158.1452;57.0144
17.60;0.2748;0.8882;0.7353;302.2402;158.1452;57.0045
17.62;0.2748;0.8881;0.7353;302.2402;158.1452;56.9500
17.63;0.2748;0.8881;0.7353;302.2402;158.1452;56.9195
17.65;0.2748;0.8881;0.7353;302.2402;158.1452;56.9480
17.67;0.2748;0.8881;0.7353;302.2402;158.1452;56.9195
17.68;0.2748;0.8881;0.7353;302.2402;158.1452;56.9499
17.70;0.2748;0.8881;0.7353;302.2402;158.1452;56.8649
17.72;0.2748;0.8881;0.7354;302.2402;158.1452;56.9197
17.73;0.2747;0.8880;0.7354;302.2402;158.1452;56.9383
17.75;0.2747;0.8879;0.7354;302.2402;158.1452;56.9484
17.77;0.2747;0.8879;0.7354;302.2402;158.1452;56.9684
17.78;0.2747;0.8879;0.7355;302.2402;158.1452;56.9585
17.80;0.2747;0.8878;0.7355;302.2402;158.1452;56.9201
17.82;0.2747;0.8878;0.7355;302.2402;158.1452;56.9302
17.83;0.2747;0.8878;0.7355;302.2402;158.1452;57.0034
17.85;0.2747;0.8877;0.7355;302.2402;158.1452;56.9488
17.87;0.2747;0.8877;0.7356;302.2402;158.1452;56.8736
17.88;0.2747;0.8877;0.7356;302.2402;158.1452;56.9469
17.90;0.2747;0.8877;0.7356;302.2402;158.1452;56.9370
17.92;0.2747;0.8877;0.7356;302.2402;158.1452;56.9569
17.93;0.2747;0.8877;0.7356;302.2402;158.1452;56.9569
17.95;0.2747;0.8876;0.7356;302.2402;158.1452;56.8819
17.97;0.2747;0.8876;0.7356;302.2402;158.1452;56.9452
17.98;0.2747;0.8876;0.7356;302.2402;158.1452;56.8719
18.00;0.2747;0.8876;0.7356;302.2402;158.1452;56.8719
18.02;0.2747;0.8876;0.7356;302.2402;158.1452;56.8719
18.03;0.2747;0.8876;0.7356;302.2402;158.1452;56.9150
18.05;0.2747;0.8876;0.7356;302.2402;158.1452;56.9433
18.07;0.2747;0.8876;0.7356;302.2402;158.1452;56.9533
18.08;0.2747;0.8876;0.7356;302.2402;158.1452;56.8800
18.10;0.2747;0.8876;0.7356;302.2402;158.1452;56.9533
18.12;0.2747;0.8876;0.7356;302.2402;158.1452;56.9533
18.13;0.2747;0.8876;0.7356;302.2402;158.1452;56.8800
18.15;0.2747;0.8876;0.7356;302.2402;158.1452;56.8782
18.17;0.2747;0.8876;0.7356;302.2402;158.1452;56.8782
18.18;0.2747;0.8876;0.7356;302.2402;158.1452;56.9515
18.20;0.2747;0.8876;0.7356;302.2402;158.1452;56.9232
18.22;0.2747;0.8876;0.7356;302.2402;158.1452;56.9515
18.23;0.2747;0.8876;0.7356;302.2402;158.1452;56.9533
18.25;0.2747;0.8876;0.7356;302.2402;158.1452;56.9515
18.27;0.2747;0.8876;0.7356;302.2402;158.1452;56.8783
18.28;0.2747;0.8876;0.7356;302.2402;158.1452;56.9232
18.30;0.2747;0.8876;0.7356;302.2402;158.1452;56.8783
18.32;0.2747;0.8876;0.7356;302.2402;158.1452;56.8783
18.33;0.2747;0.8876;0.7356;302.2402;158.1452;56.9515
18.35;0.2747;0.8876;0.7356;302.2402;158.1452;56.8783
18.37;0.2747;0.8876;0.7356;302.2402;158.1452;56.9515
18.38;0.2747;0.8876;0.7356;302.2402;158.1452;56.9964
18.40;0.2747;0.8876;0.7356;302.2402;158.1452;56.9515
18.42;0.2747;0.8876;0.7356;302.2402;158.1452;56.8782
18.43;0.2747;0.8876;0.7356;302.2402;158.1452;56.8782
18.45;0.2747;0.8876;0.7356;302.2402;158.1452;56.8782
18.47;0.2747;0.8877;0.7356;302.2402;158.1452;56.9315
18.48;0.2747;0.8877;0.7356;302.2402;158.1452;56.9315
18.50;0.2747;0.8877;0.7356;302.2402;158.1452;56.9315
18.52;0.2747;0.8877;0.7356;302.2402;158.1452;56.9315
18.53;0.2747;0.8877;0.7356;302.2402;158.1452;56.9315
18.55;0.2747;0.8877;0.7356;302.2402;158.1452;56.9114
18.57;0.2747;0.8877;0.7356;302.2402;158.1452;56.9114
18.58;0.2747;0.8877;0.7356;302.2402;158.1452;56.9114
18.60;0.2747;0.8877;0.7356;302.2402;158.1452;56.9114
18.62;0.2747;0.8877;0.7356;302.2402;158.1452;56.9114
18.63;0.2747;0.8877;0.7356;302.2402;158.1452;56.9114
18.65;0.2747;0.8877;0.7356;302.2402;158.1452;56.9114
18.67;0.2747;0.8877;0.7356;302.2402;158.1452;56.9114
18.68;0.2747;0.8877;0.7356;302.2402;158.1452;56.8382
18.70;0.2747;0.8877;0.7356;302.2402;158.1452;56.9114
18.72;0.2747;0.8877;0.7356;302.2402;158.1452;56.9114
18.73;0.2747;0.8877;0.7356;302.2402;158.1452;56.8364
18.75;0.2747;0.8877;0.7356;302.2402;158.1452;56.8182
18.77;0.2747;0.8877;0.7356;302.2402;158.1452;56.8914
18.78;0.2747;0.8877;0.7355;302.2402;158.1452;56.8996
18.80;0.2747;0.8877;0.7355;302.2402;158.1452;56.8281
18.82;0.2747;0.8877;0.7355;302.2402;158.1452;56.8081
18.83;0.2747;0.8877;0.7355;302.2402;158.1452;56.8081
18.85;0.2747;0.8877;0.7355;302.2402;158.1452;56.8813
18.87;0.2747;0.8877;0.7355;302.2402;158.1452;56.8813
18.88;0.2747;0.8877;0.7355;302.2402;158.1452;56.8099
18.90;0.2747;0.8877;0.7355;302.2402;158.1452;56.8813
18.92;0.2747;0.8877;0.7355;302.2402;158.1452;56.8081
18.93;0.2747;0.8877;0.7355;302.2402;158.1452;56.8081
18.95;0.2747;0.8877;0.7355;302.2402;158.1452;56.8732
18.97;0.2747;0.8877;0.7355;302.2402;158.1452;56.8000
18.98;0.2747;0.8877;0.7355;302.2402;158.1452;56.8732
19.00;0.2747;0.8877;0.7355;302.2402;158.1452;56.8732
19.02;0.2747;0.8877;0.7355;302.2402;158.1452;56.8000
19.03;0.2747;0.8877;0.7356;302.2402;158.1452;56.8932
19.05;0.2747;0.8877;0.7356;302.2402;158.1452;56.8200
19.07;0.2747;0.8877;0.7356;302.2402;158.1452;56.8932
19.08;0.2747;0.8877;0.7356;302.2402;158.1452;56.8200
19.10;0.2747;0.8877;0.7356;302.2402;158.1452;56.8932
19.12;0.2747;0.8877;0.7356;302.2402;158.1452;56.8914
19.13;0.2747;0.8877;0.7355;302.2402;158.1452;56.9031
19.15;0.2747;0.8877;0.7355;302.2402;158.1452;56.9031
19.17;0.2747;0.8878;0.7355;302.2402;158.1452;56.8099
19.18;0.2747;0.8878;0.7355;302.2402;158.1452;56.8930
19.20;0.2747;0.8878;0.7355;302.2402;158.1452;56.8198
19.22;0.2747;0.8878;0.7355;302.2402;158.1452;56.8198
19.23;0.2747;0.8878;0.7355;302.2402;158.1452;56.8930
19.25;0.2747;0.8878;0.7355;302.2402;158.1452;56.8712
19.27;0.2747;0.8878;0.7355;302.2402;158.1452;56.8097
19.28;0.2747;0.8878;0.7355;302.2402;158.1452;56.8829
19.30;0.2747;0.8878;0.7355;302.2402;158.1452;56.8097
19.32;0.2747;0.8878;0.7355;302.2402;158.1452;56.8829
19.33;0.2747;0.8879;0.7355;302.2402;158.1452;56.9078
19.35;0.2747;0.8879;0.7355;302.2402;158.1452;56.7897
19.37;0.2747;0.8879;0.7355;302.2402;158.1452;56.7697
19.38;0.2747;0.8879;0.7354;302.2402;158.1452;56.7796
19.40;0.2747;0.8879;0.7354;302.2402;158.1452;56.8528
19.42;0.2747;0.8879;0.7354;302.2402;158.1452;56.8627
19.43;0.2747;0.8880;0.7354;302.2402;158.1452;56.8726
19.45;0.2747;0.8880;0.7354;302.2402;158.1452;56.7994
19.47;0.2748;0.8880;0.7354;302.2402;158.1452;56.8942
19.48;0.2748;0.8881;0.7354;302.2402;158.1452;56.8942
19.50;0.2748;0.8881;0.7353;302.2402;158.1452;56.8659
19.52;0.2748;0.8881;0.7353;302.2402;158.1452;56.8328
19.53;0.2748;0.8881;0.7353;302.2402;158.1452;56.9159
19.55;0.2748;0.8882;0.7353;302.2402;158.1452;56.9706
19.57;0.2748;0.8882;0.7353;302.2402;158.1452;56.9157
19.58;0.2748;0.8882;0.7352;302.2402;158.1452;56.9157
19.60;0.2748;0.8882;0.7352;302.2402;158.1452;56.8873
19.62;0.2748;0.8882;0.7352;302.2402;158.1452;56.9275
19.63;0.2748;0.8882;0.7352;302.2402;158.1452;56.9275
19.65;0.2748;0.8882;0.7352;302.2402;158.1452;56.9275
19.67;0.2748;0.8883;0.7352;302.2402;158.1452;56.8343
19.68;0.2748;0.8883;0.7352;302.2402;158.1452;56.9095
19.70;0.2748;0.8883;0.7352;302.2402;158.1452;56.8343
19.72;0.2748;0.8883;0.7352;302.2402;158.1452;56.9095
19.73;0.2748;0.8883;0.7352;302.2402;158.1452;56.9075
19.75;0.2748;0.8883;0.7352;302.2402;158.1452;56.8908
19.77;0.2748;0.8883;0.7352;302.2402;158.1452;56.8689
19.78;0.2748;0.8883;0.7352;302.2402;158.1452;56.9221
19.80;0.2748;0.8884;0.7352;302.2402;158.1452;56.8587
19.82;0.2748;0.8884;0.7351;302.2402;158.1452;56.8991
19.83;0.2748;0.8884;0.7351;302.2402;158.1452;56.8687
19.85;0.2749;0.8885;0.7351;302.2402;158.1452;56.9090
19.87;0.2749;0.8885;0.7351;302.2402;158.1452;56.8437
19.88;0.2749;0.8885;0.7351;302.2402;158.1452;56.8256
19.90;0.2749;0.8886;0.7351;302.2402;158.1452;56.8988
19.92;0.2749;0.8886;0.7350;302.2402;158.1452;56.8802
19.93;0.2749;0.8886;0.7350;302.2402;158.1452;56.8454
19.95;0.2749;0.8886;0.7350;302.2402;158.1452;56.9186
19.97;0.2749;0.8886;0.7350;302.2402;158.1452;56.8799
19.98;0.2749;0.8886;0.7350;302.2402;158.1452;56.9105
20.00;0.2749;0.8887;0.7350;302.2402;158.1452;56.9204
20.02;0.2749;0.8887;0.7350;302.2402;158.1452;56.9749
20.03;0.2749;0.8887;0.7350;302.2402;158.1452;56.9769
20.05;0.2749;0.8888;0.7349;302.2402;158.1452;56.9766
20.07;0.2750;0.8889;0.7349;302.2402;158.1452;57.0130
20.08;0.2750;0.8889;0.7349;302.2402;158.1452;56.9842
20.10;0.2750;0.8889;0.7349;302.2402;158.1452;57.0673
20.12;0.2750;0.8889;0.7348;302.2402;158.1452;57.0792
20.13;0.2750;0.8889;0.7348;302.2402;158.1452;57.0792
20.15;0.2750;0.8890;0.7348;302.2402;158.1452;57.1353
20.17;0.2750;0.8890;0.7348;302.2402;158.1452;57.1597
20.18;0.2750;0.8890;0.7348;302.2402;158.1452;57.1616
20.20;0.2750;0.8890;0.7348;302.2402;158.1452;57.1714
20.22;0.2750;0.8891;0.7348;302.2402;158.1452;57.1813
20.23;0.2750;0.8891;0.7348;302.2402;158.1452;57.2373
20.25;0.2750;0.8891;0.7347;302.2402;158.1452;57.2373
20.27;0.2750;0.8891;0.7347;302.2402;158.1452;57.1739
20.28;0.2750;0.8891;0.7347;302.2402;158.1452;57.2291
20.30;0.2750;0.8891;0.7347;302.2402;158.1452;57.2291
20.32;0.2750;0.8891;0.7347;302.2402;158.1452;57.2291
20.33;0.2750;0.8891;0.7347;302.2402;158.1452;57.2291
20.35;0.2750;0.8891;0.7347;302.2402;158.1452;57.2291
20.37;0.2750;0.8892;0.7347;302.2402;158.1452;57.2098
20.38;0.2750;0.8892;0.7347;302.2402;158.1452;57.2389
20.40;0.2750;0.8892;0.7347;302.2402;158.1452;57.2098
20.42;0.2750;0.8893;0.7347;302.2402;158.1452;57.2295
20.43;0.2751;0.8893;0.7346;302.2402;158.1453;57.2926
20.45;0.2751;0.8894;0.7346;302.2402;158.1453;57.2824
20.47;0.2751;0.8896;0.7345;302.2402;158.1453;57.2720
20.48;0.2751;0.8896;0.7344;302.2402;158.1453;57.2819
20.50;0.2751;0.8897;0.7344;302.2402;158.1453;57.1985
20.52;0.2752;0.8898;0.7343;302.2402;158.1453;57.2914
20.53;0.2752;0.8898;0.7343;302.2402;158.1453;57.2280
20.55;0.2752;0.8899;0.7343;302.2402;158.1453;57.2198
20.57;0.2752;0.8900;0.7342;302.2402;158.1453;57.2648
20.58;0.2752;0.8900;0.7342;302.2402;158.1453;57.3186
20.60;0.2752;0.8900;0.7342;302.2402;158.1453;57.2552
20.62;0.2752;0.8901;0.7342;302.2402;158.1453;57.2665
20.63;0.2752;0.8901;0.7342;302.2402;158.1453;57.2052
20.65;0.2753;0.8901;0.7341;302.2402;158.1453;57.3219
20.67;0.2753;0.8902;0.7341;302.2402;158.1453;57.3359
20.68;0.2753;0.8902;0.7341;302.2402;158.1453;57.3180
20.70;0.2753;0.8902;0.7341;302.2402;158.1453;57.3180
20.72;0.2753;0.8902;0.7341;302.2402;158.1453;57.3299
20.73;0.2753;0.8902;0.7341;302.2402;158.1453;57.2688
20.75;0.2753;0.8903;0.7340;302.2402;158.1453;57.3141
20.77;0.2753;0.8904;0.7340;302.2402;158.1453;57.3696
20.78;0.2753;0.8904;0.7340;302.2402;158.1453;57.3817
20.80;0.2753;0.8904;0.7340;302.2402;158.1453;57.3915
20.82;0.2753;0.8905;0.7339;302.2402;158.1453;57.3934
20.83;0.2753;0.8905;0.7339;302.2402;158.1453;57.4032
20.85;0.2754;0.8906;0.7338;302.2402;158.1453;57.4484
20.87;0.2754;0.8907;0.7338;302.2402;158.1453;57.4703
20.88;0.2754;0.8907;0.7338;302.2402;158.1453;57.4801
20.90;0.2754;0.8908;0.7337;302.2402;158.1453;57.4723
20.92;0.2754;0.8908;0.7337;302.2402;158.1453;57.4821
20.93;0.2754;0.8909;0.7337;302.2402;158.1453;57.4919
20.95;0.2754;0.8909;0.7337;302.2402;158.1453;57.5546
20.97;0.2755;0.8910;0.7336;302.2402;158.1453;57.5268
20.98;0.2755;0.8910;0.7336;302.2402;158.1453;57.4336
21.00;0.2755;0.8911;0.7336;302.2402;158.1453;57.5166
21.02;0.2755;0.8911;0.7336;302.2402;158.1453;57.5287
21.03;0.2755;0.8911;0.7336;302.2402;158.1453;57.5385
21.05;0.2755;0.8912;0.7335;302.2402;158.1453;57.4981
21.07;0.2755;0.8913;0.7334;302.2402;158.1453;57.5630
21.08;0.2756;0.8914;0.7334;302.2402;158.1453;57.5626
21.10;0.2756;0.8915;0.7334;302.2402;158.1453;57.5748
21.12;0.2756;0.8915;0.7333;302.2402;158.1453;57.5768
21.13;0.2756;0.8916;0.7333;302.2402;158.1454;57.5764
