10.53;0.2879;0.8869;0.7166;312.4189;155.2908;83.5670
10.55;0.2877;0.8870;0.7166;312.3870;155.4019;83.4585
10.57;0.2875;0.8869;0.7165;312.4515;155.5006;83.4205
10.58;0.2876;0.8868;0.7165;312.4833;155.4367;83.4556
10.60;0.2875;0.8869;0.7165;312.4515;155.5241;83.4205
10.62;0.2872;0.8869;0.7165;312.4196;155.6588;83.3120
10.63;0.2873;0.8869;0.7166;312.4515;155.5948;83.4205
10.65;0.2872;0.8868;0.7166;312.4515;155.6184;83.4205
10.67;0.2873;0.8868;0.7167;312.4467;155.5439;83.4382
10.68;0.2873;0.8869;0.7169;312.3823;155.5158;83.4763
10.70;0.2873;0.8869;0.7169;312.3823;155.5158;83.4763
10.72;0.2872;0.8870;0.7170;312.3178;155.4877;83.4412
10.73;0.2873;0.8870;0.7172;312.2992;155.3925;83.5600
10.75;0.2874;0.8871;0.7173;312.2349;155.3406;83.5984
10.77;0.2873;0.8873;0.7175;312.0880;155.3447;83.6126
10.78;0.2873;0.8873;0.7175;312.0880;155.3447;83.6126
10.80;0.2874;0.8872;0.7175;312.1200;155.2572;83.6476
10.82;0.2874;0.8874;0.7178;312.0051;155.1970;83.6239
10.83;0.2872;0.8876;0.7180;311.8446;155.2032;83.5938
10.85;0.2874;0.8876;0.7182;311.8261;155.0839;83.6398
10.87;0.2873;0.8876;0.7183;311.7206;155.1270;83.5702
10.88;0.2874;0.8875;0.7184;311.7157;155.0289;83.5878
10.90;0.2873;0.8876;0.7186;311.5965;155.0748;83.4733
10.92;0.2871;0.8875;0.7186;311.5417;155.1737;83.4659
10.93;0.2871;0.8873;0.7186;311.5324;155.2061;83.3916
10.95;0.2871;0.8873;0.7187;311.4818;155.1748;83.3294
10.97;0.2869;0.8872;0.7188;311.3766;155.2429;83.3328
10.98;0.2869;0.8871;0.7187;311.3904;155.2643;83.3043
11.00;0.2870;0.8870;0.7187;311.4357;155.1975;83.3107
11.02;0.2869;0.8870;0.7188;311.3029;155.1996;83.2246
11.03;0.2870;0.8869;0.7188;311.2660;155.1427;83.2071
11.05;0.2870;0.8869;0.7188;311.2153;155.0878;83.2915
11.07;0.2868;0.8872;0.7190;310.9104;155.2104;83.2424
11.08;0.2867;0.8872;0.7190;310.8792;155.2756;83.2072
11.10;0.2866;0.8873;0.7190;310.7834;155.3114;83.2120
11.12;0.2863;0.8875;0.7191;310.6254;155.4783;83.0724
11.13;0.2861;0.8877;0.7192;310.4986;155.5801;83.0412
11.15;0.2861;0.8878;0.7194;310.4340;155.5267;83.0818
11.17;0.2858;0.8880;0.7195;310.2763;155.7184;82.8679
11.18;0.2855;0.8883;0.7197;310.0851;155.7910;82.8039
11.20;0.2854;0.8884;0.7198;309.9896;155.8272;82.7353
11.22;0.2853;0.8886;0.7200;309.8940;155.8635;82.6668
11.23;0.2852;0.8887;0.7201;309.7985;155.8998;82.5251
11.25;0.2852;0.8887;0.7201;309.8126;155.9221;82.4961
11.27;0.2850;0.8888;0.7202;309.7313;155.9808;82.3985
11.28;0.2849;0.8889;0.7204;309.6358;156.0172;82.3301
11.30;0.2850;0.8890;0.7205;309.5712;155.9631;82.3718
11.32;0.2850;0.8890;0.7205;309.5712;155.9631;82.2986
11.33;0.2848;0.8891;0.7205;309.5403;156.0536;82.1884
11.35;0.2848;0.8891;0.7206;309.4758;156.0229;82.1571
11.37;0.2847;0.8891;0.7207;309.4899;156.0690;81.9814
11.38;0.2847;0.8890;0.7206;309.5182;156.1140;81.8498
11.40;0.2846;0.8891;0.7208;309.4370;156.1731;81.8254
11.42;0.2847;0.8888;0.7206;309.5892;156.2027;81.7042
11.43;0.2845;0.8888;0.7207;309.5366;156.3068;81.5483
11.45;0.2845;0.8887;0.7206;309.5508;156.3293;81.5193
11.47;0.2845;0.8887;0.7207;309.5003;156.2979;81.4584
11.48;0.2846;0.8886;0.7207;309.5592;156.2521;81.5103
11.50;0.2846;0.8886;0.7207;309.5592;156.2521;81.5103
11.52;0.2846;0.8885;0.7207;309.5734;156.2745;81.4813
11.53;0.2845;0.8886;0.7208;309.4782;156.3116;81.4126
11.55;0.2844;0.8886;0.7208;309.4925;156.3576;81.3835
11.57;0.2844;0.8887;0.7209;309.4276;156.3038;81.4250
11.58;0.2844;0.8887;0.7209;309.4419;156.3264;81.3959
11.60;0.2845;0.8887;0.7211;309.3771;156.2726;81.4375
11.62;0.2843;0.8887;0.7211;309.3771;156.3197;81.4375
11.63;0.2845;0.8886;0.7211;309.4217;156.2514;81.5183
11.65;0.2843;0.8887;0.7212;309.3407;156.3345;81.4207
11.67;0.2842;0.8886;0.7212;309.3692;156.3797;81.3623
11.68;0.2842;0.8885;0.7211;309.3834;156.4022;81.3332
11.70;0.2842;0.8885;0.7211;309.3976;156.4247;81.3040
11.72;0.2841;0.8884;0.7211;309.3976;156.4483;81.3040
11.73;0.2841;0.8885;0.7212;309.3328;156.4182;81.3455
11.75;0.2841;0.8884;0.7212;309.3470;156.4408;81.3163
11.77;0.2842;0.8883;0.7212;309.3915;156.3725;81.3970
11.78;0.2841;0.8883;0.7212;309.3613;156.4633;81.2871
11.80;0.2841;0.8884;0.7213;309.2964;156.4097;81.3286
11.82;0.2841;0.8884;0.7213;309.2964;156.4097;81.3286
11.83;0.2841;0.8884;0.7212;309.2964;156.4097;81.3286
11.85;0.2842;0.8883;0.7212;309.3267;156.3187;81.3653
11.87;0.2841;0.8883;0.7212;309.3106;156.4323;81.2994
11.88;0.2842;0.8883;0.7212;309.3409;156.3414;81.3361
11.90;0.2842;0.8883;0.7212;309.3409;156.3414;81.3361
11.92;0.2841;0.8883;0.7213;309.2600;156.4011;81.3118
11.93;0.2841;0.8882;0.7212;309.3551;156.3875;81.3068
11.95;0.2841;0.8882;0.7212;309.3693;156.4101;81.2777
11.97;0.2841;0.8882;0.7214;309.3044;156.3564;81.3192
11.98;0.2841;0.8882;0.7213;309.3329;156.4252;81.2607
12.00;0.2841;0.8881;0.7213;309.3329;156.4252;81.2607
12.02;0.2842;0.8880;0.7213;309.3914;156.3796;81.3120
12.03;0.2842;0.8881;0.7214;309.3407;156.3486;81.2509
12.05;0.2842;0.8881;0.7214;309.3407;156.3486;81.2509
12.07;0.2842;0.8880;0.7214;309.3549;156.3713;81.2949
12.08;0.2842;0.8880;0.7214;309.3549;156.3712;81.2216
12.10;0.2843;0.8879;0.7214;309.3850;156.2805;81.3312
12.12;0.2842;0.8879;0.7214;309.3850;156.3041;81.3312
12.13;0.2842;0.8879;0.7214;309.3850;156.3041;81.2579
12.15;0.2842;0.8879;0.7214;309.3850;156.3041;81.3312
12.17;0.2842;0.8879;0.7214;309.3850;156.3276;81.3312
12.18;0.2841;0.8879;0.7215;309.3992;156.3738;81.3019
12.20;0.2841;0.8879;0.7215;309.3992;156.3738;81.2287
12.22;0.2841;0.8880;0.7216;309.3343;156.3203;81.2701
12.23;0.2843;0.8878;0.7215;309.4594;156.2161;81.3742
12.25;0.2841;0.8879;0.7215;309.4293;156.3303;81.3381
12.27;0.2841;0.8879;0.7215;309.4293;156.3538;81.2649
12.28;0.2840;0.8879;0.7215;309.4293;156.3774;81.3381
12.30;0.2840;0.8879;0.7216;309.4293;156.4010;81.2649
12.32;0.2839;0.8878;0.7216;309.4435;156.4471;81.3089
12.33;0.2839;0.8878;0.7216;309.4736;156.3801;81.3450
12.35;0.2839;0.8878;0.7216;309.4877;156.4262;81.3157
12.37;0.2839;0.8878;0.7216;309.4877;156.4498;81.3157
12.38;0.2838;0.8877;0.7216;309.5018;156.4959;81.2865
12.40;0.2838;0.8877;0.7216;309.5018;156.4959;81.2133
12.42;0.2838;0.8877;0.7217;309.4652;156.4877;81.1960
12.43;0.2837;0.8875;0.7215;309.5443;156.5634;81.1990
12.45;0.2837;0.8875;0.7217;309.4935;156.5327;81.1376
12.47;0.2837;0.8873;0.7216;309.5360;156.6003;81.1233
12.48;0.2837;0.8872;0.7216;309.5135;156.6147;81.0035
12.50;0.2836;0.8871;0.7216;309.5277;156.6372;81.0476
12.52;0.2836;0.8871;0.7217;309.5052;156.6518;81.0010
12.53;0.2836;0.8869;0.7216;309.5478;156.7192;80.9136
12.55;0.2837;0.8868;0.7217;309.5266;156.5985;80.9608
12.57;0.2836;0.8869;0.7218;309.4601;156.6813;80.9075
12.58;0.2836;0.8869;0.7219;309.3950;156.6285;80.9482
12.60;0.2836;0.8869;0.7219;309.3950;156.6285;80.9482
12.62;0.2836;0.8870;0.7220;309.3299;156.5756;80.9159
12.63;0.2836;0.8870;0.7220;309.3299;156.5756;80.9891
12.65;0.2836;0.8870;0.7220;309.3299;156.5756;80.9891
12.67;0.2837;0.8870;0.7220;309.3596;156.5086;81.0248
12.68;0.2836;0.8871;0.7222;309.2649;156.5461;80.9570
12.70;0.2836;0.8871;0.7222;309.2648;156.5461;80.9570
12.72;0.2836;0.8871;0.7222;309.2648;156.5461;81.0302
12.73;0.2836;0.8871;0.7222;309.2648;156.5461;81.0302
12.75;0.2836;0.8872;0.7223;309.1998;156.4929;81.0714
12.77;0.2837;0.8870;0.7222;309.2945;156.4555;81.0659
12.78;0.2836;0.8871;0.7222;309.2790;156.5688;81.0009
12.80;0.2836;0.8871;0.7222;309.2790;156.5688;81.0009
12.82;0.2836;0.8871;0.7222;309.2790;156.5688;81.0009
12.83;0.2835;0.8870;0.7221;309.2790;156.5688;81.0009
12.85;0.2835;0.8870;0.7221;309.2932;156.5915;80.9716
12.87;0.2835;0.8870;0.7221;309.2932;156.5915;80.8983
12.88;0.2835;0.8869;0.7221;309.3073;156.6142;80.9423
12.90;0.2836;0.8869;0.7221;309.3369;156.5235;80.9779
12.92;0.2836;0.8868;0.7221;309.3510;156.5462;80.9486
12.93;0.2836;0.8868;0.7221;309.3510;156.5462;80.9486
12.95;0.2836;0.8868;0.7221;309.3510;156.5462;80.9486
12.97;0.2836;0.8868;0.7221;309.3510;156.5462;80.9486
12.98;0.2836;0.8868;0.7221;309.3510;156.5462;80.9486
13.00;0.2836;0.8868;0.7221;309.3510;156.5462;80.9486
13.02;0.2836;0.8868;0.7221;309.3652;156.5688;80.9193
13.03;0.2837;0.8867;0.7221;309.3794;156.5679;80.8901
13.05;0.2837;0.8867;0.7221;309.3794;156.5679;80.8901
13.07;0.2837;0.8867;0.7220;309.3794;156.5679;80.8901
13.08;0.2837;0.8867;0.7220;309.3936;156.5905;80.8608
13.10;0.2838;0.8866;0.7220;309.4372;156.5225;80.8670
13.12;0.2838;0.8865;0.7220;309.4514;156.5451;80.8378
13.13;0.2835;0.8865;0.7220;309.4361;156.6817;80.7732
13.15;0.2837;0.8865;0.7221;309.4003;156.5386;80.8492
13.17;0.2836;0.8864;0.7221;309.4286;156.6074;80.7907
13.18;0.2836;0.8864;0.7221;309.4428;156.6300;80.7615
13.20;0.2834;0.8863;0.7220;309.4277;156.7430;80.6970
13.22;0.2836;0.8862;0.7220;309.4854;156.6975;80.6740
13.23;0.2835;0.8860;0.7220;309.5138;156.7425;80.6890
13.25;0.2834;0.8860;0.7220;309.5280;156.7885;80.5866
13.27;0.2833;0.8859;0.7220;309.5422;156.8816;80.5575
13.28;0.2832;0.8858;0.7220;309.5564;156.9276;80.5284
13.30;0.2831;0.8858;0.7220;309.5564;156.9512;80.5285
13.32;0.2830;0.8857;0.7220;309.5849;157.0195;80.4703
13.33;0.2830;0.8857;0.7221;309.5337;157.0137;80.5545
13.35;0.2830;0.8857;0.7221;309.5479;157.0361;80.4522
13.37;0.2829;0.8857;0.7222;309.4968;157.0302;80.4631
13.38;0.2828;0.8857;0.7222;309.5110;157.0762;80.4340
13.40;0.2830;0.8856;0.7222;309.5400;156.9858;80.4690
13.42;0.2829;0.8857;0.7224;309.4747;156.9574;80.5090
13.43;0.2829;0.8857;0.7224;309.4889;157.0035;80.5531
13.45;0.2829;0.8858;0.7225;309.4235;156.9516;80.5200
13.47;0.2830;0.8857;0.7225;309.4667;156.8836;80.5990
13.48;0.2829;0.8858;0.7226;309.3865;156.9446;80.5750
13.50;0.2830;0.8858;0.7227;309.3643;156.8247;80.6210
13.52;0.2830;0.8858;0.7228;309.3643;156.8483;80.6210
13.53;0.2830;0.8858;0.7229;309.3131;156.8187;80.5588
13.55;0.2830;0.8858;0.7229;309.3272;156.8414;80.5294
13.57;0.2829;0.8858;0.7230;309.2760;156.8355;80.5405
13.58;0.2831;0.8857;0.7230;309.3332;156.7904;80.5166
13.60;0.2829;0.8858;0.7231;309.2530;156.8515;80.4928
13.62;0.2830;0.8856;0.7231;309.3102;156.8064;80.4688
13.63;0.2829;0.8858;0.7233;309.2159;156.8448;80.5477
13.65;0.2830;0.8857;0.7233;309.2448;156.7779;80.5092
13.67;0.2830;0.8858;0.7234;309.1935;156.7720;80.5935
13.68;0.2830;0.8859;0.7235;309.1282;156.7196;80.5609
13.70;0.2828;0.8859;0.7235;309.1134;156.8330;80.4967
13.72;0.2828;0.8858;0.7235;309.1275;156.8559;80.4672
13.73;0.2829;0.8858;0.7236;309.1051;156.7359;80.5130
13.75;0.2829;0.8857;0.7236;309.1191;156.7588;80.4835
13.77;0.2829;0.8856;0.7237;309.0960;156.7752;80.4355
13.78;0.2829;0.8856;0.7237;309.0588;156.7688;80.4170
13.80;0.2827;0.8856;0.7237;309.0442;156.8823;80.3529
13.82;0.2828;0.8854;0.7237;309.1011;156.8375;80.3285
13.83;0.2828;0.8853;0.7238;309.0780;156.8777;80.2803
13.85;0.2827;0.8852;0.7237;309.0921;156.9007;80.3241
13.87;0.2827;0.8852;0.7238;309.0690;156.9174;80.2027
13.88;0.2827;0.8850;0.7238;309.0972;156.9631;80.2170
13.90;0.2827;0.8851;0.7239;309.0458;156.9342;80.1545
13.92;0.2827;0.8849;0.7238;309.0883;156.9793;80.0661
13.93;0.2827;0.8849;0.7239;309.0509;156.9735;80.0473
13.95;0.2826;0.8849;0.7239;309.0227;157.0641;80.0130
13.97;0.2826;0.8849;0.7240;308.9712;157.0354;80.0236
13.98;0.2826;0.8849;0.7240;308.9712;157.0354;80.0236
14.00;0.2825;0.8849;0.7240;308.9854;157.0583;79.9941
14.02;0.2825;0.8849;0.7241;308.9481;157.0526;79.9753
14.03;0.2825;0.8848;0.7241;308.9623;157.0755;79.9458
14.05;0.2825;0.8849;0.7242;308.8966;157.0240;79.9859
14.07;0.2827;0.8848;0.7242;308.9389;156.9562;79.9906
14.08;0.2825;0.8848;0.7242;308.9250;157.0935;79.9268
14.10;0.2824;0.8847;0.7242;308.9391;157.1164;79.8974
14.12;0.2824;0.8847;0.7242;308.9534;157.1393;79.8679
14.13;0.2824;0.8847;0.7243;308.9018;157.1344;79.8784
14.15;0.2824;0.8847;0.7243;308.9160;157.1574;79.8489
14.17;0.2824;0.8847;0.7243;308.9302;157.1803;79.8194
14.18;0.2823;0.8847;0.7245;308.8787;157.1755;79.8299
14.20;0.2823;0.8847;0.7245;308.8929;157.1985;79.8004
14.22;0.2822;0.8847;0.7245;308.8935;157.3351;79.7073
14.23;0.2822;0.8846;0.7246;308.8698;157.2396;79.7518
14.25;0.2821;0.8847;0.7247;308.7903;157.3022;79.7281
14.27;0.2823;0.8847;0.7247;308.8181;157.2113;79.7622
14.28;0.2822;0.8848;0.7249;308.7524;157.1835;79.8023
14.30;0.2822;0.8848;0.7249;308.7524;157.1835;79.8023
14.32;0.2822;0.8849;0.7250;308.6866;157.1319;79.9157
14.33;0.2822;0.8849;0.7250;308.6866;157.1319;79.8425
14.35;0.2822;0.8849;0.7250;308.6866;157.1319;79.9157
14.37;0.2823;0.8850;0.7252;308.6208;157.0802;79.8829
14.38;0.2822;0.8849;0.7252;308.6350;157.1270;79.8531
14.40;0.2822;0.8849;0.7252;308.6350;157.1270;79.8531
14.42;0.2820;0.8849;0.7252;308.6213;157.2647;79.7893
14.43;0.2820;0.8850;0.7253;308.5698;157.2363;79.8000
14.45;0.2821;0.8850;0.7253;308.5976;157.1453;79.8341
14.47;0.2821;0.8850;0.7253;308.5976;157.1453;79.8341
14.48;0.2821;0.8849;0.7253;308.6118;157.1686;79.8043
14.50;0.2821;0.8849;0.7253;308.6118;157.1686;79.8043
14.52;0.2820;0.8850;0.7254;308.5182;157.2079;79.8107
14.53;0.2819;0.8849;0.7253;308.6124;157.3295;79.7108
14.55;0.2819;0.8850;0.7255;308.5608;157.3013;79.7214
14.57;0.2818;0.8848;0.7254;308.6746;157.5101;79.5574
14.58;0.2818;0.8848;0.7254;308.7175;157.5793;79.3955
14.60;0.2816;0.8848;0.7254;308.6814;157.7118;79.2832
14.62;0.2816;0.8847;0.7253;308.7531;157.8267;79.1360
14.63;0.2814;0.8842;0.7256;308.7531;157.8267;79.1501
14.65;0.2814;0.8841;0.7257;308.7531;157.8267;79.1958
14.67;0.2814;0.8840;0.7257;308.7531;157.8266;79.1253
14.68;0.2813;0.8839;0.7259;308.7531;157.8267;79.0978
14.70;0.2813;0.8838;0.7259;308.7531;157.8267;79.0818
14.72;0.2812;0.8836;0.7261;308.7531;157.8267;79.0803
14.73;0.2812;0.8834;0.7262;308.7531;157.8267;79.1012
14.75;0.2811;0.8833;0.7263;308.7531;157.8267;79.2113
14.77;0.2811;0.8832;0.7264;308.7531;157.8267;79.2194
14.78;0.2811;0.8830;0.7265;308.7531;157.8267;79.1660
14.80;0.2811;0.8830;0.7265;308.7531;157.8267;79.1847
14.82;0.2810;0.8830;0.7265;308.7531;157.8267;79.2286
14.83;0.2810;0.8829;0.7265;308.7531;157.8267;79.2846
14.85;0.2810;0.8829;0.7265;308.7531;157.8266;79.2473
14.87;0.2810;0.8829;0.7265;308.7531;157.8267;79.2478
14.88;0.2810;0.8829;0.7266;308.7531;157.8267;79.3038
14.90;0.2810;0.8829;0.7266;308.7531;157.8266;79.2551
14.92;0.2810;0.8829;0.7266;308.7531;157.8266;79.2436
14.93;0.2810;0.8829;0.7266;308.7531;157.8266;79.2441
14.95;0.2810;0.8829;0.7266;308.7531;157.8266;79.2325
14.97;0.2810;0.8828;0.7266;308.7531;157.8266;79.2588
14.98;0.2810;0.8828;0.7267;308.7531;157.8266;79.2100
15.00;0.2810;0.8828;0.7267;308.7531;157.8266;79.2095
15.02;0.2810;0.8827;0.7267;308.7531;157.8266;79.2363
15.03;0.2810;0.8827;0.7267;308.7531;157.8266;79.2363
15.05;0.2810;0.8827;0.7267;308.7531;157.8266;79.2363
15.07;0.2810;0.8827;0.7267;308.7531;157.8266;79.2248
15.08;0.2810;0.8827;0.7267;308.7531;157.8266;79.2981
15.10;0.2810;0.8827;0.7267;308.7531;157.8266;79.2248
15.12;0.2810;0.8827;0.7267;308.7531;157.8266;79.2248
15.13;0.2810;0.8827;0.7267;308.7531;157.8266;79.2248
15.15;0.2810;0.8827;0.7267;308.7531;157.8266;79.2981
15.17;0.2809;0.8826;0.7268;308.7531;157.8266;79.2201
15.18;0.2809;0.8826;0.7268;308.7531;157.8266;79.2201
15.20;0.2809;0.8826;0.7268;308.7531;157.8266;79.2087
15.22;0.2809;0.8826;0.7268;308.7531;157.8266;79.1891
15.23;0.2809;0.8825;0.7268;308.7531;157.8266;79.2453
15.25;0.2809;0.8825;0.7268;308.7531;157.8266;79.2339
15.27;0.2809;0.8825;0.7269;308.7531;157.8266;79.2407
15.28;0.2809;0.8824;0.7269;308.7531;157.8266;79.2475
15.30;0.2809;0.8824;0.7269;308.7531;157.8266;79.2360
15.32;0.2809;0.8823;0.7270;308.7531;157.8266;79.2434
15.33;0.2808;0.8823;0.7270;308.7531;157.8266;79.2503
15.35;0.2808;0.8823;0.7271;308.7531;157.8266;79.2503
15.37;0.2808;0.8822;0.7271;308.7531;157.8266;79.2462
15.38;0.2808;0.8822;0.7271;308.7531;157.8266;79.2347
15.40;0.2808;0.8822;0.7271;308.7531;157.8266;79.2347
15.42;0.2808;0.8821;0.7271;308.7531;157.8266;79.2421
15.43;0.2808;0.8821;0.7272;308.7531;157.8266;79.2374
15.45;0.2808;0.8821;0.7272;308.7531;157.8266;79.2374
15.47;0.2808;0.8820;0.7272;308.7531;157.8266;79.2265
15.48;0.2807;0.8820;0.7273;308.7531;157.8266;79.2334
15.50;0.2807;0.8819;0.7273;308.7531;157.8266;79.2517
15.52;0.2807;0.8819;0.7273;308.7531;157.8266;79.2585
15.53;0.2807;0.8818;0.7274;308.7531;157.8266;79.2660
15.55;0.2807;0.8818;0.7274;308.7531;157.8266;79.2660
15.57;0.2807;0.8818;0.7274;308.7531;157.8266;79.2729
15.58;0.2807;0.8817;0.7274;308.7531;157.8266;79.2912
15.60;0.2807;0.8817;0.7274;308.7531;157.8266;79.2797
15.62;0.2807;0.8817;0.7275;308.7531;157.8266;79.2980
15.63;0.2807;0.8817;0.7275;308.7531;157.8266;79.2872
15.65;0.2807;0.8817;0.7275;308.7531;157.8266;79.2872
15.67;0.2807;0.8817;0.7275;308.7531;157.8266;79.2865
15.68;0.2807;0.8817;0.7275;308.7531;157.8266;79.2490
15.70;0.2806;0.8817;0.7275;308.7531;157.8266;79.2757
15.72;0.2806;0.8816;0.7275;308.7531;157.8266;79.2757
15.73;0.2806;0.8816;0.7275;308.7531;157.8266;79.2750
15.75;0.2806;0.8816;0.7275;308.7531;157.8266;79.2757
15.77;0.2806;0.8816;0.7275;308.7531;157.8266;79.2757
15.78;0.2806;0.8816;0.7275;308.7531;157.8266;79.2986
15.80;0.2806;0.8816;0.7275;308.7531;157.8266;79.2986
15.82;0.2806;0.8816;0.7275;308.7531;157.8266;79.2642
15.83;0.2806;0.8816;0.7275;308.7531;157.8266;79.2642
15.85;0.2806;0.8816;0.7275;308.7531;157.8266;79.2757
15.87;0.2806;0.8816;0.7275;308.7531;157.8266;79.2756
15.88;0.2806;0.8816;0.7275;308.7531;157.8266;79.3483
15.90;0.2806;0.8816;0.7275;308.7531;157.8266;79.2756
15.92;0.2806;0.8816;0.7275;308.7531;157.8266;79.2756
15.93;0.2806;0.8816;0.7275;308.7531;157.8266;79.3138
15.95;0.2806;0.8816;0.7275;308.7531;157.8266;79.2756
15.97;0.2806;0.8816;0.7275;308.7531;157.8266;79.2756
15.98;0.2806;0.8816;0.7275;308.7531;157.8266;79.2756
16.00;0.2806;0.8816;0.7275;308.7531;157.8266;79.3482
16.02;0.2806;0.8816;0.7275;308.7531;157.8266;79.2756
16.03;0.2806;0.8816;0.7275;308.7531;157.8266;79.2756
16.05;0.2806;0.8816;0.7275;308.7531;157.8266;79.2756
16.07;0.2806;0.8816;0.7275;308.7531;157.8266;79.2573
16.08;0.2806;0.8816;0.7275;308.7531;157.8266;79.2573
16.10;0.2806;0.8816;0.7275;308.7531;157.8266;79.2573
16.12;0.2806;0.8816;0.7275;308.7531;157.8266;79.2573
16.13;0.2806;0.8817;0.7275;308.7531;157.8266;79.2390
16.15;0.2806;0.8817;0.7275;308.7531;157.8266;79.2390
16.17;0.2806;0.8817;0.7275;308.7531;157.8266;79.2383
16.18;0.2806;0.8817;0.7275;308.7531;157.8266;79.2383
16.20;0.2806;0.8817;0.7275;308.7531;157.8266;79.2390
16.22;0.2806;0.8816;0.7275;308.7531;157.8266;79.2567
16.23;0.2806;0.8816;0.7275;308.7531;157.8266;79.2567
16.25;0.2806;0.8816;0.7275;308.7531;157.8266;79.2567
16.27;0.2806;0.8816;0.7275;308.7531;157.8266;79.2567
16.28;0.2806;0.8817;0.7275;308.7531;157.8266;79.2390
16.30;0.2806;0.8817;0.7275;308.7531;157.8266;79.2383
16.32;0.2806;0.8817;0.7275;308.7531;157.8266;79.2383
16.33;0.2806;0.8817;0.7275;308.7531;157.8266;79.2383
16.35;0.2806;0.8817;0.7275;308.7531;157.8266;79.2377
16.37;0.2806;0.8817;0.7275;308.7531;157.8266;79.2377
16.38;0.2806;0.8817;0.7275;308.7531;157.8266;79.2377
16.40;0.2806;0.8817;0.7275;308.7531;157.8266;79.2377
16.42;0.2806;0.8817;0.7275;308.7531;157.8266;79.2372
16.43;0.2807;0.8817;0.7275;308.7531;157.8267;79.2188
16.45;0.2807;0.8817;0.7275;308.7531;157.8267;79.2188
16.47;0.2807;0.8817;0.7275;308.7531;157.8267;79.2188
16.48;0.2807;0.8817;0.7275;308.7531;157.8267;79.2298
16.50;0.2807;0.8817;0.7275;308.7531;157.8267;79.2298
16.52;0.2807;0.8817;0.7275;308.7531;157.8267;79.2408
16.53;0.2807;0.8817;0.7275;308.7531;157.8267;79.2408
16.55;0.2807;0.8817;0.7275;308.7531;157.8267;79.2788
16.57;0.2807;0.8817;0.7274;308.7531;157.8267;79.2518
16.58;0.2807;0.8817;0.7274;308.7531;157.8267;79.2898
16.60;0.2807;0.8817;0.7274;308.7531;157.8267;79.2898
16.62;0.2807;0.8817;0.7274;308.7531;157.8267;79.3012
16.63;0.2807;0.8818;0.7274;308.7531;157.8267;79.3127
16.65;0.2807;0.8818;0.7274;308.7531;157.8267;79.3242
16.67;0.2807;0.8818;0.7274;308.7531;157.8267;79.3356
16.68;0.2807;0.8818;0.7274;308.7531;157.8267;79.3356
16.70;0.2807;0.8818;0.7274;308.7531;157.8267;79.3735
16.72;0.2807;0.8818;0.7274;308.7531;157.8267;79.4463
16.73;0.2807;0.8818;0.7274;308.7531;157.8267;79.3621
16.75;0.2807;0.8818;0.7274;308.7531;157.8267;79.3621
16.77;0.2807;0.8818;0.7274;308.7531;157.8267;79.3616
16.78;0.2807;0.8818;0.7274;308.7531;157.8267;79.3616
16.80;0.2807;0.8818;0.7274;308.7531;157.8267;79.3616
16.82;0.2807;0.8818;0.7274;308.7531;157.8267;79.3799
16.83;0.2807;0.8818;0.7274;308.7531;157.8267;79.3621
16.85;0.2807;0.8818;0.7274;308.7531;157.8267;79.3621
16.87;0.2807;0.8818;0.7274;308.7531;157.8267;79.3994
16.88;0.2807;0.8818;0.7274;308.7531;157.8267;79.3616
16.90;0.2807;0.8818;0.7274;308.7531;157.8267;79.3616
16.92;0.2807;0.8818;0.7274;308.7531;157.8267;79.4161
16.93;0.2807;0.8818;0.7274;308.7531;157.8267;79.3807
16.95;0.2807;0.8818;0.7274;308.7531;157.8267;79.3245
16.97;0.2807;0.8819;0.7274;308.7531;157.8267;79.3356
16.98;0.2807;0.8819;0.7274;308.7531;157.8267;79.3734
17.00;0.2807;0.8819;0.7274;308.7531;157.8267;79.4085
17.02;0.2807;0.8819;0.7274;308.7531;157.8267;79.3727
17.03;0.2807;0.8819;0.7273;308.7531;157.8267;79.3841
17.05;0.2807;0.8819;0.7273;308.7531;157.8267;79.3841
17.07;0.2807;0.8819;0.7273;308.7531;157.8267;79.3838
17.08;0.2807;0.8819;0.7273;308.7531;157.8267;79.3585
17.10;0.2807;0.8820;0.7273;308.7531;157.8267;79.3514
17.12;0.2808;0.8820;0.7272;308.7531;157.8267;79.4004
17.13;0.2808;0.8821;0.7272;308.7531;157.8267;79.4535
17.15;0.2808;0.8821;0.7271;308.7531;157.8267;79.4352
17.17;0.2808;0.8823;0.7271;308.7531;157.8267;79.4139
17.18;0.2809;0.8823;0.7270;308.7531;157.8267;79.4181
17.20;0.2809;0.8824;0.7269;308.7531;157.8267;79.4598
17.22;0.2809;0.8825;0.7269;308.7531;157.8267;79.4752
17.23;0.2809;0.8826;0.7268;308.7531;157.8267;79.4723
17.25;0.2810;0.8827;0.7267;308.7531;157.8267;79.4653
17.27;0.2810;0.8828;0.7267;308.7531;157.8267;79.5180
17.28;0.2810;0.8828;0.7266;308.7531;157.8267;79.5111
17.30;0.2810;0.8829;0.7266;308.7531;157.8267;79.5042
17.32;0.2810;0.8829;0.7265;308.7531;157.8267;79.4974
17.33;0.2810;0.8830;0.7265;308.7531;157.8267;79.5457
17.35;0.2811;0.8830;0.7265;308.7531;157.8267;79.5388
17.37;0.2811;0.8831;0.7265;308.7531;157.8267;79.6236
17.38;0.2811;0.8831;0.7264;308.7531;157.8267;79.5983
17.40;0.2811;0.8831;0.7264;308.7531;157.8267;79.6718
17.42;0.2811;0.8831;0.7264;308.7531;157.8267;79.6213
17.43;0.2811;0.8832;0.7264;308.7531;157.8267;79.6329
17.45;0.2811;0.8832;0.7264;308.7531;157.8267;79.6329
17.47;0.2811;0.8832;0.7263;308.7531;157.8267;79.6627
17.48;0.2811;0.8833;0.7263;308.7531;157.8267;79.6743
17.50;0.2811;0.8833;0.7263;308.7531;157.8267;79.6560
17.52;0.2811;0.8833;0.7263;308.7531;157.8267;79.6564
17.53;0.2812;0.8833;0.7263;308.7531;157.8267;79.6676
17.55;0.2812;0.8833;0.7263;308.7531;157.8267;79.7040
17.57;0.2812;0.8833;0.7263;308.7531;157.8267;79.7044
17.58;0.2812;0.8834;0.7262;308.7531;157.8267;79.7706
17.60;0.2812;0.8834;0.7262;308.7531;157.8267;79.7523
17.62;0.2812;0.8834;0.7262;308.7531;157.8267;79.7635
17.63;0.2812;0.8834;0.7262;308.7531;157.8267;79.7382
17.65;0.2812;0.8835;0.7262;308.7531;157.8267;79.7751
17.67;0.2812;0.8835;0.7261;308.7531;157.8267;79.7199
17.68;0.2812;0.8835;0.7261;308.7531;157.8267;79.7936
17.70;0.2812;0.8835;0.7261;308.7531;157.8267;79.7936
17.72;0.2812;0.8835;0.7261;308.7531;157.8267;79.8299
17.73;0.2812;0.8835;0.7261;308.7531;157.8267;79.7566
17.75;0.2812;0.8835;0.7261;308.7531;157.8267;79.8415
17.77;0.2812;0.8835;0.7261;308.7531;157.8267;79.8777
17.78;0.2812;0.8835;0.7261;308.7531;157.8267;79.8044
17.80;0.2812;0.8835;0.7261;308.7531;157.8267;79.8049
17.82;0.2812;0.8835;0.7261;308.7531;157.8267;79.8415
17.83;0.2812;0.8835;0.7261;308.7531;157.8267;79.9148
17.85;0.2812;0.8835;0.7261;308.7531;157.8267;79.8054
17.87;0.2812;0.8835;0.7261;308.7531;157.8267;79.9153
17.88;0.2812;0.8835;0.7261;308.7531;157.8267;79.9159
17.90;0.2812;0.8835;0.7261;308.7531;157.8267;79.9159
17.92;0.2812;0.8835;0.7261;308.7531;157.8267;79.8426
17.93;0.2812;0.8835;0.7261;308.7531;157.8267;79.9166
17.95;0.2812;0.8835;0.7261;308.7531;157.8267;79.9166
17.97;0.2812;0.8835;0.7261;308.7531;157.8267;79.9166
17.98;0.2812;0.8835;0.7261;308.7531;157.8267;79.9166
18.00;0.2812;0.8835;0.7261;308.7531;157.8267;79.8433
18.02;0.2812;0.8835;0.7261;308.7531;157.8267;79.8433
18.03;0.2812;0.8835;0.7261;308.7531;157.8267;79.8250
18.05;0.2812;0.8835;0.7261;308.7531;157.8267;79.8250
18.07;0.2812;0.8835;0.7261;308.7531;157.8267;79.8250
18.08;0.2812;0.8835;0.7261;308.7531;157.8267;79.8250
18.10;0.2812;0.8835;0.7261;308.7531;157.8267;79.8983
18.12;0.2812;0.8835;0.7261;308.7531;157.8267;79.8250
18.13;0.2812;0.8835;0.7261;308.7531;157.8267;79.9165
18.15;0.2812;0.8835;0.7261;308.7531;157.8267;79.8433
18.17;0.2812;0.8835;0.7261;308.7531;157.8267;79.8439
18.18;0.2812;0.8835;0.7261;308.7531;157.8267;79.9165
18.20;0.2812;0.8835;0.7261;308.7531;157.8267;79.9165
18.22;0.2812;0.8835;0.7261;308.7531;157.8267;79.8250
18.23;0.2812;0.8835;0.7261;308.7531;157.8267;79.8983
18.25;0.2812;0.8835;0.7261;308.7531;157.8267;79.8983
18.27;0.2812;0.8835;0.7261;308.7531;157.8267;79.9342
18.28;0.2812;0.8836;0.7261;308.7531;157.8267;79.8720
18.30;0.2812;0.8836;0.7261;308.7531;157.8267;79.9453
18.32;0.2812;0.8836;0.7261;308.7531;157.8267;79.9453
18.33;0.2812;0.8836;0.7260;308.7531;157.8267;79.8837
18.35;0.2812;0.8836;0.7260;308.7531;157.8267;79.9563
18.37;0.2813;0.8836;0.7260;308.7531;157.8267;79.9300
18.38;0.2813;0.8837;0.7260;308.7531;157.8267;79.9961
18.40;0.2813;0.8837;0.7260;308.7531;157.8267;79.9339
18.42;0.2813;0.8837;0.7260;308.7531;157.8267;80.0253
18.43;0.2813;0.8838;0.7259;308.7531;157.8267;80.0181
18.45;0.2813;0.8838;0.7259;308.7531;157.8267;80.0187
18.47;0.2813;0.8838;0.7259;308.7531;157.8267;80.0187
18.48;0.2813;0.8839;0.7259;308.7531;157.8267;79.9850
18.50;0.2813;0.8839;0.7259;308.7531;157.8267;80.0583
18.52;0.2813;0.8839;0.7258;308.7531;157.8267;80.0589
18.53;0.2813;0.8839;0.7258;308.7531;157.8267;80.0517
18.55;0.2813;0.8839;0.7258;308.7531;157.8267;80.0873
18.57;0.2813;0.8839;0.7258;308.7531;157.8267;80.0140
18.58;0.2813;0.8839;0.7258;308.7531;157.8267;80.0990
18.60;0.2814;0.8840;0.7258;308.7531;157.8267;80.0990
18.62;0.2814;0.8840;0.7258;308.7531;157.8267;80.0723
18.63;0.2814;0.8840;0.7258;308.7531;157.8267;80.0367
18.65;0.2814;0.8840;0.7258;308.7531;157.8267;80.0833
18.67;0.2814;0.8840;0.7257;308.7531;157.8267;80.0839
18.68;0.2814;0.8841;0.7257;308.7531;157.8267;80.1499
18.70;0.2814;0.8841;0.7257;308.7531;157.8267;80.0876
18.72;0.2814;0.8841;0.7257;308.7531;157.8267;80.1055
18.73;0.2814;0.8842;0.7256;308.7531;157.8267;80.1715
18.75;0.2814;0.8842;0.7256;308.7531;157.8267;80.1092
18.77;0.2814;0.8843;0.7256;308.7531;157.8267;80.1862
18.78;0.2815;0.8843;0.7255;308.7531;157.8267;80.1979
18.80;0.2815;0.8843;0.7255;308.7531;157.8267;80.1526
18.82;0.2815;0.8843;0.7255;308.7531;157.8267;80.1526
18.83;0.2815;0.8844;0.7255;308.7531;157.8267;80.1344
18.85;0.2815;0.8844;0.7255;308.7531;157.8267;80.2083
18.87;0.2815;0.8844;0.7255;308.7531;157.8267;80.2186
18.88;0.2815;0.8844;0.7255;308.7531;157.8267;80.1459
18.90;0.2815;0.8844;0.7254;308.7531;157.8267;80.1569
18.92;0.2815;0.8845;0.7254;308.7531;157.8267;80.2412
18.93;0.2815;0.8845;0.7254;308.7531;157.8267;80.1789
18.95;0.2815;0.8845;0.7254;308.7531;157.8267;80.2522
18.97;0.2815;0.8845;0.7254;308.7531;157.8267;80.2142
18.98;0.2815;0.8845;0.7253;308.7531;157.8267;80.2251
19.00;0.2815;0.8846;0.7253;308.7531;157.8267;80.2361
19.02;0.2815;0.8846;0.7253;308.7531;157.8267;80.2361
19.03;0.2815;0.8846;0.7253;308.7531;157.8267;80.2471
19.05;0.2815;0.8846;0.7253;308.7531;157.8267;80.2288
