6.35;0.2982;0.9009;0.7259;307.1342;140.7504;109.1944
6.37;0.2982;0.9008;0.7260;307.1500;140.7222;109.2544
6.38;0.2981;0.9009;0.7262;307.0959;140.6875;109.2465
6.40;0.2981;0.9009;0.7262;307.0959;140.6875;109.2465
6.42;0.2981;0.9008;0.7263;307.0942;140.6256;109.3049
6.43;0.2981;0.9007;0.7264;307.1098;140.5741;109.2912
6.45;0.2981;0.9006;0.7264;307.1184;140.6028;109.2553
6.47;0.2982;0.9006;0.7265;307.1167;140.4940;109.3133
6.48;0.2982;0.9005;0.7267;307.1149;140.4088;109.3712
6.50;0.2982;0.9005;0.7267;307.1149;140.4088;109.3712
6.52;0.2981;0.9006;0.7268;307.0610;140.3738;109.4368
6.53;0.2980;0.9005;0.7268;307.0695;140.4261;109.4007
6.55;0.2981;0.9005;0.7269;307.0241;140.3726;109.4303
6.57;0.2981;0.9004;0.7269;307.0762;140.3462;109.4224
6.58;0.2979;0.9005;0.7270;306.9787;140.3662;109.4599
6.60;0.2979;0.9005;0.7270;306.9787;140.3662;109.4599
6.62;0.2979;0.9005;0.7270;306.9787;140.3897;109.5332
6.63;0.2979;0.9005;0.7271;306.9248;140.3072;109.5259
6.65;0.2979;0.9005;0.7271;306.9248;140.3072;109.5259
6.67;0.2979;0.9006;0.7272;306.8710;140.2243;109.5922
6.68;0.2979;0.9006;0.7272;306.8710;140.2479;109.5922
6.70;0.2979;0.9006;0.7272;306.8710;140.2479;109.5922
6.72;0.2979;0.9005;0.7273;306.8173;140.1649;109.6586
6.73;0.2978;0.9004;0.7272;306.8173;140.1649;109.6586
6.75;0.2978;0.9004;0.7272;306.8173;140.1649;109.6586
6.77;0.2977;0.9005;0.7273;306.7636;140.1524;109.7253
6.78;0.2974;0.9004;0.7272;306.8173;140.3298;109.6586
6.80;0.2974;0.9004;0.7272;306.8173;140.3298;109.6586
6.82;0.2973;0.9001;0.7271;306.8424;140.4642;109.5496
6.83;0.2971;0.9001;0.7272;306.7971;140.4575;109.5796
6.85;0.2970;0.9001;0.7272;306.7971;140.5046;109.5796
6.87;0.2968;0.9001;0.7272;306.7971;140.5988;109.5796
6.88;0.2966;0.9000;0.7273;306.8055;140.6987;109.5432
6.90;0.2966;0.9000;0.7273;306.8055;140.6987;109.5432
6.92;0.2965;0.8997;0.7272;306.8826;140.7832;109.4259
6.93;0.2964;0.8996;0.7271;306.8994;140.8884;109.3534
6.95;0.2963;0.8996;0.7272;306.8994;140.9119;109.3534
6.97;0.2963;0.8995;0.7272;306.9429;140.9274;109.3813
6.98;0.2961;0.8995;0.7272;306.9513;141.0270;109.3451
7.00;0.2961;0.8995;0.7272;306.9513;141.0270;109.3451
7.02;0.2961;0.8992;0.7272;307.0368;141.1398;109.1920
7.03;0.2961;0.8990;0.7271;307.1054;141.1709;109.1115
7.05;0.2961;0.8990;0.7272;307.0597;141.1180;109.1406
7.07;0.2960;0.8988;0.7270;307.0681;141.1704;109.1045
7.08;0.2959;0.8987;0.7270;307.0681;141.1704;109.1045
7.10;0.2958;0.8987;0.7271;307.0140;141.1356;109.1699
7.12;0.2956;0.8986;0.7275;307.0075;141.2367;109.0749
7.13;0.2956;0.8982;0.7274;307.1347;141.4695;108.7412
7.15;0.2957;0.8981;0.7276;307.1568;141.4244;108.6891
7.17;0.2956;0.8978;0.7276;307.1871;141.4317;108.6008
7.18;0.2954;0.8977;0.7275;307.0899;141.5005;108.6379
7.20;0.2954;0.8977;0.7275;307.0899;141.5005;108.6379
7.22;0.2953;0.8974;0.7277;307.0192;141.4221;108.6424
7.23;0.2951;0.8972;0.7278;307.0318;141.5957;108.4909
7.25;0.2952;0.8972;0.7281;306.9815;141.4362;108.5016
7.27;0.2948;0.8972;0.7284;306.8805;141.4678;108.6683
7.28;0.2946;0.8974;0.7286;306.7835;141.5361;108.6333
7.30;0.2946;0.8973;0.7287;306.7797;141.4518;108.7623
7.32;0.2944;0.8969;0.7289;306.6986;141.5230;108.5203
7.33;0.2945;0.8969;0.7291;306.5676;141.3718;108.5706
7.35;0.2945;0.8966;0.7290;306.6180;141.3221;108.5605
7.37;0.2944;0.8966;0.7291;306.4666;141.2608;108.7390
7.38;0.2941;0.8967;0.7295;306.2854;141.2288;108.8010
7.40;0.2941;0.8967;0.7295;306.2854;141.2288;108.8010
7.42;0.2938;0.8969;0.7302;306.1162;141.2416;108.7729
7.43;0.2935;0.8969;0.7304;305.9654;141.2484;108.8814
7.45;0.2936;0.8968;0.7305;306.0074;141.1693;108.9808
7.47;0.2934;0.8968;0.7307;305.8425;141.1723;108.8978
7.48;0.2933;0.8967;0.7309;305.7738;141.1565;108.8465
7.50;0.2933;0.8967;0.7309;305.7738;141.1565;108.8465
7.52;0.2931;0.8969;0.7314;305.6268;141.0829;109.0496
7.53;0.2931;0.8968;0.7317;305.5680;140.9360;109.1020
7.55;0.2930;0.8967;0.7316;305.5917;141.0281;108.9886
7.57;0.2929;0.8967;0.7318;305.4729;141.0613;108.9493
7.58;0.2928;0.8966;0.7319;305.4582;141.1309;108.8289
7.60;0.2928;0.8966;0.7319;305.4582;141.1309;108.8289
7.62;0.2929;0.8965;0.7321;305.4146;140.9984;108.8789
7.63;0.2928;0.8964;0.7321;305.3424;141.0389;108.8083
7.65;0.2929;0.8963;0.7322;305.2959;140.9615;108.8395
7.67;0.2930;0.8962;0.7323;305.2599;140.8129;108.8515
7.68;0.2928;0.8964;0.7328;305.0790;140.8011;108.9204
7.70;0.2928;0.8964;0.7328;305.0790;140.8011;108.9204
7.72;0.2926;0.8965;0.7331;304.9704;140.7240;109.0608
7.73;0.2925;0.8964;0.7333;304.8929;140.6782;109.0479
7.75;0.2925;0.8962;0.7332;304.9161;140.7493;108.9324
7.77;0.2925;0.8961;0.7334;304.8385;140.7039;108.9925
7.78;0.2924;0.8960;0.7335;304.8151;140.7682;108.8356
7.80;0.2924;0.8960;0.7335;304.8151;140.7682;108.8356
7.82;0.2923;0.8958;0.7336;304.7528;140.7866;108.7451
7.83;0.2923;0.8957;0.7336;304.7372;140.8595;108.6224
7.85;0.2922;0.8956;0.7336;304.7527;140.9230;108.5452
7.87;0.2922;0.8955;0.7339;304.6669;140.8705;108.5701
7.88;0.2920;0.8954;0.7339;304.6356;140.9274;108.5245
7.90;0.2920;0.8954;0.7339;304.6356;140.9274;108.5245
7.92;0.2921;0.8952;0.7339;304.5496;140.8043;108.5495
7.93;0.2921;0.8950;0.7338;304.4950;140.6947;108.6205
7.95;0.2921;0.8950;0.7339;304.4404;140.6083;108.6917
7.97;0.2918;0.8951;0.7340;304.3048;140.7054;108.7129
7.98;0.2917;0.8951;0.7342;304.2580;140.6980;108.7456
8.00;0.2917;0.8951;0.7342;304.2580;140.6980;108.7456
8.02;0.2916;0.8948;0.7342;304.2421;140.7729;108.5484
8.03;0.2915;0.8947;0.7342;304.1626;140.8077;108.5898
8.05;0.2914;0.8946;0.7341;304.1626;140.8077;108.5898
8.07;0.2915;0.8947;0.7343;304.0458;140.6007;108.7735
8.08;0.2914;0.8945;0.7341;304.0688;140.6986;108.6554
8.10;0.2914;0.8945;0.7341;304.0688;140.6986;108.6554
8.12;0.2913;0.8943;0.7341;303.9817;140.6772;108.5900
8.13;0.2913;0.8942;0.7341;303.9272;140.5896;108.6626
8.15;0.2914;0.8941;0.7341;303.9675;140.5328;108.7610
8.17;0.2912;0.8941;0.7342;303.9034;140.6567;108.5773
8.18;0.2913;0.8939;0.7341;303.9590;140.6417;108.5967
8.20;0.2913;0.8939;0.7341;303.9590;140.6417;108.5968
8.22;0.2912;0.8938;0.7341;303.8797;140.6768;108.5652
8.23;0.2912;0.8937;0.7341;303.8251;140.5656;108.6379
8.25;0.2912;0.8937;0.7341;303.8251;140.5420;108.6379
8.27;0.2912;0.8936;0.7340;303.8328;140.5749;108.5984
8.28;0.2912;0.8936;0.7340;303.8405;140.6078;108.5588
8.30;0.2912;0.8936;0.7340;303.8405;140.6078;108.5588
8.32;0.2912;0.8936;0.7341;303.7859;140.5201;108.6316
8.33;0.2913;0.8936;0.7341;303.7859;140.4965;108.5584
8.35;0.2913;0.8936;0.7341;303.7859;140.4965;108.6316
8.37;0.2913;0.8937;0.7343;303.7313;140.4086;108.7048
8.38;0.2913;0.8936;0.7342;303.7390;140.4180;108.6650
8.40;0.2913;0.8936;0.7342;303.7390;140.4180;108.6650
8.42;0.2914;0.8935;0.7342;303.7697;140.5029;108.5063
8.43;0.2914;0.8935;0.7342;303.7774;140.5123;108.4667
8.45;0.2914;0.8935;0.7342;303.7852;140.5452;108.4271
8.47;0.2913;0.8935;0.7342;303.7608;140.6919;108.3226
8.48;0.2913;0.8934;0.7341;303.7843;140.7670;108.2038
8.50;0.2913;0.8934;0.7341;303.7843;140.7670;108.2038
8.52;0.2911;0.8933;0.7340;303.7682;140.9232;108.0597
8.53;0.2911;0.8933;0.7340;303.7366;141.0138;107.9945
8.55;0.2911;0.8933;0.7340;303.7366;141.0138;107.9945
8.57;0.2909;0.8933;0.7340;303.7210;141.1939;107.8501
8.58;0.2908;0.8933;0.7340;303.6896;141.3085;107.7846
8.60;0.2908;0.8933;0.7340;303.6896;141.3085;107.7846
8.62;0.2906;0.8932;0.7340;303.6192;141.4024;107.7119
8.63;0.2904;0.8932;0.7340;303.5880;141.5174;107.6460
8.65;0.2904;0.8932;0.7340;303.5962;141.5739;107.6065
8.67;0.2902;0.8931;0.7340;303.5816;141.7548;107.4614
8.68;0.2901;0.8932;0.7341;303.5116;141.8498;107.3881
8.70;0.2901;0.8932;0.7341;303.5116;141.8498;107.3881
8.72;0.2900;0.8932;0.7343;303.4560;141.7870;107.4602
8.73;0.2900;0.8932;0.7345;303.4169;141.7901;107.4531
8.75;0.2900;0.8932;0.7344;303.4416;141.8894;107.3342
8.77;0.2898;0.8932;0.7346;303.3493;142.0313;107.1007
8.78;0.2898;0.8932;0.7347;303.3267;142.0777;107.0872
8.80;0.2898;0.8932;0.7347;303.3267;142.0777;107.0872
8.82;0.2899;0.8933;0.7350;303.1840;141.8947;107.1846
8.83;0.2899;0.8933;0.7351;303.1447;141.8748;107.1774
8.85;0.2899;0.8933;0.7350;303.1696;141.9750;107.0576
8.87;0.2898;0.8930;0.7355;303.1302;141.9553;107.0264
8.88;0.2897;0.8930;0.7352;303.1302;141.9553;107.0145
8.90;0.2897;0.8929;0.7353;303.1302;141.9553;107.0117
8.92;0.2897;0.8928;0.7353;303.1302;141.9553;107.1244
8.93;0.2896;0.8927;0.7354;303.1302;141.9553;107.1126
8.95;0.2896;0.8926;0.7354;303.1302;141.9553;107.0586
8.97;0.2895;0.8925;0.7355;303.1302;141.9553;106.9873
8.98;0.2895;0.8924;0.7355;303.1302;141.9553;107.0685
9.00;0.2895;0.8924;0.7355;303.1302;141.9553;107.0685
9.02;0.2894;0.8922;0.7356;303.1302;141.9553;107.0770
9.03;0.2894;0.8921;0.7357;303.1302;141.9553;107.0113
9.05;0.2894;0.8920;0.7357;303.1302;141.9553;107.0176
9.07;0.2893;0.8919;0.7358;303.1302;141.9553;106.9601
9.08;0.2893;0.8918;0.7358;303.1302;141.9553;107.0812
9.10;0.2893;0.8918;0.7358;303.1302;141.9553;107.0812
9.12;0.2892;0.8917;0.7359;303.1302;141.9553;107.0357
9.13;0.2892;0.8915;0.7360;303.1302;141.9552;107.0695
9.15;0.2891;0.8915;0.7360;303.1302;141.9552;107.0023
9.17;0.2891;0.8914;0.7361;303.1302;141.9553;107.0185
9.18;0.2891;0.8913;0.7361;303.1302;141.9553;107.0780
9.20;0.2891;0.8913;0.7361;303.1302;141.9552;107.0780
9.22;0.2890;0.8911;0.7362;303.1302;141.9553;107.0940
9.23;0.2890;0.8910;0.7362;303.1302;141.9552;106.9735
9.25;0.2889;0.8910;0.7363;303.1302;141.9552;106.9500
9.27;0.2889;0.8909;0.7363;303.1302;141.9552;106.9899
9.28;0.2889;0.8908;0.7364;303.1302;141.9552;107.1425
9.30;0.2889;0.8908;0.7364;303.1302;141.9552;107.1425
9.32;0.2888;0.8907;0.7364;303.1302;141.9553;107.0899
9.33;0.2888;0.8906;0.7364;303.1302;141.9552;107.1397
9.35;0.2888;0.8906;0.7364;303.1302;141.9552;107.1278
9.37;0.2888;0.8905;0.7365;303.1302;141.9552;107.1435
9.38;0.2887;0.8905;0.7365;303.1302;141.9552;107.1316
9.40;0.2887;0.8905;0.7365;303.1302;141.9552;107.1197
9.42;0.2887;0.8903;0.7366;303.1302;141.9552;107.0512
9.43;0.2886;0.8902;0.7367;303.1302;141.9552;107.1521
9.45;0.2886;0.8901;0.7367;303.1302;141.9552;107.1718
9.47;0.2886;0.8900;0.7368;303.1302;141.9552;107.2119
9.48;0.2885;0.8899;0.7368;303.1302;141.9552;107.1663
9.50;0.2885;0.8899;0.7368;303.1302;141.9552;107.1663
9.52;0.2884;0.8897;0.7369;303.1302;141.9552;107.2597
9.53;0.2884;0.8896;0.7370;303.1302;141.9552;107.1824
9.55;0.2884;0.8895;0.7370;303.1302;141.9552;107.1997
9.57;0.2883;0.8894;0.7371;303.1302;141.9552;107.2290
9.58;0.2882;0.8893;0.7371;303.1302;141.9552;107.2090
9.60;0.2882;0.8893;0.7371;303.1302;141.9552;107.2090
9.62;0.2882;0.8891;0.7372;303.1302;141.9552;107.1650
9.63;0.2881;0.8890;0.7373;303.1302;141.9552;107.0636
9.65;0.2881;0.8889;0.7373;303.1302;141.9552;107.0152
9.67;0.2880;0.8887;0.7374;303.1302;141.9552;106.9553
9.68;0.2880;0.8887;0.7375;303.1302;141.9552;107.0171
9.70;0.2880;0.8886;0.7375;303.1302;141.9552;107.0126
9.72;0.2879;0.8885;0.7376;303.1302;141.9552;107.0803
9.73;0.2879;0.8883;0.7376;303.1302;141.9552;107.0560
9.75;0.2879;0.8883;0.7376;303.1302;141.9552;106.9988
9.77;0.2878;0.8882;0.7377;303.1302;141.9552;107.0519
9.78;0.2878;0.8881;0.7377;303.1302;141.9552;107.0998
9.80;0.2878;0.8881;0.7377;303.1302;141.9552;107.0998
9.82;0.2877;0.8880;0.7378;303.1302;141.9552;107.1155
9.83;0.2877;0.8879;0.7378;303.1302;141.9552;107.0666
9.85;0.2877;0.8879;0.7379;303.1302;141.9552;107.0672
9.87;0.2876;0.8877;0.7379;303.1302;141.9552;107.0499
9.88;0.2876;0.8876;0.7380;303.1302;141.9552;107.0661
9.90;0.2876;0.8876;0.7380;303.1302;141.9552;107.0661
9.92;0.2875;0.8874;0.7381;303.1302;141.9552;107.0782
9.93;0.2874;0.8873;0.7382;303.1302;141.9552;107.0297
9.95;0.2874;0.8872;0.7382;303.1302;141.9552;107.0178
9.97;0.2874;0.8871;0.7383;303.1302;141.9552;107.0129
9.98;0.2873;0.8870;0.7383;303.1302;141.9552;107.0333
10.00;0.2873;0.8870;0.7383;303.1302;141.9552;107.0333
10.02;0.2873;0.8869;0.7383;303.1302;141.9552;107.0298
10.03;0.2873;0.8869;0.7384;303.1302;141.9552;106.9846
10.05;0.2873;0.8868;0.7384;303.1302;141.9552;107.0304
10.07;0.2872;0.8868;0.7384;303.1302;141.9552;107.0585
10.08;0.2872;0.8868;0.7384;303.1302;141.9552;106.9733
10.10;0.2872;0.8868;0.7384;303.1302;141.9552;106.9938
10.12;0.2872;0.8867;0.7385;303.1302;141.9552;106.9641
10.13;0.2872;0.8867;0.7385;303.1302;141.9552;106.9076
10.15;0.2872;0.8866;0.7385;303.1302;141.9552;106.9274
10.17;0.2871;0.8865;0.7386;303.1302;141.9552;106.9638
10.18;0.2871;0.8865;0.7386;303.1302;141.9552;106.9715
10.20;0.2871;0.8865;0.7386;303.1302;141.9552;106.9715
10.22;0.2871;0.8863;0.7387;303.1302;141.9552;106.9621
10.23;0.2870;0.8863;0.7387;303.1302;141.9552;106.9364
10.25;0.2870;0.8862;0.7387;303.1302;141.9552;106.9449
10.27;0.2870;0.8861;0.7388;303.1302;141.9552;106.8753
10.28;0.2869;0.8861;0.7388;303.1302;141.9552;106.8640
10.30;0.2869;0.8860;0.7388;303.1302;141.9552;106.8640
10.32;0.2869;0.8859;0.7389;303.1302;141.9552;106.8262
10.33;0.2869;0.8859;0.7389;303.1302;141.9552;106.8269
10.35;0.2869;0.8859;0.7389;303.1302;141.9552;106.9001
10.37;0.2869;0.8858;0.7389;303.1302;141.9552;106.7814
10.38;0.2869;0.8858;0.7389;303.1302;141.9552;106.8011
10.40;0.2868;0.8858;0.7389;303.1302;141.9552;106.8940
10.42;0.2868;0.8857;0.7390;303.1302;141.9552;106.9215
10.43;0.2868;0.8856;0.7390;303.1302;141.9552;106.8759
10.45;0.2867;0.8856;0.7391;303.1302;141.9552;106.8759
10.47;0.2867;0.8856;0.7391;303.1302;141.9552;106.8034
10.48;0.2867;0.8855;0.7391;303.1302;141.9552;106.9237
10.50;0.2867;0.8855;0.7391;303.1302;141.9552;106.9237
10.52;0.2867;0.8854;0.7392;303.1302;141.9552;106.8857
10.53;0.2866;0.8853;0.7392;303.1302;141.9552;106.7891
10.55;0.2866;0.8852;0.7392;303.1302;141.9552;106.8502
10.57;0.2866;0.8852;0.7393;303.1302;141.9552;106.8326
10.58;0.2866;0.8852;0.7393;303.1302;141.9552;106.8981
10.60;0.2866;0.8851;0.7393;303.1302;141.9552;106.8600
10.62;0.2865;0.8851;0.7393;303.1302;141.9552;106.8028
10.63;0.2865;0.8850;0.7393;303.1302;141.9552;106.7888
10.65;0.2865;0.8850;0.7393;303.1302;141.9552;106.7888
10.67;0.2865;0.8850;0.7394;303.1302;141.9552;106.8169
10.68;0.2865;0.8849;0.7394;303.1302;141.9552;106.8169
10.70;0.2865;0.8849;0.7394;303.1302;141.9552;106.8169
10.72;0.2865;0.8849;0.7394;303.1302;141.9553;106.8245
10.73;0.2865;0.8848;0.7394;303.1302;141.9552;106.7718
10.75;0.2864;0.8848;0.7395;303.1302;141.9552;106.7138
10.77;0.2864;0.8848;0.7395;303.1302;141.9552;106.7749
10.78;0.2864;0.8847;0.7395;303.1302;141.9553;106.8490
10.80;0.2864;0.8847;0.7395;303.1302;141.9553;106.8490
10.82;0.2864;0.8847;0.7395;303.1302;141.9553;106.8425
10.83;0.2864;0.8846;0.7395;303.1302;141.9553;106.8425
10.85;0.2864;0.8846;0.7395;303.1302;141.9553;106.8425
10.87;0.2864;0.8846;0.7396;303.1302;141.9553;106.8312
10.88;0.2863;0.8845;0.7396;303.1302;141.9552;106.8191
10.90;0.2863;0.8845;0.7396;303.1302;141.9553;106.8191
10.92;0.2863;0.8844;0.7396;303.1302;141.9553;106.8593
10.93;0.2863;0.8844;0.7397;303.1302;141.9552;106.8388
10.95;0.2863;0.8843;0.7397;303.1302;141.9552;106.8267
10.97;0.2862;0.8843;0.7397;303.1302;141.9553;106.8222
10.98;0.2862;0.8842;0.7397;303.1302;141.9553;106.8427
11.00;0.2862;0.8842;0.7397;303.1302;141.9553;106.8427
11.02;0.2862;0.8841;0.7398;303.1302;141.9553;106.8701
11.03;0.2861;0.8841;0.7398;303.1302;141.9552;106.8119
11.05;0.2861;0.8840;0.7399;303.1302;141.9552;106.8459
11.07;0.2861;0.8840;0.7399;303.1302;141.9553;106.8006
11.08;0.2861;0.8840;0.7399;303.1302;141.9552;106.8006
11.10;0.2861;0.8840;0.7399;303.1302;141.9552;106.8006
11.12;0.2861;0.8840;0.7399;303.1302;141.9552;106.8006
11.13;0.2861;0.8840;0.7399;303.1302;141.9552;106.8006
11.15;0.2861;0.8840;0.7399;303.1302;141.9552;106.7817
11.17;0.2861;0.8840;0.7399;303.1302;141.9552;106.7809
11.18;0.2861;0.8840;0.7399;303.1302;141.9552;106.7809
11.20;0.2861;0.8840;0.7399;303.1302;141.9552;106.8136
11.22;0.2861;0.8840;0.7399;303.1302;141.9552;106.8127
11.23;0.2861;0.8840;0.7399;303.1302;141.9552;106.7817
11.25;0.2861;0.8839;0.7399;303.1302;141.9552;106.7809
11.27;0.2861;0.8839;0.7399;303.1302;141.9552;106.7817
11.28;0.2861;0.8840;0.7399;303.1302;141.9552;106.8135
11.30;0.2861;0.8840;0.7399;303.1302;141.9552;106.8135
11.32;0.2861;0.8840;0.7399;303.1302;141.9553;106.7938
11.33;0.2861;0.8840;0.7399;303.1302;141.9552;106.7817
11.35;0.2861;0.8840;0.7399;303.1302;141.9552;106.7817
11.37;0.2861;0.8839;0.7399;303.1302;141.9552;106.7282
11.38;0.2861;0.8839;0.7399;303.1302;141.9553;106.8211
11.40;0.2861;0.8839;0.7399;303.1302;141.9553;106.8211
11.42;0.2861;0.8839;0.7399;303.1302;141.9553;106.8211
11.43;0.2861;0.8839;0.7399;303.1302;141.9553;106.8090
11.45;0.2861;0.8839;0.7399;303.1302;141.9552;106.7893
11.47;0.2861;0.8838;0.7399;303.1302;141.9553;106.7628
11.48;0.2861;0.8838;0.7399;303.1302;141.9553;106.7167
11.50;0.2861;0.8838;0.7399;303.1303;141.9553;106.7167
11.52;0.2861;0.8838;0.7399;303.1303;141.9553;106.7167
11.53;0.2860;0.8838;0.7400;303.1302;141.9553;106.6583
11.55;0.2860;0.8838;0.7400;303.1302;141.9553;106.6583
11.57;0.2860;0.8838;0.7400;303.1302;141.9553;106.6317
11.58;0.2860;0.8838;0.7400;303.1302;141.9553;106.6515
11.60;0.2860;0.8838;0.7400;303.1302;141.9553;106.6515
11.62;0.2860;0.8837;0.7400;303.1302;141.9553;106.6128
11.63;0.2860;0.8836;0.7401;303.1302;141.9553;106.6275
11.65;0.2860;0.8836;0.7401;303.1302;141.9553;106.6006
11.67;0.2859;0.8836;0.7401;303.1302;141.9553;106.6006
11.68;0.2859;0.8835;0.7401;303.1303;141.9553;106.6670
11.70;0.2859;0.8835;0.7401;303.1302;141.9553;106.6670
11.72;0.2859;0.8835;0.7401;303.1303;141.9553;106.6340
11.73;0.2859;0.8834;0.7402;303.1303;141.9553;106.6340
11.75;0.2859;0.8834;0.7402;303.1302;141.9553;106.6332
11.77;0.2859;0.8834;0.7402;303.1302;141.9553;106.6340
11.78;0.2859;0.8833;0.7402;303.1302;141.9553;106.7147
11.80;0.2859;0.8833;0.7402;303.1303;141.9553;106.7147
11.82;0.2858;0.8833;0.7402;303.1302;141.9552;106.6613
11.83;0.2858;0.8833;0.7402;303.1302;141.9553;106.6491
11.85;0.2858;0.8832;0.7403;303.1302;141.9552;106.6248
11.87;0.2858;0.8831;0.7403;303.1302;141.9552;106.6210
11.88;0.2857;0.8830;0.7404;303.1303;141.9553;106.7093
11.90;0.2857;0.8830;0.7404;303.1303;141.9553;106.7093
11.92;0.2857;0.8830;0.7404;303.1303;141.9552;106.7496
11.93;0.2857;0.8829;0.7404;303.1303;141.9552;106.6772
11.95;0.2857;0.8829;0.7404;303.1302;141.9553;106.6306
11.97;0.2857;0.8829;0.7404;303.1303;141.9552;106.6969
11.98;0.2857;0.8829;0.7404;303.1303;141.9552;106.6504
12.00;0.2857;0.8829;0.7404;303.1303;141.9552;106.7175
12.02;0.2857;0.8829;0.7404;303.1303;141.9552;106.7710
12.03;0.2857;0.8829;0.7404;303.1303;141.9552;106.6978
12.05;0.2857;0.8829;0.7404;303.1303;141.9552;106.6780
12.07;0.2857;0.8829;0.7404;303.1303;141.9552;106.6780
12.08;0.2857;0.8829;0.7404;303.1303;141.9552;106.6780
12.10;0.2857;0.8829;0.7404;303.1303;141.9552;106.6780
12.12;0.2857;0.8829;0.7404;303.1303;141.9552;106.6780
12.13;0.2857;0.8829;0.7404;303.1303;141.9552;106.6583
12.15;0.2857;0.8829;0.7404;303.1303;141.9552;106.6583
12.17;0.2857;0.8830;0.7404;303.1303;141.9552;106.6705
12.18;0.2857;0.8830;0.7404;303.1303;141.9552;106.6826
12.20;0.2857;0.8830;0.7404;303.1302;141.9552;106.6483
12.22;0.2858;0.8831;0.7403;303.1302;141.9552;106.6675
12.23;0.2858;0.8831;0.7403;303.1302;141.9552;106.6351
12.25;0.2858;0.8832;0.7403;303.1302;141.9552;106.5886
12.27;0.2858;0.8832;0.7403;303.1302;141.9552;106.6518
12.28;0.2859;0.8833;0.7402;303.1302;141.9552;106.6907
12.30;0.2859;0.8833;0.7402;303.1302;141.9553;106.6907
12.32;0.2859;0.8835;0.7401;303.1302;141.9552;106.6559
12.33;0.2860;0.8836;0.7401;303.1302;141.9552;106.7334
12.35;0.2860;0.8836;0.7401;303.1302;141.9553;106.7661
12.37;0.2860;0.8836;0.7400;303.1302;141.9553;106.7513
12.38;0.2860;0.8837;0.7400;303.1302;141.9553;106.7975
12.40;0.2860;0.8837;0.7400;303.1302;141.9553;106.7975
12.42;0.2860;0.8837;0.7400;303.1302;141.9553;106.8011
12.43;0.2860;0.8837;0.7400;303.1302;141.9552;106.8001
12.45;0.2860;0.8837;0.7400;303.1302;141.9553;106.8463
12.47;0.2860;0.8838;0.7400;303.1302;141.9553;106.8113
12.48;0.2860;0.8838;0.7400;303.1302;141.9553;106.8772
12.50;0.2860;0.8838;0.7400;303.1302;141.9553;106.8772
12.52;0.2860;0.8838;0.7400;303.1302;141.9553;106.8565
12.53;0.2861;0.8839;0.7399;303.1302;141.9553;106.8920
12.55;0.2861;0.8839;0.7399;303.1302;141.9553;106.8920
12.57;0.2861;0.8840;0.7399;303.1302;141.9553;106.9042
12.58;0.2862;0.8841;0.7398;303.1302;141.9553;106.9568
12.60;0.2862;0.8841;0.7398;303.1303;141.9553;106.9568
12.62;0.2862;0.8843;0.7397;303.1302;141.9553;106.8926
12.63;0.2863;0.8844;0.7397;303.1303;141.9553;106.9498
12.65;0.2863;0.8844;0.7396;303.1303;141.9553;106.9037
12.67;0.2863;0.8845;0.7396;303.1303;141.9553;106.8642
12.68;0.2864;0.8846;0.7396;303.1302;141.9553;106.8907
12.70;0.2864;0.8846;0.7396;303.1302;141.9553;106.8907
12.72;0.2864;0.8846;0.7395;303.1303;141.9553;106.7902
12.73;0.2864;0.8846;0.7395;303.1303;141.9552;106.8360
12.75;0.2864;0.8846;0.7395;303.1302;141.9552;106.7893
12.77;0.2864;0.8846;0.7395;303.1303;141.9553;106.8352
12.78;0.2864;0.8846;0.7395;303.1302;141.9553;106.8352
12.80;0.2864;0.8846;0.7395;303.1303;141.9552;106.8625
12.82;0.2864;0.8846;0.7395;303.1302;141.9553;106.8352
12.83;0.2864;0.8846;0.7395;303.1302;141.9553;106.8352
12.85;0.2864;0.8846;0.7395;303.1302;141.9553;106.8352
12.87;0.2864;0.8846;0.7395;303.1302;141.9553;106.8549
12.88;0.2864;0.8846;0.7395;303.1303;141.9553;106.8549
12.90;0.2864;0.8846;0.7395;303.1303;141.9553;106.8549
12.92;0.2864;0.8846;0.7396;303.1302;141.9553;106.8625
12.93;0.2864;0.8846;0.7396;303.1303;141.9553;106.8166
12.95;0.2864;0.8846;0.7396;303.1303;141.9553;106.8625
12.97;0.2864;0.8846;0.7396;303.1302;141.9553;106.8625
12.98;0.2864;0.8846;0.7396;303.1303;141.9553;106.9349
13.00;0.2864;0.8846;0.7396;303.1303;141.9553;106.9349
13.02;0.2864;0.8846;0.7395;303.1302;141.9553;106.8428
13.03;0.2864;0.8846;0.7395;303.1302;141.9553;106.8428
13.05;0.2864;0.8846;0.7395;303.1302;141.9553;106.8428
13.07;0.2864;0.8846;0.7396;303.1303;141.9553;106.8625
13.08;0.2864;0.8846;0.7396;303.1303;141.9553;106.9357
13.10;0.2864;0.8846;0.7396;303.1303;141.9553;106.9357
13.12;0.2864;0.8846;0.7396;303.1303;141.9553;106.8625
13.13;0.2864;0.8846;0.7396;303.1303;141.9553;106.8625
13.15;0.2864;0.8846;0.7395;303.1302;141.9553;106.8428
13.17;0.2864;0.8846;0.7395;303.1302;141.9553;106.9160
13.18;0.2864;0.8846;0.7395;303.1303;141.9553;106.8886
13.20;0.2864;0.8846;0.7395;303.1302;141.9553;106.8886
13.22;0.2864;0.8846;0.7395;303.1302;141.9553;106.8886
13.23;0.2864;0.8846;0.7395;303.1302;141.9553;106.8230
13.25;0.2864;0.8846;0.7395;303.1302;141.9553;106.8230
13.27;0.2864;0.8846;0.7395;303.1302;141.9553;106.8230
13.28;0.2864;0.8846;0.7395;303.1302;141.9553;106.8886
13.30;0.2864;0.8846;0.7395;303.1302;141.9553;106.8886
13.32;0.2864;0.8846;0.7395;303.1302;141.9553;106.8428
13.33;0.2864;0.8846;0.7395;303.1302;141.9553;106.8230
13.35;0.2864;0.8846;0.7395;303.1303;141.9553;106.8352
13.37;0.2864;0.8846;0.7395;303.1302;141.9553;106.8810
13.38;0.2864;0.8846;0.7395;303.1303;141.9553;106.8352
13.40;0.2864;0.8846;0.7395;303.1302;141.9553;106.8810
13.42;0.2864;0.8846;0.7395;303.1302;141.9553;106.8549
13.43;0.2864;0.8846;0.7395;303.1302;141.9553;106.8549
13.45;0.2864;0.8846;0.7395;303.1302;141.9553;106.9281
13.47;0.2864;0.8846;0.7395;303.1303;141.9553;106.9007
13.48;0.2864;0.8846;0.7395;303.1303;141.9553;106.9007
13.50;0.2864;0.8846;0.7395;303.1303;141.9553;106.9007
13.52;0.2864;0.8846;0.7395;303.1302;141.9553;106.8886
13.53;0.2864;0.8846;0.7396;303.1302;141.9553;106.9815
13.55;0.2864;0.8846;0.7396;303.1302;141.9553;106.9083
13.57;0.2864;0.8846;0.7396;303.1302;141.9553;106.9349
13.58;0.2863;0.8846;0.7396;303.1302;141.9553;106.9281
13.60;0.2863;0.8846;0.7396;303.1302;141.9553;106.9281
13.62;0.2863;0.8845;0.7396;303.1302;141.9553;107.0013
13.63;0.2863;0.8845;0.7396;303.1302;141.9553;107.0210
13.65;0.2863;0.8845;0.7396;303.1303;141.9553;106.9675
13.67;0.2863;0.8845;0.7396;303.1303;141.9553;106.9675
13.68;0.2863;0.8845;0.7396;303.1303;141.9553;106.9675
13.70;0.2863;0.8845;0.7396;303.1303;141.9553;106.9675
13.72;0.2863;0.8845;0.7396;303.1303;141.9553;106.9675
13.73;0.2863;0.8845;0.7396;303.1303;141.9553;106.9675
13.75;0.2863;0.8845;0.7396;303.1302;141.9553;107.0604
13.77;0.2863;0.8845;0.7396;303.1302;141.9553;107.0604
13.78;0.2863;0.8845;0.7396;303.1302;141.9553;106.9872
13.80;0.2863;0.8845;0.7396;303.1302;141.9553;106.9743
13.82;0.2863;0.8844;0.7397;303.1302;141.9553;106.9949
13.83;0.2863;0.8844;0.7397;303.1302;141.9553;106.9949
13.85;0.2863;0.8844;0.7397;303.1302;141.9553;107.0146
13.87;0.2863;0.8844;0.7397;303.1302;141.9553;107.0146
13.88;0.2863;0.8844;0.7397;303.1302;141.9553;107.0878
13.90;0.2863;0.8844;0.7397;303.1302;141.9553;107.0138
13.92;0.2863;0.8844;0.7397;303.1303;141.9553;107.0146
13.93;0.2863;0.8844;0.7397;303.1303;141.9553;107.0146
13.95;0.2863;0.8844;0.7397;303.1303;141.9553;107.0146
13.97;0.2863;0.8844;0.7397;303.1302;141.9553;106.9687
13.98;0.2863;0.8844;0.7397;303.1302;141.9553;107.0146
14.00;0.2863;0.8844;0.7397;303.1302;141.9553;106.9949
14.02;0.2863;0.8844;0.7397;303.1302;141.9553;107.0146
14.03;0.2863;0.8844;0.7397;303.1302;141.9553;107.0146
14.05;0.2863;0.8844;0.7397;303.1302;141.9553;107.0146
14.07;0.2863;0.8844;0.7397;303.1302;141.9553;107.0146
14.08;0.2863;0.8844;0.7397;303.1302;141.9553;107.0146
14.10;0.2863;0.8844;0.7396;303.1303;141.9553;106.9949
14.12;0.2863;0.8844;0.7396;303.1302;141.9553;107.0802
14.13;0.2863;0.8844;0.7396;303.1302;141.9553;106.9872
14.15;0.2863;0.8844;0.7396;303.1303;141.9553;106.9675
14.17;0.2863;0.8845;0.7396;303.1303;141.9553;106.9280
14.18;0.2863;0.8845;0.7396;303.1303;141.9553;107.0004
14.20;0.2863;0.8845;0.7396;303.1302;141.9553;107.0134
14.22;0.2863;0.8846;0.7396;303.1302;141.9553;107.0516
14.23;0.2864;0.8846;0.7396;303.1302;141.9554;106.9586
14.25;0.2864;0.8846;0.7396;303.1302;141.9553;107.0318
14.27;0.2864;0.8846;0.7396;303.1302;141.9554;106.9586
14.28;0.2864;0.8846;0.7396;303.1302;141.9554;107.0310
14.30;0.2864;0.8846;0.7396;303.1302;141.9554;106.9586
14.32;0.2863;0.8846;0.7396;303.1302;141.9554;107.0507
14.33;0.2863;0.8846;0.7396;303.1302;141.9554;107.0965
14.35;0.2863;0.8846;0.7396;303.1302;141.9554;106.9783
14.37;0.2863;0.8846;0.7396;303.1302;141.9554;107.0233
14.38;0.2863;0.8846;0.7396;303.1302;141.9554;107.0093
14.40;0.2863;0.8846;0.7396;303.1302;141.9554;107.0093
14.42;0.2864;0.8846;0.7395;303.1302;141.9554;107.0475
14.43;0.2864;0.8847;0.7395;303.1302;141.9554;107.0552
14.45;0.2864;0.8847;0.7395;303.1302;141.9554;106.9820
14.47;0.2864;0.8848;0.7395;303.1302;141.9554;106.9744
14.48;0.2864;0.8848;0.7395;303.1302;141.9554;107.0331
14.50;0.2865;0.8849;0.7394;303.1302;141.9554;107.0031
14.52;0.2866;0.8851;0.7393;303.1302;141.9554;107.0063
14.53;0.2866;0.8853;0.7392;303.1302;141.9554;106.9987
14.55;0.2867;0.8854;0.7392;303.1302;141.9554;107.0049
14.57;0.2868;0.8856;0.7390;303.1302;141.9554;107.0019
14.58;0.2868;0.8857;0.7390;303.1302;141.9554;107.1439
14.60;0.2868;0.8858;0.7390;303.1302;141.9554;107.0631
14.62;0.2869;0.8860;0.7388;303.1302;141.9554;107.1092
14.63;0.2870;0.8861;0.7388;303.1302;141.9554;107.1127
14.65;0.2870;0.8861;0.7388;303.1302;141.9554;107.1505
14.67;0.2870;0.8862;0.7387;303.1302;141.9554;107.1419
14.68;0.2870;0.8862;0.7387;303.1302;141.9554;107.1419
14.70;0.2870;0.8862;0.7387;303.1302;141.9554;107.2518
14.72;0.2870;0.8863;0.7387;303.1302;141.9554;107.2509
14.73;0.2870;0.8863;0.7387;303.1302;141.9554;107.2350
14.75;0.2871;0.8863;0.7387;303.1302;141.9554;107.2726
14.77;0.2871;0.8864;0.7386;303.1302;141.9554;107.2640
14.78;0.2871;0.8864;0.7386;303.1302;141.9554;107.3092
14.80;0.2871;0.8864;0.7386;303.1302;141.9554;107.3324
14.82;0.2872;0.8866;0.7385;303.1302;141.9554;107.4456
14.83;0.2872;0.8867;0.7385;303.1302;141.9554;107.5018
14.85;0.2873;0.8868;0.7384;303.1302;141.9554;107.4201
14.87;0.2873;0.8869;0.7384;303.1302;141.9554;107.4453
