17.75;0.2796;0.9020;0.7535;292.5632;144.4029;59.5845
17.77;0.2796;0.9022;0.7534;292.5632;144.4029;59.7461
17.78;0.2796;0.9022;0.7534;292.5632;144.4029;59.7975
17.80;0.2796;0.9023;0.7534;292.5632;144.4030;59.9295
17.82;0.2796;0.9023;0.7534;292.5632;144.4029;59.9871
17.83;0.2797;0.9025;0.7533;292.5632;144.4029;60.1787
17.85;0.2797;0.9026;0.7533;292.5632;144.4029;60.3487
17.87;0.2802;0.9035;0.7561;291.6207;141.9537;62.6158
17.88;0.2806;0.9034;0.7552;291.6560;141.9329;62.7536
17.90;0.2807;0.9036;0.7552;291.5937;141.8014;62.8869
17.92;0.2810;0.9035;0.7550;291.6631;141.6094;62.9917
17.93;0.2814;0.9036;0.7546;291.5957;141.5621;63.0067
17.95;0.2813;0.9038;0.7544;291.4941;141.8307;62.8308
17.97;0.2812;0.9041;0.7544;291.3726;141.9121;62.8197
17.98;0.2812;0.9042;0.7545;291.3190;141.8592;62.9668
18.00;0.2812;0.9044;0.7545;291.2411;141.9638;63.0122
18.02;0.2813;0.9045;0.7546;291.2313;141.8385;63.1440
18.03;0.2814;0.9047;0.7543;291.2518;142.0673;63.2130
18.05;0.2813;0.9047;0.7543;291.2177;142.1241;63.3887
18.07;0.2813;0.9047;0.7542;291.2721;142.2595;63.4822
18.08;0.2812;0.9047;0.7542;291.2381;142.3873;63.5110
18.10;0.2811;0.9047;0.7540;291.2926;142.5458;63.4586
18.12;0.2811;0.9046;0.7539;291.3472;142.7035;63.4068
18.13;0.2809;0.9046;0.7540;291.3472;142.7742;63.4801
18.15;0.2809;0.9047;0.7540;291.3472;142.7978;63.5533
18.17;0.2807;0.9047;0.7539;291.3681;143.0596;63.4572
18.18;0.2807;0.9047;0.7538;291.4230;143.1926;63.3334
18.20;0.2807;0.9047;0.7538;291.4230;143.1926;63.3334
18.22;0.2807;0.9047;0.7538;291.4230;143.1926;63.4066
18.23;0.2807;0.9048;0.7539;291.4230;143.2162;63.4066
18.25;0.2807;0.9048;0.7539;291.4333;143.2932;63.4957
18.27;0.2807;0.9048;0.7540;291.4332;143.2932;63.5689
18.28;0.2806;0.9048;0.7539;291.4435;143.3466;63.6580
18.30;0.2806;0.9048;0.7539;291.4538;143.4235;63.6740
18.32;0.2807;0.9046;0.7538;291.5969;143.4749;63.6743
18.33;0.2806;0.9046;0.7539;291.5726;143.5500;63.7717
18.35;0.2807;0.9044;0.7539;291.6810;143.5755;63.7805
18.37;0.2809;0.9043;0.7539;291.7994;143.6527;63.7335
18.38;0.2809;0.9042;0.7539;291.8535;143.6530;63.7384
18.40;0.2809;0.9041;0.7539;291.8846;143.8093;63.6432
18.42;0.2810;0.9040;0.7539;291.9282;143.7571;63.7046
18.43;0.2810;0.9039;0.7538;292.0237;143.9637;63.6335
18.45;0.2810;0.9038;0.7538;292.0657;144.1461;63.4845
18.47;0.2810;0.9038;0.7540;292.0412;144.1752;63.5805
18.48;0.2811;0.9038;0.7538;292.1407;144.2470;63.4536
18.50;0.2810;0.9038;0.7538;292.1186;144.4025;63.3542
18.52;0.2811;0.9039;0.7539;292.1513;144.2981;63.5449
18.53;0.2812;0.9040;0.7541;292.1161;144.2527;63.5495
18.55;0.2812;0.9040;0.7540;292.1938;144.4551;63.4710
18.57;0.2813;0.9041;0.7543;292.1586;144.4100;63.5486
18.58;0.2813;0.9041;0.7543;292.1586;144.4100;63.5486
18.60;0.2814;0.9041;0.7541;292.2476;144.4053;63.6983
18.62;0.2815;0.9041;0.7541;292.2476;144.3817;63.6983
18.63;0.2815;0.9041;0.7541;292.2583;144.4089;63.7900
18.65;0.2816;0.9040;0.7541;292.3014;144.3319;63.8524
18.67;0.2816;0.9040;0.7540;292.3120;144.3825;63.9442
18.68;0.2817;0.9039;0.7541;292.3551;144.3290;64.0065
18.70;0.2817;0.9039;0.7540;292.3657;144.3795;63.9519
18.72;0.2818;0.9038;0.7540;292.4088;144.3260;64.0875
18.73;0.2818;0.9038;0.7540;292.4088;144.3260;64.1607
18.75;0.2820;0.9038;0.7540;292.4411;144.1987;64.3506
18.77;0.2821;0.9038;0.7540;292.4734;144.0952;64.4671
18.78;0.2820;0.9038;0.7541;292.3845;144.0534;64.4632
18.80;0.2821;0.9038;0.7541;292.4169;143.9499;64.5796
18.82;0.2821;0.9038;0.7539;292.4734;144.0717;64.5403
18.83;0.2821;0.9038;0.7541;292.4169;143.9499;64.6528
18.85;0.2821;0.9038;0.7541;292.4274;144.0240;64.5982
18.87;0.2821;0.9037;0.7541;292.4703;144.0182;64.6598
18.88;0.2820;0.9037;0.7542;292.4809;144.0921;64.6053
18.90;0.2820;0.9037;0.7541;292.4915;144.1424;64.5509
18.92;0.2821;0.9036;0.7542;292.5343;144.1130;64.5393
18.93;0.2821;0.9035;0.7541;292.5983;144.1838;64.4925
18.95;0.2822;0.9034;0.7541;292.6516;144.1807;64.4267
18.97;0.2822;0.9032;0.7541;292.7367;144.3266;64.1995
18.98;0.2822;0.9032;0.7540;292.7793;144.5247;64.0579
19.00;0.2822;0.9030;0.7541;292.8288;144.6258;63.9074
19.02;0.2822;0.9030;0.7541;292.8288;144.6258;63.9074
19.03;0.2823;0.9028;0.7541;292.9359;144.8663;63.6502
19.05;0.2822;0.9028;0.7542;292.9215;144.9460;63.6178
19.07;0.2823;0.9027;0.7542;292.9637;144.8918;63.6801
19.08;0.2824;0.9027;0.7542;292.9950;144.7891;63.7953
19.10;0.2823;0.9027;0.7543;292.9060;144.7761;63.7867
19.12;0.2823;0.9027;0.7543;292.9059;144.7761;63.8600
19.13;0.2824;0.9027;0.7543;292.9373;144.6734;63.9751
19.15;0.2826;0.9027;0.7543;292.9687;144.5708;64.0168
19.17;0.2826;0.9027;0.7543;292.9687;144.5708;64.0168
19.18;0.2826;0.9027;0.7543;292.9687;144.5473;64.0900
19.20;0.2827;0.9027;0.7543;293.0001;144.4449;64.2048
19.22;0.2827;0.9027;0.7543;293.0001;144.4449;64.2048
19.23;0.2828;0.9027;0.7545;292.9741;144.2266;64.4995
19.25;0.2828;0.9027;0.7545;292.9741;144.2266;64.5727
19.27;0.2830;0.9027;0.7546;292.9482;144.0081;64.7944
19.28;0.2831;0.9027;0.7546;292.9798;143.9064;64.9084
19.30;0.2831;0.9027;0.7546;292.9798;143.9064;64.9084
19.32;0.2832;0.9026;0.7546;293.0114;143.8049;65.0222
19.33;0.2832;0.9027;0.7546;293.0009;143.7557;65.0756
19.35;0.2833;0.9026;0.7546;293.0326;143.6544;65.1892
19.37;0.2834;0.9026;0.7546;293.0643;143.5533;65.2294
19.38;0.2835;0.9026;0.7546;293.0960;143.4524;65.3426
19.40;0.2834;0.9026;0.7547;293.0643;143.5769;65.2294
19.42;0.2834;0.9027;0.7548;293.0072;143.4597;65.3372
19.43;0.2836;0.9026;0.7547;293.1277;143.3752;65.4557
19.45;0.2837;0.9025;0.7547;293.1595;143.2747;65.4952
19.47;0.2836;0.9025;0.7546;293.1595;143.2983;65.4952
19.48;0.2837;0.9026;0.7548;293.1025;143.1813;65.6761
19.50;0.2837;0.9026;0.7548;293.1025;143.1813;65.6028
19.52;0.2838;0.9025;0.7548;293.1343;143.0809;65.7154
19.53;0.2837;0.9025;0.7549;293.0775;142.9870;65.8235
19.55;0.2836;0.9025;0.7549;293.0775;143.0341;65.8235
19.57;0.2837;0.9025;0.7551;293.0526;142.8396;66.0443
19.58;0.2838;0.9024;0.7551;293.0945;142.7893;66.0294
19.60;0.2838;0.9024;0.7552;293.0378;142.6945;66.1382
19.62;0.2838;0.9024;0.7552;293.0378;142.6945;66.1382
19.63;0.2838;0.9024;0.7555;292.9567;142.4039;66.3960
19.65;0.2837;0.9025;0.7557;292.9003;142.3310;66.5064
19.67;0.2836;0.9025;0.7559;292.8439;142.2577;66.6175
19.68;0.2836;0.9026;0.7561;292.7877;142.1602;66.7290
19.70;0.2835;0.9026;0.7561;292.7975;142.2578;66.6742
19.72;0.2836;0.9026;0.7562;292.7734;142.0609;66.8241
19.73;0.2834;0.9025;0.7563;292.7831;142.2057;66.7692
19.75;0.2833;0.9025;0.7564;292.7366;142.1818;66.8264
19.77;0.2832;0.9024;0.7564;292.7366;142.2054;66.8264
19.78;0.2832;0.9024;0.7565;292.6806;142.0833;66.9391
19.80;0.2832;0.9024;0.7565;292.6805;142.1069;66.8658
19.82;0.2831;0.9023;0.7565;292.6805;142.1304;66.8658
19.83;0.2831;0.9023;0.7564;292.6806;142.1539;66.9391
19.85;0.2830;0.9023;0.7565;292.6342;142.1059;66.9237
19.87;0.2831;0.9023;0.7565;292.6663;142.0071;67.0344
19.88;0.2831;0.9023;0.7564;292.6759;142.0581;66.9792
19.90;0.2831;0.9024;0.7566;292.6199;141.9588;67.0925
19.92;0.2830;0.9024;0.7566;292.6199;141.9824;67.0925
19.93;0.2831;0.9024;0.7568;292.5963;141.7840;67.2436
19.95;0.2832;0.9024;0.7568;292.6285;141.6857;67.2805
19.97;0.2833;0.9023;0.7568;292.6608;141.6111;67.3173
19.98;0.2833;0.9023;0.7568;292.6608;141.6111;67.3173
20.00;0.2832;0.9023;0.7568;292.6608;141.6347;67.3173
20.02;0.2832;0.9024;0.7568;292.6608;141.6583;67.3173
20.03;0.2831;0.9024;0.7568;292.6608;141.6818;67.3173
20.05;0.2831;0.9020;0.7569;292.6608;141.6818;67.3069
20.07;0.2830;0.9019;0.7570;292.6608;141.6819;67.2366
20.08;0.2830;0.9019;0.7570;292.6608;141.6819;67.2366
20.10;0.2830;0.9019;0.7570;292.6608;141.6818;67.2172
20.12;0.2830;0.9018;0.7570;292.6608;141.6819;67.2201
20.13;0.2830;0.9017;0.7570;292.6608;141.6818;67.2036
20.15;0.2830;0.9016;0.7571;292.6608;141.6819;67.1871
20.17;0.2829;0.9015;0.7571;292.6608;141.6818;67.1707
20.18;0.2829;0.9015;0.7571;292.6608;141.6818;67.1086
20.20;0.2829;0.9015;0.7571;292.6608;141.6818;67.1460
20.22;0.2829;0.9014;0.7571;292.6608;141.6818;67.1460
20.23;0.2829;0.9013;0.7571;292.6608;141.6818;67.1595
20.25;0.2829;0.9013;0.7572;292.6608;141.6818;67.1430
20.27;0.2829;0.9013;0.7572;292.6608;141.6818;67.1430
20.28;0.2828;0.9012;0.7572;292.6608;141.6818;67.0809
20.30;0.2828;0.9012;0.7572;292.6608;141.6818;67.1564
20.32;0.2828;0.9012;0.7572;292.6608;141.6818;67.1482
20.33;0.2828;0.9010;0.7572;292.6608;141.6818;67.0914
20.35;0.2828;0.9009;0.7573;292.6608;141.6818;67.1504
20.37;0.2827;0.9008;0.7573;292.6608;141.6818;67.1473
20.38;0.2827;0.9007;0.7574;292.6608;141.6818;67.1204
20.40;0.2827;0.9006;0.7574;292.6608;141.6818;67.1877
20.42;0.2827;0.9005;0.7574;292.6608;141.6818;67.1525
20.43;0.2826;0.9002;0.7575;292.6608;141.6818;67.2250
20.45;0.2825;0.9000;0.7576;292.6608;141.6818;67.1814
20.47;0.2825;0.8998;0.7577;292.6608;141.6818;67.2758
20.48;0.2824;0.8997;0.7577;292.6608;141.6818;67.2810
20.50;0.2824;0.8995;0.7577;292.6608;141.6818;67.3054
20.52;0.2823;0.8993;0.7578;292.6608;141.6818;67.3185
20.53;0.2823;0.8990;0.7579;292.6608;141.6818;67.3207
20.55;0.2822;0.8988;0.7580;292.6608;141.6818;67.2853
20.57;0.2821;0.8985;0.7581;292.6608;141.6818;67.3043
20.58;0.2821;0.8984;0.7581;292.6608;141.6818;67.4457
20.60;0.2821;0.8983;0.7582;292.6608;141.6818;67.3314
20.62;0.2820;0.8981;0.7582;292.6608;141.6818;67.3590
20.63;0.2820;0.8979;0.7583;292.6608;141.6818;67.3646
20.65;0.2819;0.8977;0.7583;292.6608;141.6818;67.3918
20.67;0.2819;0.8976;0.7584;292.6608;141.6818;67.4192
20.68;0.2819;0.8975;0.7584;292.6608;141.6818;67.4002
20.70;0.2819;0.8974;0.7584;292.6608;141.6818;67.4766
20.72;0.2818;0.8973;0.7585;292.6608;141.6818;67.4269
20.73;0.2818;0.8972;0.7585;292.6608;141.6818;67.4842
20.75;0.2818;0.8971;0.7586;292.6608;141.6818;67.4377
20.77;0.2817;0.8969;0.7586;292.6608;141.6818;67.4351
20.78;0.2817;0.8969;0.7586;292.6608;141.6818;67.4351
20.80;0.2817;0.8968;0.7586;292.6608;141.6818;67.3726
20.82;0.2817;0.8968;0.7586;292.6608;141.6818;67.3726
20.83;0.2817;0.8967;0.7587;292.6608;141.6818;67.3867
20.85;0.2817;0.8966;0.7587;292.6608;141.6818;67.4467
20.87;0.2817;0.8966;0.7587;292.6608;141.6818;67.4691
20.88;0.2817;0.8966;0.7587;292.6608;141.6818;67.4691
20.90;0.2816;0.8966;0.7587;292.6608;141.6818;67.4825
20.92;0.2816;0.8966;0.7587;292.6608;141.6818;67.4275
20.93;0.2816;0.8966;0.7587;292.6608;141.6818;67.4825
20.95;0.2816;0.8966;0.7587;292.6608;141.6818;67.5382
20.97;0.2816;0.8966;0.7587;292.6608;141.6818;67.5382
20.98;0.2816;0.8966;0.7587;292.6608;141.6818;67.5383
21.00;0.2816;0.8966;0.7587;292.6608;141.6818;67.5924
21.02;0.2816;0.8965;0.7587;292.6608;141.6818;67.5932
21.03;0.2816;0.8965;0.7587;292.6608;141.6818;67.5766
21.05;0.2816;0.8964;0.7588;292.6608;141.6818;67.5900
21.07;0.2816;0.8963;0.7588;292.6608;141.6818;67.6043
21.08;0.2816;0.8963;0.7588;292.6608;141.6818;67.6251
21.10;0.2816;0.8963;0.7588;292.6608;141.6818;67.6168
21.12;0.2816;0.8962;0.7588;292.6608;141.6818;67.5911
21.13;0.2815;0.8959;0.7589;292.6608;141.6818;67.6195
21.15;0.2814;0.8957;0.7590;292.6608;141.6818;67.6763
21.17;0.2813;0.8954;0.7591;292.6608;141.6818;67.6148
21.18;0.2813;0.8953;0.7591;292.6608;141.6818;67.6208
21.20;0.2813;0.8951;0.7592;292.6608;141.6818;67.6185
21.22;0.2812;0.8950;0.7592;292.6608;141.6818;67.6235
21.23;0.2811;0.8945;0.7594;292.6608;141.6818;67.6791
21.25;0.2810;0.8941;0.7595;292.6608;141.6818;67.7636
21.27;0.2809;0.8939;0.7596;292.6608;141.6818;67.8131
21.28;0.2809;0.8937;0.7597;292.6608;141.6819;67.8963
21.30;0.2809;0.8936;0.7597;292.6608;141.6818;67.8543
21.32;0.2808;0.8934;0.7597;292.6608;141.6818;67.8739
21.33;0.2808;0.8933;0.7598;292.6608;141.6819;67.8948
21.35;0.2808;0.8931;0.7598;292.6608;141.6818;67.8497
21.37;0.2807;0.8931;0.7599;292.6608;141.6819;67.9377
21.38;0.2807;0.8930;0.7599;292.6608;141.6818;67.9293
21.40;0.2807;0.8929;0.7599;292.6608;141.6819;67.9510
21.42;0.2807;0.8929;0.7599;292.6608;141.6819;67.9441
21.43;0.2807;0.8928;0.7599;292.6608;141.6819;67.9059
21.45;0.2807;0.8927;0.7600;292.6608;141.6818;67.9383
21.47;0.2806;0.8927;0.7600;292.6608;141.6818;67.9140
21.48;0.2806;0.8926;0.7600;292.6608;141.6818;67.8324
21.50;0.2806;0.8925;0.7600;292.6608;141.6818;67.7808
21.52;0.2806;0.8925;0.7600;292.6608;141.6818;67.7808
21.53;0.2806;0.8924;0.7601;292.6608;141.6818;67.6410
21.55;0.2805;0.8923;0.7601;292.6608;141.6818;67.5958
21.57;0.2805;0.8922;0.7601;292.6608;141.6818;67.4985
21.58;0.2805;0.8922;0.7601;292.6608;141.6818;67.5026
21.60;0.2805;0.8922;0.7602;292.6608;141.6818;67.4210
21.62;0.2805;0.8921;0.7602;292.6608;141.6818;67.4384
21.63;0.2805;0.8921;0.7602;292.6608;141.6818;67.3477
21.65;0.2805;0.8921;0.7602;292.6608;141.6818;67.3301
21.67;0.2805;0.8921;0.7602;292.6608;141.6818;67.2352
21.68;0.2805;0.8921;0.7602;292.6608;141.6818;67.0103
21.70;0.2805;0.8921;0.7602;292.6608;141.6818;66.8978
21.72;0.2805;0.8922;0.7602;292.6608;141.6818;66.6552
21.73;0.2805;0.8922;0.7602;292.6608;141.6818;66.4001
21.75;0.2805;0.8921;0.7602;292.6608;141.6818;66.2223
21.77;0.2805;0.8921;0.7602;292.6608;141.6818;65.8940
21.78;0.2805;0.8921;0.7602;292.6608;141.6818;65.7854
21.80;0.2805;0.8921;0.7602;292.6608;141.6818;65.5818
21.82;0.2805;0.8921;0.7602;292.6608;141.6818;65.0161
21.83;0.2805;0.8921;0.7602;292.6608;141.6818;64.6344
21.85;0.2805;0.8921;0.7602;292.6608;141.6818;64.2188
21.87;0.2804;0.8921;0.7602;292.6608;141.6818;64.1277
21.88;0.2804;0.8921;0.7602;292.6608;141.6818;63.8029
21.90;0.2804;0.8921;0.7602;292.6608;141.6818;63.7370
21.92;0.2804;0.8920;0.7602;292.6608;141.6818;63.6028
21.93;0.2804;0.8919;0.7602;292.6608;141.6818;63.4984
21.95;0.2804;0.8918;0.7603;292.6608;141.6818;63.3309
21.97;0.2803;0.8917;0.7603;292.6608;141.6818;63.3004
21.98;0.2803;0.8916;0.7603;292.6608;141.6818;63.2275
22.00;0.2803;0.8915;0.7604;292.6608;141.6818;63.2271
22.02;0.2803;0.8915;0.7604;292.6608;141.6818;63.1755
22.03;0.2803;0.8914;0.7604;292.6608;141.6818;63.1755
22.05;0.2803;0.8914;0.7604;292.6608;141.6818;63.1626
22.07;0.2803;0.8914;0.7604;292.6608;141.6818;63.1275
22.08;0.2803;0.8914;0.7604;292.6608;141.6818;63.1275
22.10;0.2803;0.8914;0.7604;292.6608;141.6818;63.0723
22.12;0.2803;0.8914;0.7604;292.6608;141.6818;63.1275
22.13;0.2803;0.8914;0.7604;292.6608;141.6818;63.1490
22.15;0.2803;0.8914;0.7604;292.6608;141.6818;63.1490
22.17;0.2803;0.8914;0.7604;292.6608;141.6818;63.0939
22.18;0.2803;0.8914;0.7604;292.6608;141.6818;63.1536
22.20;0.2803;0.8914;0.7604;292.6608;141.6818;63.1490
22.22;0.2803;0.8914;0.7604;292.6608;141.6818;63.0939
22.23;0.2803;0.8914;0.7604;292.6608;141.6818;63.0939
22.25;0.2803;0.8914;0.7604;292.6608;141.6818;63.0939
22.27;0.2803;0.8914;0.7604;292.6608;141.6818;63.0939
22.28;0.2803;0.8914;0.7604;292.6608;141.6818;63.0939
22.30;0.2803;0.8914;0.7604;292.6608;141.6818;63.0939
22.32;0.2802;0.8914;0.7604;292.6608;141.6818;63.1200
22.33;0.2802;0.8914;0.7604;292.6608;141.6818;63.1155
22.35;0.2802;0.8914;0.7604;292.6608;141.6818;63.1155
22.37;0.2802;0.8914;0.7604;292.6608;141.6818;63.1155
22.38;0.2802;0.8914;0.7604;292.6608;141.6818;63.1706
22.40;0.2802;0.8914;0.7604;292.6608;141.6818;63.1371
22.42;0.2802;0.8914;0.7604;292.6608;141.6818;63.1415
22.43;0.2802;0.8914;0.7604;292.6608;141.6818;63.1415
22.45;0.2802;0.8913;0.7604;292.6608;141.6818;63.1371
22.47;0.2802;0.8913;0.7604;292.6608;141.6818;63.1331
22.48;0.2802;0.8913;0.7604;292.6608;141.6818;63.1286
22.50;0.2802;0.8913;0.7604;292.6608;141.6818;63.1331
22.52;0.2802;0.8913;0.7604;292.6608;141.6818;63.1331
22.53;0.2802;0.8913;0.7604;292.6608;141.6818;63.1286
22.55;0.2802;0.8913;0.7604;292.6608;141.6818;63.1286
22.57;0.2802;0.8913;0.7604;292.6608;141.6818;63.1286
22.58;0.2802;0.8913;0.7604;292.6608;141.6818;63.1286
22.60;0.2802;0.8913;0.7604;292.6608;141.6818;63.1331
22.62;0.2802;0.8913;0.7604;292.6608;141.6818;63.1331
22.63;0.2802;0.8912;0.7605;292.6608;141.6818;63.2099
22.65;0.2802;0.8912;0.7605;292.6608;141.6818;63.1678
22.67;0.2802;0.8912;0.7605;292.6608;141.6818;63.1678
22.68;0.2802;0.8911;0.7605;292.6608;141.6818;63.1548
22.70;0.2802;0.8911;0.7605;292.6608;141.6818;63.1330
22.72;0.2802;0.8911;0.7605;292.6608;141.6818;63.1977
22.73;0.2801;0.8910;0.7605;292.6608;141.6818;63.2108
22.75;0.2801;0.8909;0.7606;292.6608;141.6818;63.1687
22.77;0.2801;0.8908;0.7606;292.6608;141.6818;63.2116
22.78;0.2801;0.8908;0.7606;292.6608;141.6818;63.2247
22.80;0.2801;0.8907;0.7606;292.6608;141.6818;63.1741
22.82;0.2801;0.8906;0.7606;292.6608;141.6818;63.2473
22.83;0.2800;0.8905;0.7607;292.6608;141.6818;63.2435
22.85;0.2800;0.8905;0.7607;292.6608;141.6817;63.2144
22.87;0.2800;0.8904;0.7607;292.6608;141.6818;63.3093
22.88;0.2800;0.8904;0.7607;292.6608;141.6817;63.3141
22.90;0.2800;0.8904;0.7607;292.6608;141.6817;63.3272
22.92;0.2800;0.8903;0.7608;292.6608;141.6817;63.3488
22.93;0.2799;0.8902;0.7608;292.6608;141.6817;63.2861
22.95;0.2799;0.8901;0.7608;292.6608;141.6817;63.3679
22.97;0.2799;0.8900;0.7608;292.6608;141.6818;63.3684
22.98;0.2799;0.8900;0.7609;292.6608;141.6817;63.4547
23.00;0.2799;0.8899;0.7609;292.6608;141.6817;63.4513
23.02;0.2799;0.8898;0.7609;292.6608;141.6817;63.4995
23.03;0.2798;0.8897;0.7609;292.6608;141.6818;63.5126
23.05;0.2798;0.8897;0.7610;292.6608;141.6817;63.5988
23.07;0.2798;0.8896;0.7610;292.6608;141.6818;63.5945
23.08;0.2798;0.8896;0.7610;292.6608;141.6817;63.6643
23.10;0.2798;0.8895;0.7610;292.6608;141.6817;63.6686
23.12;0.2798;0.8895;0.7610;292.6608;141.6817;63.6738
23.13;0.2798;0.8895;0.7610;292.6608;141.6818;63.6954
23.15;0.2798;0.8895;0.7610;292.6608;141.6818;63.6954
23.17;0.2797;0.8894;0.7610;292.6608;141.6818;63.7565
23.18;0.2797;0.8894;0.7610;292.6608;141.6818;63.7565
23.20;0.2797;0.8894;0.7610;292.6608;141.6818;63.7480
23.22;0.2797;0.8894;0.7611;292.6608;141.6818;63.7480
23.23;0.2797;0.8893;0.7611;292.6608;141.6818;63.7311
23.25;0.2797;0.8892;0.7611;292.6608;141.6818;63.7141
23.27;0.2797;0.8892;0.7611;292.6608;141.6818;63.7025
23.28;0.2796;0.8890;0.7612;292.6608;141.6818;63.6632
23.30;0.2796;0.8889;0.7612;292.6608;141.6818;63.6430
23.32;0.2796;0.8887;0.7613;292.6608;141.6818;63.7067
23.33;0.2795;0.8885;0.7613;292.6608;141.6818;63.7252
23.35;0.2795;0.8884;0.7614;292.6608;141.6818;63.7942
23.37;0.2794;0.8883;0.7614;292.6608;141.6818;63.8932
23.38;0.2794;0.8882;0.7614;292.6608;141.6818;63.8847
23.40;0.2794;0.8882;0.7615;292.6608;141.6818;63.9062
23.42;0.2794;0.8881;0.7615;292.6608;141.6817;63.9278
23.43;0.2794;0.8881;0.7615;292.6608;141.6818;63.9836
23.45;0.2794;0.8881;0.7615;292.6608;141.6818;64.0109
23.47;0.2794;0.8881;0.7615;292.6608;141.6818;63.9937
23.48;0.2794;0.8880;0.7615;292.6608;141.6818;64.1441
23.50;0.2794;0.8880;0.7615;292.6608;141.6817;64.1526
23.52;0.2794;0.8880;0.7615;292.6608;141.6817;64.2300
23.53;0.2794;0.8880;0.7615;292.6608;141.6818;64.1742
23.55;0.2794;0.8880;0.7615;292.6608;141.6818;64.2300
23.57;0.2794;0.8880;0.7615;292.6608;141.6818;64.3074
23.58;0.2794;0.8880;0.7615;292.6608;141.6818;64.2515
23.60;0.2794;0.8880;0.7615;292.6608;141.6818;64.2515
23.62;0.2794;0.8880;0.7615;292.6608;141.6818;64.3073
23.63;0.2794;0.8880;0.7615;292.6608;141.6818;64.2858
23.65;0.2794;0.8880;0.7615;292.6608;141.6818;64.2858
23.67;0.2794;0.8881;0.7615;292.6608;141.6818;64.2858
23.68;0.2794;0.8881;0.7615;292.6608;141.6818;64.2858
23.70;0.2794;0.8881;0.7615;292.6608;141.6818;64.2858
23.72;0.2794;0.8881;0.7615;292.6608;141.6818;64.2858
23.73;0.2794;0.8881;0.7615;292.6608;141.6818;64.2858
23.75;0.2794;0.8880;0.7615;292.6608;141.6818;64.3073
23.77;0.2794;0.8880;0.7615;292.6608;141.6818;64.3073
23.78;0.2794;0.8880;0.7615;292.6608;141.6818;64.3073
23.80;0.2794;0.8880;0.7615;292.6608;141.6818;64.3073
23.82;0.2794;0.8880;0.7615;292.6608;141.6818;64.2343
23.83;0.2794;0.8880;0.7615;292.6608;141.6818;64.2343
23.85;0.2794;0.8880;0.7615;292.6608;141.6818;64.2343
23.87;0.2794;0.8880;0.7615;292.6608;141.6818;64.3073
23.88;0.2794;0.8881;0.7615;292.6608;141.6818;64.3158
23.90;0.2794;0.8881;0.7615;292.6608;141.6818;64.3158
23.92;0.2794;0.8881;0.7615;292.6608;141.6818;64.3158
23.93;0.2794;0.8881;0.7615;292.6608;141.6818;64.2943
23.95;0.2794;0.8881;0.7615;292.6608;141.6818;64.3028
23.97;0.2794;0.8881;0.7615;292.6608;141.6818;64.2469
23.98;0.2794;0.8881;0.7615;292.6608;141.6818;64.3113
24.00;0.2794;0.8882;0.7615;292.6608;141.6818;64.2897
24.02;0.2794;0.8882;0.7615;292.6608;141.6818;64.2982
24.03;0.2794;0.8882;0.7614;292.6608;141.6818;64.3067
24.05;0.2794;0.8882;0.7614;292.6608;141.6819;64.2851
24.07;0.2795;0.8883;0.7614;292.6608;141.6818;64.2936
24.08;0.2795;0.8883;0.7614;292.6608;141.6818;64.2936
24.10;0.2795;0.8883;0.7614;292.6608;141.6818;64.2205
24.12;0.2795;0.8883;0.7614;292.6608;141.6819;64.2936
24.13;0.2795;0.8884;0.7614;292.6608;141.6819;64.2889
24.15;0.2795;0.8884;0.7614;292.6608;141.6819;64.2244
24.17;0.2795;0.8884;0.7614;292.6608;141.6819;64.2416
24.18;0.2795;0.8884;0.7614;292.6608;141.6819;64.2974
24.20;0.2795;0.8884;0.7614;292.6608;141.6819;64.2974
24.22;0.2795;0.8885;0.7614;292.6608;141.6819;64.2329
24.23;0.2795;0.8885;0.7613;292.6608;141.6819;64.2843
24.25;0.2795;0.8885;0.7613;292.6608;141.6819;64.2197
24.27;0.2795;0.8886;0.7613;292.6608;141.6819;64.2928
24.28;0.2795;0.8886;0.7613;292.6608;141.6819;64.2841
24.30;0.2795;0.8886;0.7613;292.6608;141.6819;64.3571
24.32;0.2796;0.8887;0.7613;292.6608;141.6819;64.3656
24.33;0.2796;0.8887;0.7613;292.6608;141.6819;64.4298
24.35;0.2796;0.8888;0.7613;292.6608;141.6819;64.4941
24.37;0.2796;0.8889;0.7612;292.6608;141.6819;64.4894
24.38;0.2796;0.8889;0.7612;292.6608;141.6819;64.4979
24.40;0.2796;0.8890;0.7612;292.6608;141.6819;64.4979
24.42;0.2797;0.8891;0.7612;292.6608;141.6819;64.5406
24.43;0.2797;0.8892;0.7611;292.6608;141.6819;64.6048
24.45;0.2797;0.8893;0.7611;292.6608;141.6819;64.5187
24.47;0.2797;0.8894;0.7611;292.6608;141.6819;64.5084
24.48;0.2798;0.8894;0.7610;292.6608;141.6819;64.5725
24.50;0.2798;0.8895;0.7610;292.6608;141.6819;64.5509
24.52;0.2798;0.8895;0.7610;292.6608;141.6819;64.5509
24.53;0.2798;0.8895;0.7610;292.6608;141.6819;64.4287
24.55;0.2798;0.8895;0.7610;292.6608;141.6819;64.5574
24.57;0.2798;0.8895;0.7610;292.6608;141.6819;64.4928
24.58;0.2798;0.8895;0.7610;292.6608;141.6819;64.5743
24.60;0.2798;0.8896;0.7610;292.6608;141.6819;64.5743
24.62;0.2798;0.8896;0.7610;292.6608;141.6819;64.6324
24.63;0.2798;0.8897;0.7610;292.6608;141.6819;64.6192
24.65;0.2798;0.8897;0.7610;292.6608;141.6819;64.6772
24.67;0.2798;0.8898;0.7609;292.6608;141.6819;64.6065
24.68;0.2799;0.8898;0.7609;292.6608;141.6819;64.6580
24.70;0.2799;0.8898;0.7609;292.6608;141.6819;64.7135
24.72;0.2799;0.8898;0.7609;292.6608;141.6819;64.6665
24.73;0.2799;0.8899;0.7609;292.6608;141.6819;64.7713
24.75;0.2799;0.8899;0.7609;292.6608;141.6819;64.8289
24.77;0.2799;0.8899;0.7609;292.6608;141.6819;64.8289
24.78;0.2799;0.8899;0.7609;292.6608;141.6819;64.8289
24.80;0.2799;0.8899;0.7609;292.6608;141.6819;64.8843
24.82;0.2799;0.8899;0.7609;292.6608;141.6819;64.8781
24.83;0.2799;0.8899;0.7609;292.6608;141.6819;64.9333
24.85;0.2799;0.8899;0.7609;292.6608;141.6819;64.9118
24.87;0.2799;0.8899;0.7609;292.6608;141.6819;64.9180
24.88;0.2799;0.8899;0.7609;292.6608;141.6819;64.9118
24.90;0.2799;0.8899;0.7609;292.6608;141.6819;64.9118
24.92;0.2799;0.8899;0.7609;292.6608;141.6819;64.9095
24.93;0.2799;0.8899;0.7609;292.6608;141.6819;64.9095
24.95;0.2799;0.8899;0.7609;292.6608;141.6819;64.9033
24.97;0.2799;0.8899;0.7609;292.6608;141.6819;64.9586
24.98;0.2799;0.8899;0.7609;292.6608;141.6819;64.9801
25.00;0.2799;0.8899;0.7609;292.6608;141.6819;64.9801
25.02;0.2799;0.8899;0.7609;292.6608;141.6819;64.9802
25.03;0.2799;0.8899;0.7609;292.6608;141.6819;65.0017
25.05;0.2799;0.8899;0.7609;292.6608;141.6819;65.1300
25.07;0.2799;0.8899;0.7609;292.6608;141.6819;65.0455
25.08;0.2799;0.8898;0.7609;292.6608;141.6819;65.0848
25.10;0.2799;0.8898;0.7609;292.6608;141.6819;65.0848
25.12;0.2799;0.8898;0.7609;292.6608;141.6819;65.0848
25.13;0.2799;0.8898;0.7609;292.6608;141.6819;65.1616
25.15;0.2799;0.8898;0.7609;292.6608;141.6819;65.1616
25.17;0.2799;0.8898;0.7609;292.6608;141.6819;65.1616
25.18;0.2799;0.8898;0.7609;292.6608;141.6819;65.2168
25.20;0.2799;0.8898;0.7609;292.6608;141.6819;65.1953
25.22;0.2799;0.8898;0.7609;292.6608;141.6819;65.1953
25.23;0.2799;0.8898;0.7609;292.6608;141.6819;65.1953
25.25;0.2799;0.8898;0.7609;292.6608;141.6819;65.2505
25.27;0.2799;0.8899;0.7609;292.6608;141.6819;65.2225
25.28;0.2799;0.8899;0.7609;292.6608;141.6819;65.2112
25.30;0.2799;0.8899;0.7609;292.6608;141.6819;65.2289
25.32;0.2799;0.8899;0.7609;292.6608;141.6819;65.2159
25.33;0.2799;0.8899;0.7609;292.6608;141.6819;65.2159
25.35;0.2799;0.8899;0.7609;292.6608;141.6819;65.1943
25.37;0.2799;0.8899;0.7609;292.6608;141.6819;65.1727
25.38;0.2799;0.8899;0.7609;292.6608;141.6819;65.1812
25.40;0.2799;0.8900;0.7609;292.6608;141.6819;65.1896
25.42;0.2799;0.8901;0.7608;292.6608;141.6819;65.2102
25.43;0.2800;0.8901;0.7608;292.6608;141.6819;65.1418
25.45;0.2800;0.8902;0.7608;292.6608;141.6819;65.1156
25.47;0.2800;0.8904;0.7607;292.6608;141.6819;65.0809
25.48;0.2800;0.8904;0.7607;292.6608;141.6819;65.0678
25.50;0.2800;0.8905;0.7607;292.6608;141.6819;65.0678
25.52;0.2800;0.8905;0.7607;292.6608;141.6819;65.0630
25.53;0.2801;0.8906;0.7607;292.6608;141.6819;65.0519
25.55;0.2801;0.8907;0.7606;292.6608;141.6819;65.0193
25.57;0.2801;0.8908;0.7606;292.6608;141.6819;64.9977
25.58;0.2801;0.8908;0.7606;292.6608;141.6819;64.9851
25.60;0.2801;0.8908;0.7606;292.6608;141.6819;64.9935
25.62;0.2801;0.8908;0.7606;292.6608;141.6820;64.9679
25.63;0.2801;0.8909;0.7606;292.6608;141.6819;64.8853
25.65;0.2801;0.8909;0.7606;292.6608;141.6820;64.9125
25.67;0.2802;0.8909;0.7606;292.6608;141.6819;64.9209
25.68;0.2802;0.8910;0.7605;292.6608;141.6820;64.9232
25.70;0.2802;0.8910;0.7605;292.6608;141.6820;64.9232
25.72;0.2802;0.8911;0.7605;292.6608;141.6820;64.9339
25.73;0.2802;0.8911;0.7605;292.6608;141.6819;64.8816
25.75;0.2802;0.8912;0.7605;292.6608;141.6819;64.9363
25.77;0.2802;0.8912;0.7605;292.6608;141.6819;64.9087
25.78;0.2802;0.8912;0.7605;292.6608;141.6819;64.9172
25.80;0.2802;0.8912;0.7605;292.6608;141.6819;64.9842
25.82;0.2802;0.8912;0.7605;292.6608;141.6819;64.9112
25.83;0.2802;0.8913;0.7604;292.6608;141.6819;64.9136
25.85;0.2802;0.8913;0.7604;292.6608;141.6820;64.9136
25.87;0.2802;0.8913;0.7604;292.6608;141.6820;64.8590
25.88;0.2802;0.8913;0.7604;292.6608;141.6820;64.9262
25.90;0.2802;0.8913;0.7604;292.6608;141.6820;64.9136
25.92;0.2802;0.8913;0.7604;292.6608;141.6820;64.9136
25.93;0.2802;0.8913;0.7604;292.6608;141.6819;64.9351
25.95;0.2802;0.8913;0.7604;292.6608;141.6820;64.8747
25.97;0.2802;0.8913;0.7604;292.6608;141.6819;64.9292
25.98;0.2803;0.8913;0.7604;292.6608;141.6820;64.9292
26.00;0.2803;0.8913;0.7604;292.6608;141.6820;64.9376
26.02;0.2803;0.8913;0.7604;292.6608;141.6820;64.8890
26.03;0.2803;0.8914;0.7604;292.6608;141.6820;64.9329
26.05;0.2803;0.8915;0.7604;292.6608;141.6820;64.9498
26.07;0.2803;0.8916;0.7603;292.6608;141.6820;64.9037
26.08;0.2803;0.8917;0.7603;292.6609;141.6820;64.9750
26.10;0.2804;0.8917;0.7603;292.6608;141.6820;64.9835
26.12;0.2804;0.8918;0.7603;292.6608;141.6820;64.9919
26.13;0.2804;0.8919;0.7602;292.6608;141.6820;64.9813
26.15;0.2804;0.8920;0.7602;292.6608;141.6820;64.9079
26.17;0.2804;0.8921;0.7602;292.6608;141.6820;64.8864
26.18;0.2805;0.8922;0.7601;292.6608;141.6820;64.8975
26.20;0.2805;0.8922;0.7601;292.6608;141.6820;64.8843
26.22;0.2805;0.8923;0.7601;292.6608;141.6820;64.8870
26.23;0.2805;0.8924;0.7601;292.6608;141.6820;64.8709
26.25;0.2806;0.8925;0.7600;292.6608;141.6820;64.7849
26.27;0.2806;0.8926;0.7600;292.6608;141.6820;64.7634
