8.58;0.2632;0.8926;0.7270;302.6347;169.1281;62.2855
8.60;0.2631;0.8921;0.7271;302.6347;169.1281;62.3437
8.62;0.2632;0.8921;0.7273;302.6347;169.1281;62.3554
8.63;0.2632;0.8919;0.7274;302.6347;169.1281;62.3709
8.65;0.2632;0.8918;0.7275;302.6348;169.1281;62.3550
8.67;0.2631;0.8918;0.7275;302.6348;169.1281;62.3467
8.68;0.2631;0.8916;0.7276;302.6348;169.1281;62.3145
8.70;0.2631;0.8916;0.7276;302.6347;169.1281;62.2984
8.72;0.2631;0.8915;0.7277;302.6348;169.1281;62.2819
8.73;0.2631;0.8913;0.7278;302.6347;169.1281;62.2886
8.75;0.2631;0.8912;0.7278;302.6347;169.1281;62.2541
8.77;0.2631;0.8912;0.7279;302.6347;169.1281;62.2463
8.78;0.2631;0.8910;0.7280;302.6347;169.1281;62.2343
8.80;0.2631;0.8910;0.7280;302.6347;169.1281;62.2857
8.82;0.2630;0.8909;0.7280;302.6348;169.1281;62.2389
8.83;0.2630;0.8909;0.7281;302.6347;169.1281;62.2224
8.85;0.2630;0.8908;0.7281;302.6347;169.1281;62.2147
8.87;0.2630;0.8908;0.7281;302.6347;169.1281;62.2072
8.88;0.2630;0.8906;0.7282;302.6347;169.1281;62.1741
8.90;0.2630;0.8906;0.7282;302.6348;169.1281;62.1665
8.92;0.2630;0.8905;0.7283;302.6348;169.1280;62.1583
8.93;0.2630;0.8904;0.7284;302.6348;169.1280;62.1260
8.95;0.2630;0.8902;0.7285;302.6347;169.1281;62.0847
8.97;0.2630;0.8902;0.7285;302.6347;169.1281;62.0847
8.98;0.2629;0.8899;0.7287;302.6347;169.1281;62.1290
9.00;0.2629;0.8899;0.7287;302.6347;169.1281;61.9859
9.02;0.2629;0.8897;0.7288;302.6347;169.1281;62.0626
9.03;0.2629;0.8896;0.7289;302.6347;169.1281;62.0419
9.05;0.2629;0.8894;0.7290;302.6347;169.1280;62.0091
9.07;0.2628;0.8893;0.7291;302.6347;169.1281;61.9845
9.08;0.2628;0.8890;0.7292;302.6348;169.1281;62.0035
9.10;0.2628;0.8889;0.7293;302.6347;169.1281;62.0075
9.12;0.2628;0.8889;0.7293;302.6347;169.1281;62.0192
9.13;0.2628;0.8888;0.7294;302.6348;169.1281;62.0430
9.15;0.2628;0.8887;0.7294;302.6348;169.1281;62.0198
9.17;0.2628;0.8886;0.7295;302.6347;169.1280;62.0516
9.18;0.2627;0.8885;0.7296;302.6347;169.1280;61.9802
9.20;0.2627;0.8884;0.7296;302.6347;169.1281;61.9727
9.22;0.2627;0.8884;0.7296;302.6347;169.1280;61.9003
9.23;0.2627;0.8883;0.7297;302.6347;169.1280;62.0100
9.25;0.2627;0.8882;0.7297;302.6347;169.1280;62.0236
9.27;0.2627;0.8882;0.7297;302.6347;169.1281;61.9882
9.28;0.2627;0.8881;0.7298;302.6347;169.1280;61.9738
9.30;0.2627;0.8881;0.7298;302.6347;169.1281;61.9865
9.32;0.2627;0.8880;0.7298;302.6347;169.1281;61.9794
9.33;0.2627;0.8880;0.7298;302.6347;169.1281;61.9272
9.35;0.2627;0.8880;0.7299;302.6347;169.1280;61.9934
9.37;0.2627;0.8880;0.7299;302.6347;169.1280;61.9934
9.38;0.2627;0.8880;0.7299;302.6348;169.1280;61.9947
9.40;0.2627;0.8880;0.7299;302.6347;169.1281;61.9864
9.42;0.2627;0.8879;0.7299;302.6347;169.1281;61.9864
9.43;0.2627;0.8879;0.7299;302.6348;169.1281;61.9794
9.45;0.2627;0.8879;0.7299;302.6347;169.1281;61.9260
9.47;0.2627;0.8879;0.7300;302.6348;169.1280;61.9909
9.48;0.2627;0.8879;0.7300;302.6347;169.1281;61.8978
9.50;0.2627;0.8879;0.7300;302.6347;169.1281;61.8978
9.52;0.2627;0.8879;0.7300;302.6347;169.1281;61.9710
9.53;0.2627;0.8879;0.7300;302.6347;169.1281;61.9710
9.55;0.2627;0.8879;0.7300;302.6347;169.1281;61.9710
9.57;0.2627;0.8879;0.7300;302.6347;169.1281;61.9724
9.58;0.2627;0.8879;0.7300;302.6347;169.1281;61.9710
9.60;0.2627;0.8879;0.7300;302.6347;169.1281;61.9724
9.62;0.2627;0.8879;0.7300;302.6347;169.1281;61.9724
9.63;0.2627;0.8879;0.7300;302.6347;169.1281;61.9724
9.65;0.2627;0.8879;0.7300;302.6347;169.1281;61.9724
9.67;0.2627;0.8879;0.7300;302.6347;169.1281;61.9724
9.68;0.2627;0.8879;0.7300;302.6347;169.1281;61.8992
9.70;0.2627;0.8879;0.7300;302.6347;169.1281;61.9738
9.72;0.2627;0.8879;0.7300;302.6347;169.1281;61.9738
9.73;0.2627;0.8879;0.7300;302.6347;169.1281;61.9738
9.75;0.2627;0.8879;0.7300;302.6347;169.1281;61.9724
9.77;0.2627;0.8879;0.7300;302.6347;169.1281;61.9724
9.78;0.2627;0.8879;0.7300;302.6347;169.1281;61.9328
9.80;0.2627;0.8879;0.7300;302.6347;169.1281;61.9738
9.82;0.2627;0.8879;0.7300;302.6347;169.1281;61.9020
9.83;0.2627;0.8879;0.7300;302.6347;169.1281;61.9020
9.85;0.2627;0.8879;0.7300;302.6347;169.1281;61.9738
9.87;0.2627;0.8879;0.7300;302.6347;169.1281;61.9738
9.88;0.2627;0.8879;0.7300;302.6347;169.1281;61.9738
9.90;0.2627;0.8879;0.7300;302.6347;169.1281;61.9020
9.92;0.2627;0.8879;0.7300;302.6347;169.1281;61.9738
9.93;0.2627;0.8879;0.7300;302.6347;169.1281;61.9738
9.95;0.2627;0.8879;0.7300;302.6347;169.1281;61.9738
9.97;0.2627;0.8879;0.7300;302.6347;169.1281;61.9738
9.98;0.2627;0.8879;0.7299;302.6347;169.1281;61.9539
10.00;0.2627;0.8879;0.7299;302.6347;169.1281;61.9539
10.02;0.2627;0.8879;0.7299;302.6347;169.1281;61.9539
10.03;0.2627;0.8879;0.7299;302.6347;169.1281;61.9554
10.05;0.2627;0.8879;0.7299;302.6347;169.1281;61.9637
10.07;0.2627;0.8879;0.7299;302.6347;169.1281;61.9622
10.08;0.2627;0.8879;0.7299;302.6347;169.1281;61.9554
10.10;0.2627;0.8879;0.7299;302.6347;169.1281;61.9539
10.12;0.2627;0.8879;0.7299;302.6347;169.1281;61.8807
10.13;0.2627;0.8879;0.7299;302.6347;169.1281;61.8807
10.15;0.2627;0.8879;0.7299;302.6348;169.1281;61.9129
10.17;0.2627;0.8879;0.7299;302.6347;169.1281;61.8411
10.18;0.2627;0.8879;0.7299;302.6347;169.1281;61.9226
10.20;0.2627;0.8879;0.7299;302.6348;169.1281;61.9226
10.22;0.2627;0.8879;0.7299;302.6347;169.1280;61.9637
10.23;0.2627;0.8879;0.7299;302.6347;169.1280;61.9637
10.25;0.2627;0.8879;0.7299;302.6347;169.1281;61.9226
10.27;0.2627;0.8879;0.7299;302.6347;169.1280;61.9226
10.28;0.2627;0.8879;0.7299;302.6347;169.1280;61.8815
10.30;0.2627;0.8879;0.7299;302.6347;169.1280;61.8083
10.32;0.2627;0.8879;0.7299;302.6347;169.1280;61.8815
10.33;0.2627;0.8879;0.7299;302.6347;169.1280;61.8616
10.35;0.2627;0.8879;0.7299;302.6347;169.1280;61.8616
10.37;0.2627;0.8879;0.7299;302.6347;169.1280;61.8616
10.38;0.2627;0.8879;0.7299;302.6347;169.1280;61.8616
10.40;0.2627;0.8879;0.7299;302.6347;169.1280;61.8616
10.42;0.2627;0.8879;0.7299;302.6347;169.1280;61.8205
10.43;0.2627;0.8879;0.7299;302.6347;169.1280;61.8205
10.45;0.2627;0.8879;0.7299;302.6347;169.1280;61.8205
10.47;0.2627;0.8879;0.7299;302.6348;169.1281;61.7473
10.48;0.2627;0.8879;0.7299;302.6347;169.1280;61.7061
10.50;0.2627;0.8879;0.7299;302.6347;169.1280;61.7061
10.52;0.2627;0.8879;0.7299;302.6348;169.1280;61.7793
10.53;0.2627;0.8879;0.7299;302.6348;169.1280;61.7793
10.55;0.2627;0.8879;0.7299;302.6348;169.1280;61.6649
10.57;0.2627;0.8879;0.7299;302.6347;169.1280;61.6969
10.58;0.2627;0.8879;0.7299;302.6348;169.1280;61.6969
10.60;0.2627;0.8879;0.7299;302.6347;169.1280;61.6981
10.62;0.2627;0.8879;0.7299;302.6347;169.1280;61.6249
10.63;0.2627;0.8879;0.7299;302.6347;169.1280;61.6556
10.65;0.2627;0.8879;0.7299;302.6347;169.1280;61.6969
10.67;0.2627;0.8879;0.7299;302.6347;169.1280;61.6568
10.68;0.2627;0.8879;0.7299;302.6347;169.1280;61.6640
10.70;0.2627;0.8879;0.7299;302.6347;169.1280;61.6640
10.72;0.2627;0.8879;0.7299;302.6347;169.1280;61.7053
10.73;0.2627;0.8879;0.7299;302.6347;169.1280;61.7066
10.75;0.2627;0.8879;0.7299;302.6348;169.1280;61.6652
10.77;0.2627;0.8879;0.7299;302.6348;169.1280;61.6652
10.78;0.2627;0.8880;0.7299;302.6347;169.1280;61.6736
10.80;0.2627;0.8880;0.7299;302.6347;169.1280;61.6736
10.82;0.2627;0.8880;0.7299;302.6347;169.1280;61.6736
10.83;0.2627;0.8880;0.7299;302.6347;169.1280;61.6820
10.85;0.2627;0.8880;0.7299;302.6347;169.1280;61.6407
10.87;0.2627;0.8880;0.7299;302.6347;169.1280;61.6407
10.88;0.2627;0.8880;0.7299;302.6347;169.1280;61.6621
10.90;0.2627;0.8880;0.7299;302.6347;169.1280;61.6208
10.92;0.2627;0.8880;0.7299;302.6347;169.1280;61.6208
10.93;0.2627;0.8880;0.7299;302.6347;169.1280;61.6940
10.95;0.2627;0.8880;0.7299;302.6347;169.1280;61.6526
10.97;0.2627;0.8880;0.7299;302.6347;169.1280;61.6526
10.98;0.2627;0.8880;0.7299;302.6347;169.1280;61.6845
11.00;0.2627;0.8880;0.7299;302.6347;169.1280;61.6845
11.02;0.2627;0.8880;0.7299;302.6347;169.1280;61.7577
11.03;0.2627;0.8880;0.7299;302.6347;169.1280;61.7577
11.05;0.2627;0.8880;0.7299;302.6347;169.1280;61.7362
11.07;0.2627;0.8880;0.7299;302.6347;169.1280;61.7362
11.08;0.2627;0.8880;0.7299;302.6347;169.1280;61.8105
11.10;0.2627;0.8880;0.7299;302.6347;169.1280;61.8105
11.12;0.2627;0.8880;0.7299;302.6347;169.1280;61.7691
11.13;0.2627;0.8880;0.7299;302.6347;169.1280;61.7701
11.15;0.2627;0.8880;0.7299;302.6347;169.1280;61.7701
11.17;0.2627;0.8880;0.7299;302.6347;169.1280;61.7701
11.18;0.2627;0.8880;0.7299;302.6347;169.1280;61.7701
11.20;0.2627;0.8880;0.7299;302.6347;169.1280;61.7701
11.22;0.2627;0.8880;0.7299;302.6347;169.1280;61.8445
11.23;0.2627;0.8880;0.7299;302.6347;169.1280;61.8434
11.25;0.2627;0.8880;0.7299;302.6347;169.1280;61.7296
11.27;0.2627;0.8880;0.7299;302.6347;169.1280;61.7296
11.28;0.2627;0.8880;0.7299;302.6347;169.1280;61.7296
11.30;0.2627;0.8880;0.7299;302.6347;169.1280;61.8029
11.32;0.2627;0.8880;0.7299;302.6347;169.1280;61.8445
11.33;0.2627;0.8880;0.7299;302.6347;169.1280;61.8445
11.35;0.2627;0.8880;0.7299;302.6347;169.1280;61.7296
11.37;0.2627;0.8880;0.7299;302.6347;169.1280;61.8040
11.38;0.2627;0.8880;0.7299;302.6347;169.1280;61.6890
11.40;0.2627;0.8880;0.7299;302.6347;169.1280;61.7612
11.42;0.2627;0.8880;0.7299;302.6347;169.1280;61.7623
11.43;0.2627;0.8880;0.7299;302.6347;169.1280;61.7938
11.45;0.2627;0.8880;0.7299;302.6347;169.1280;61.7938
11.47;0.2627;0.8880;0.7299;302.6347;169.1280;61.8253
11.48;0.2627;0.8880;0.7299;302.6347;169.1280;61.8986
11.50;0.2627;0.8880;0.7299;302.6347;169.1280;61.8986
11.52;0.2627;0.8880;0.7299;302.6347;169.1280;61.9186
11.53;0.2627;0.8880;0.7299;302.6347;169.1280;61.8768
11.55;0.2627;0.8880;0.7299;302.6347;169.1280;61.8768
11.57;0.2627;0.8880;0.7299;302.6347;169.1280;61.8768
11.58;0.2627;0.8880;0.7299;302.6347;169.1280;61.8768
11.60;0.2627;0.8880;0.7299;302.6347;169.1280;61.8768
11.62;0.2627;0.8880;0.7299;302.6347;169.1280;61.8768
11.63;0.2627;0.8880;0.7299;302.6347;169.1280;61.9501
11.65;0.2627;0.8880;0.7299;302.6347;169.1280;61.8778
11.67;0.2627;0.8879;0.7299;302.6347;169.1280;61.9701
11.68;0.2627;0.8879;0.7299;302.6347;169.1280;61.9701
11.70;0.2627;0.8879;0.7299;302.6347;169.1280;61.9701
11.72;0.2627;0.8879;0.7299;302.6347;169.1280;61.8968
11.73;0.2627;0.8879;0.7299;302.6347;169.1280;61.8968
11.75;0.2627;0.8879;0.7299;302.6347;169.1280;61.9701
11.77;0.2627;0.8879;0.7299;302.6347;169.1280;61.9701
11.78;0.2627;0.8879;0.7299;302.6347;169.1280;61.8978
11.80;0.2627;0.8879;0.7299;302.6347;169.1280;61.9701
11.82;0.2627;0.8879;0.7299;302.6347;169.1280;61.9710
11.83;0.2627;0.8879;0.7299;302.6347;169.1280;61.9292
11.85;0.2627;0.8879;0.7299;302.6347;169.1280;61.9710
11.87;0.2627;0.8879;0.7299;302.6347;169.1280;61.8978
11.88;0.2627;0.8879;0.7299;302.6347;169.1280;61.8978
11.90;0.2627;0.8879;0.7299;302.6347;169.1280;61.9710
11.92;0.2627;0.8879;0.7299;302.6347;169.1280;61.8978
11.93;0.2627;0.8879;0.7299;302.6347;169.1280;61.9292
11.95;0.2627;0.8879;0.7299;302.6347;169.1280;61.9710
11.97;0.2627;0.8879;0.7299;302.6347;169.1280;61.9710
11.98;0.2627;0.8879;0.7299;302.6347;169.1280;61.9710
12.00;0.2627;0.8879;0.7299;302.6347;169.1280;61.9710
12.02;0.2627;0.8879;0.7299;302.6347;169.1280;61.9710
12.03;0.2627;0.8879;0.7299;302.6347;169.1280;61.9710
12.05;0.2627;0.8879;0.7299;302.6347;169.1280;61.9710
12.07;0.2627;0.8879;0.7299;302.6347;169.1280;61.9710
12.08;0.2627;0.8879;0.7299;302.6347;169.1280;61.9710
12.10;0.2627;0.8879;0.7299;302.6347;169.1280;61.9710
12.12;0.2627;0.8879;0.7299;302.6347;169.1280;61.9710
12.13;0.2627;0.8879;0.7299;302.6347;169.1280;61.9710
12.15;0.2627;0.8879;0.7299;302.6347;169.1280;61.9710
12.17;0.2627;0.8879;0.7299;302.6347;169.1280;61.8978
12.18;0.2627;0.8879;0.7299;302.6347;169.1280;61.8978
12.20;0.2627;0.8880;0.7299;302.6347;169.1280;61.9510
12.22;0.2627;0.8880;0.7299;302.6347;169.1280;61.9510
12.23;0.2627;0.8880;0.7299;302.6347;169.1280;61.9510
12.25;0.2627;0.8880;0.7299;302.6347;169.1280;61.9510
12.27;0.2627;0.8880;0.7299;302.6347;169.1280;61.9510
12.28;0.2627;0.8880;0.7299;302.6347;169.1280;61.9510
12.30;0.2627;0.8880;0.7299;302.6347;169.1280;61.9510
12.32;0.2627;0.8880;0.7299;302.6347;169.1280;61.9510
12.33;0.2627;0.8880;0.7299;302.6347;169.1280;61.9510
12.35;0.2627;0.8879;0.7299;302.6347;169.1280;61.9710
12.37;0.2627;0.8879;0.7299;302.6347;169.1280;61.9710
12.38;0.2627;0.8879;0.7299;302.6347;169.1280;61.9710
12.40;0.2627;0.8879;0.7299;302.6347;169.1280;61.9710
12.42;0.2627;0.8879;0.7299;302.6347;169.1280;62.0024
12.43;0.2627;0.8879;0.7299;302.6347;169.1280;61.9710
12.45;0.2627;0.8879;0.7299;302.6347;169.1280;62.0443
12.47;0.2627;0.8879;0.7299;302.6347;169.1280;62.0443
12.48;0.2627;0.8879;0.7299;302.6347;169.1280;62.0443
12.50;0.2627;0.8879;0.7299;302.6347;169.1280;62.0443
12.52;0.2627;0.8879;0.7299;302.6347;169.1280;61.9711
12.53;0.2627;0.8879;0.7299;302.6347;169.1280;61.9711
12.55;0.2627;0.8879;0.7299;302.6347;169.1280;62.0443
12.57;0.2627;0.8879;0.7299;302.6347;169.1280;62.0443
12.58;0.2627;0.8879;0.7299;302.6347;169.1280;61.9292
12.60;0.2627;0.8879;0.7299;302.6347;169.1280;62.0453
12.62;0.2627;0.8879;0.7299;302.6347;169.1280;62.0453
12.63;0.2627;0.8879;0.7299;302.6347;169.1280;62.0453
12.65;0.2627;0.8879;0.7299;302.6347;169.1280;62.0443
12.67;0.2627;0.8879;0.7299;302.6347;169.1280;62.0443
12.68;0.2627;0.8879;0.7299;302.6347;169.1280;62.0443
12.70;0.2627;0.8879;0.7299;302.6347;169.1280;62.0453
12.72;0.2627;0.8879;0.7299;302.6347;169.1280;62.0453
12.73;0.2627;0.8879;0.7299;302.6347;169.1280;62.0443
12.75;0.2627;0.8879;0.7299;302.6347;169.1280;62.0443
12.77;0.2627;0.8879;0.7299;302.6347;169.1280;61.9721
12.78;0.2627;0.8879;0.7299;302.6347;169.1280;62.0443
12.80;0.2627;0.8879;0.7299;302.6347;169.1280;62.0443
12.82;0.2627;0.8879;0.7299;302.6347;169.1280;62.0443
12.83;0.2627;0.8879;0.7299;302.6347;169.1280;62.0443
12.85;0.2627;0.8879;0.7299;302.6347;169.1280;62.0025
12.87;0.2627;0.8879;0.7299;302.6347;169.1280;62.0443
12.88;0.2627;0.8879;0.7299;302.6347;169.1280;62.0443
12.90;0.2627;0.8879;0.7299;302.6347;169.1280;62.0443
12.92;0.2627;0.8879;0.7299;302.6347;169.1280;62.0443
12.93;0.2627;0.8879;0.7299;302.6347;169.1280;62.0025
12.95;0.2627;0.8879;0.7299;302.6347;169.1280;62.0443
12.97;0.2627;0.8879;0.7299;302.6347;169.1280;62.0443
12.98;0.2627;0.8879;0.7299;302.6347;169.1280;62.0443
13.00;0.2627;0.8879;0.7299;302.6347;169.1280;62.0443
13.02;0.2627;0.8879;0.7299;302.6347;169.1280;62.0443
13.03;0.2627;0.8879;0.7299;302.6347;169.1280;62.0358
13.05;0.2627;0.8879;0.7299;302.6347;169.1280;62.0358
13.07;0.2627;0.8879;0.7299;302.6347;169.1280;62.0358
13.08;0.2627;0.8879;0.7299;302.6347;169.1280;61.9939
13.10;0.2627;0.8879;0.7299;302.6347;169.1280;62.0368
13.12;0.2627;0.8879;0.7299;302.6347;169.1280;62.0368
13.13;0.2627;0.8879;0.7299;302.6347;169.1280;62.0368
13.15;0.2627;0.8879;0.7299;302.6347;169.1280;62.0368
13.17;0.2627;0.8879;0.7299;302.6347;169.1280;62.0368
13.18;0.2627;0.8879;0.7299;302.6347;169.1280;62.0368
13.20;0.2627;0.8879;0.7299;302.6347;169.1280;62.0368
13.22;0.2627;0.8879;0.7299;302.6347;169.1280;61.9949
13.23;0.2627;0.8879;0.7299;302.6347;169.1280;61.9949
13.25;0.2627;0.8879;0.7299;302.6347;169.1280;62.0882
13.27;0.2627;0.8879;0.7299;302.6347;169.1280;62.0882
13.28;0.2627;0.8879;0.7299;302.6347;169.1280;62.0568
13.30;0.2627;0.8879;0.7299;302.6347;169.1280;62.0568
13.32;0.2627;0.8879;0.7299;302.6347;169.1280;62.0568
13.33;0.2627;0.8879;0.7299;302.6347;169.1280;62.0568
13.35;0.2627;0.8879;0.7299;302.6347;169.1280;62.0681
13.37;0.2627;0.8879;0.7299;302.6347;169.1280;61.9949
13.38;0.2627;0.8879;0.7299;302.6347;169.1280;62.0368
13.40;0.2627;0.8879;0.7299;302.6347;169.1280;62.0368
13.42;0.2627;0.8879;0.7299;302.6347;169.1280;61.9749
13.43;0.2627;0.8879;0.7299;302.6347;169.1280;61.9949
13.45;0.2627;0.8879;0.7299;302.6347;169.1280;62.0368
13.47;0.2627;0.8879;0.7299;302.6347;169.1280;61.9949
13.48;0.2627;0.8879;0.7299;302.6347;169.1280;62.0368
13.50;0.2627;0.8879;0.7299;302.6347;169.1280;62.0368
13.52;0.2627;0.8879;0.7299;302.6347;169.1280;61.9949
13.53;0.2627;0.8879;0.7299;302.6347;169.1280;61.9949
13.55;0.2627;0.8879;0.7299;302.6347;169.1280;61.9949
13.57;0.2627;0.8879;0.7299;302.6347;169.1280;61.9949
13.58;0.2627;0.8879;0.7299;302.6347;169.1280;62.0262
13.60;0.2627;0.8879;0.7299;302.6347;169.1281;61.9529
13.62;0.2627;0.8879;0.7299;302.6347;169.1280;62.0262
13.63;0.2627;0.8879;0.7299;302.6347;169.1281;61.9529
13.65;0.2627;0.8879;0.7299;302.6347;169.1280;62.0262
13.67;0.2627;0.8879;0.7299;302.6347;169.1280;62.0272
13.68;0.2627;0.8879;0.7300;302.6347;169.1281;61.9453
13.70;0.2627;0.8879;0.7300;302.6347;169.1281;61.9464
13.72;0.2627;0.8879;0.7300;302.6347;169.1281;61.9043
13.73;0.2627;0.8879;0.7300;302.6347;169.1281;61.9464
13.75;0.2627;0.8878;0.7300;302.6347;169.1281;61.9253
13.77;0.2627;0.8878;0.7300;302.6347;169.1281;61.9253
13.78;0.2627;0.8878;0.7300;302.6347;169.1281;61.9674
13.80;0.2627;0.8878;0.7300;302.6347;169.1281;61.9686
13.82;0.2627;0.8878;0.7300;302.6347;169.1281;61.9264
13.83;0.2627;0.8878;0.7300;302.6347;169.1281;61.9253
13.85;0.2627;0.8878;0.7300;302.6347;169.1281;61.9264
13.87;0.2627;0.8878;0.7300;302.6347;169.1281;61.9686
13.88;0.2627;0.8878;0.7300;302.6347;169.1281;61.9264
13.90;0.2627;0.8878;0.7300;302.6347;169.1281;61.9264
13.92;0.2627;0.8878;0.7300;302.6347;169.1281;61.9997
13.93;0.2627;0.8879;0.7300;302.6347;169.1281;61.9796
13.95;0.2627;0.8878;0.7300;302.6347;169.1281;61.9064
13.97;0.2627;0.8878;0.7300;302.6347;169.1281;61.9063
13.98;0.2627;0.8878;0.7300;302.6348;169.1281;61.9374
14.00;0.2627;0.8878;0.7300;302.6347;169.1281;61.9063
14.02;0.2627;0.8878;0.7300;302.6347;169.1281;61.8642
14.03;0.2627;0.8878;0.7300;302.6348;169.1281;61.9374
14.05;0.2627;0.8878;0.7300;302.6348;169.1281;61.9374
14.07;0.2627;0.8878;0.7300;302.6347;169.1281;62.0008
14.08;0.2627;0.8878;0.7300;302.6347;169.1281;61.9997
14.10;0.2627;0.8878;0.7300;302.6347;169.1281;61.9586
14.12;0.2627;0.8878;0.7300;302.6348;169.1281;61.9585
14.13;0.2627;0.8878;0.7300;302.6347;169.1281;62.0008
14.15;0.2627;0.8878;0.7300;302.6347;169.1281;62.0008
14.17;0.2627;0.8878;0.7300;302.6347;169.1281;61.9997
14.18;0.2627;0.8878;0.7300;302.6347;169.1281;61.9996
14.20;0.2627;0.8878;0.7300;302.6347;169.1281;62.0008
14.22;0.2627;0.8878;0.7300;302.6347;169.1281;62.0008
14.23;0.2627;0.8878;0.7300;302.6347;169.1281;62.0094
14.25;0.2627;0.8878;0.7300;302.6348;169.1281;61.9361
14.27;0.2627;0.8878;0.7300;302.6347;169.1281;62.0094
14.28;0.2627;0.8879;0.7300;302.6348;169.1281;61.9893
14.30;0.2627;0.8879;0.7300;302.6348;169.1281;61.9893
14.32;0.2627;0.8879;0.7300;302.6348;169.1281;61.9882
14.33;0.2627;0.8879;0.7300;302.6348;169.1281;61.9161
14.35;0.2627;0.8879;0.7300;302.6347;169.1281;61.9893
14.37;0.2627;0.8879;0.7300;302.6347;169.1281;61.9893
14.38;0.2627;0.8879;0.7299;302.6348;169.1281;61.9968
14.40;0.2627;0.8879;0.7299;302.6348;169.1281;61.9968
14.42;0.2627;0.8879;0.7299;302.6348;169.1281;61.9968
14.43;0.2627;0.8879;0.7299;302.6348;169.1281;61.9968
14.45;0.2627;0.8879;0.7299;302.6347;169.1281;61.9742
14.47;0.2627;0.8879;0.7299;302.6347;169.1281;62.0054
14.48;0.2627;0.8879;0.7299;302.6347;169.1281;62.0043
14.50;0.2627;0.8879;0.7299;302.6348;169.1280;62.0043
14.52;0.2627;0.8879;0.7299;302.6348;169.1280;62.0043
14.53;0.2627;0.8879;0.7299;302.6348;169.1280;62.0043
14.55;0.2627;0.8879;0.7299;302.6347;169.1280;62.0118
14.57;0.2627;0.8879;0.7299;302.6347;169.1280;62.0118
14.58;0.2627;0.8879;0.7299;302.6347;169.1280;62.0204
14.60;0.2627;0.8879;0.7299;302.6347;169.1280;62.0204
14.62;0.2627;0.8879;0.7299;302.6347;169.1280;62.0204
14.63;0.2627;0.8880;0.7299;302.6347;169.1281;62.0280
14.65;0.2627;0.8880;0.7299;302.6347;169.1281;62.0280
14.67;0.2627;0.8880;0.7299;302.6347;169.1281;62.0280
14.68;0.2627;0.8880;0.7299;302.6347;169.1280;62.0280
14.70;0.2627;0.8880;0.7299;302.6347;169.1280;62.0280
14.72;0.2627;0.8880;0.7299;302.6347;169.1280;62.0280
14.73;0.2627;0.8880;0.7299;302.6347;169.1280;62.0270
14.75;0.2627;0.8880;0.7299;302.6347;169.1280;62.0689
14.77;0.2627;0.8880;0.7299;302.6347;169.1280;62.0280
14.78;0.2627;0.8880;0.7299;302.6347;169.1280;62.0689
14.80;0.2627;0.8880;0.7299;302.6347;169.1280;62.0270
14.82;0.2627;0.8880;0.7299;302.6347;169.1280;62.0270
14.83;0.2627;0.8880;0.7299;302.6347;169.1280;62.0356
14.85;0.2627;0.8880;0.7299;302.6348;169.1280;62.0441
14.87;0.2627;0.8880;0.7299;302.6348;169.1280;62.0441
14.88;0.2627;0.8880;0.7298;302.6348;169.1280;62.0946
14.90;0.2627;0.8880;0.7298;302.6347;169.1280;62.0936
14.92;0.2627;0.8880;0.7298;302.6347;169.1280;62.0517
14.93;0.2627;0.8880;0.7298;302.6347;169.1280;62.0936
14.95;0.2627;0.8880;0.7298;302.6347;169.1280;62.0926
14.97;0.2627;0.8880;0.7298;302.6348;169.1280;62.0926
14.98;0.2627;0.8881;0.7298;302.6347;169.1280;62.1012
15.00;0.2627;0.8881;0.7298;302.6347;169.1280;62.1012
15.02;0.2627;0.8881;0.7298;302.6347;169.1280;62.1012
15.03;0.2627;0.8881;0.7298;302.6347;169.1280;62.1012
15.05;0.2627;0.8881;0.7298;302.6348;169.1280;62.0803
15.07;0.2627;0.8881;0.7298;302.6348;169.1280;62.0803
15.08;0.2627;0.8881;0.7298;302.6348;169.1280;62.0803
15.10;0.2627;0.8881;0.7298;302.6348;169.1280;62.0803
15.12;0.2627;0.8881;0.7298;302.6348;169.1280;62.0794
15.13;0.2627;0.8881;0.7298;302.6347;169.1280;62.0888
15.15;0.2627;0.8881;0.7298;302.6348;169.1280;62.0879
15.17;0.2627;0.8881;0.7298;302.6347;169.1280;62.0888
15.18;0.2627;0.8881;0.7298;302.6347;169.1280;62.0888
15.20;0.2627;0.8881;0.7298;302.6347;169.1280;62.0888
15.22;0.2627;0.8881;0.7298;302.6347;169.1280;62.0888
15.23;0.2627;0.8881;0.7298;302.6348;169.1280;62.0879
15.25;0.2627;0.8881;0.7298;302.6348;169.1280;62.0888
15.27;0.2627;0.8881;0.7298;302.6347;169.1280;62.0965
15.28;0.2627;0.8881;0.7298;302.6347;169.1280;62.0965
15.30;0.2627;0.8881;0.7298;302.6347;169.1280;62.0965
15.32;0.2627;0.8882;0.7297;302.6348;169.1280;62.0734
15.33;0.2627;0.8882;0.7297;302.6347;169.1280;62.0117
15.35;0.2627;0.8882;0.7297;302.6348;169.1280;62.0841
15.37;0.2627;0.8882;0.7297;302.6347;169.1280;62.0927
15.38;0.2627;0.8882;0.7297;302.6347;169.1280;62.0919
15.40;0.2627;0.8883;0.7297;302.6347;169.1280;62.1004
15.42;0.2627;0.8883;0.7297;302.6347;169.1280;62.0996
15.43;0.2627;0.8883;0.7297;302.6347;169.1280;62.0996
15.45;0.2627;0.8883;0.7297;302.6347;169.1280;62.0989
15.47;0.2627;0.8883;0.7297;302.6347;169.1280;62.1074
15.48;0.2627;0.8883;0.7297;302.6347;169.1280;62.0867
15.50;0.2627;0.8883;0.7297;302.6347;169.1280;62.0867
15.52;0.2627;0.8883;0.7297;302.6347;169.1280;62.0661
15.53;0.2627;0.8883;0.7297;302.6347;169.1280;62.0661
15.55;0.2627;0.8884;0.7296;302.6347;169.1280;62.0661
15.57;0.2627;0.8884;0.7296;302.6347;169.1280;62.0740
15.58;0.2627;0.8884;0.7296;302.6347;169.1280;62.0740
15.60;0.2627;0.8884;0.7296;302.6347;169.1280;62.0740
15.62;0.2627;0.8884;0.7296;302.6347;169.1280;62.0740
15.63;0.2627;0.8884;0.7296;302.6347;169.1280;62.0540
15.65;0.2627;0.8884;0.7296;302.6347;169.1280;62.0535
15.67;0.2627;0.8884;0.7296;302.6347;169.1280;62.0948
15.68;0.2627;0.8884;0.7296;302.6347;169.1280;62.0704
15.70;0.2627;0.8885;0.7296;302.6347;169.1280;62.0589
15.72;0.2627;0.8885;0.7295;302.6347;169.1280;62.0589
15.73;0.2628;0.8885;0.7295;302.6347;169.1280;62.0354
15.75;0.2628;0.8886;0.7295;302.6347;169.1280;62.0753
15.77;0.2628;0.8887;0.7294;302.6347;169.1280;62.1093
15.78;0.2628;0.8887;0.7294;302.6347;169.1280;62.1082
15.80;0.2628;0.8888;0.7294;302.6347;169.1280;62.1082
15.82;0.2628;0.8888;0.7294;302.6347;169.1280;62.1048
15.83;0.2628;0.8888;0.7293;302.6347;169.1280;62.1128
15.85;0.2628;0.8889;0.7293;302.6347;169.1280;62.1090
15.87;0.2628;0.8889;0.7293;302.6347;169.1280;62.1090
15.88;0.2628;0.8890;0.7292;302.6347;169.1280;62.0970
15.90;0.2628;0.8890;0.7292;302.6347;169.1280;62.0770
15.92;0.2628;0.8890;0.7292;302.6347;169.1280;62.0854
15.93;0.2628;0.8891;0.7292;302.6347;169.1280;62.0853
15.95;0.2628;0.8891;0.7292;302.6347;169.1280;62.0851
15.97;0.2628;0.8891;0.7292;302.6347;169.1280;62.0851
15.98;0.2628;0.8891;0.7292;302.6347;169.1280;62.1175
16.00;0.2628;0.8891;0.7292;302.6347;169.1280;62.1257
16.02;0.2628;0.8891;0.7292;302.6347;169.1280;62.1341
16.03;0.2628;0.8892;0.7291;302.6347;169.1280;62.1308
16.05;0.2628;0.8892;0.7291;302.6347;169.1280;62.0986
16.07;0.2628;0.8892;0.7291;302.6347;169.1280;62.0986
16.08;0.2629;0.8894;0.7290;302.6347;169.1280;62.1727
16.10;0.2629;0.8894;0.7290;302.6347;169.1280;62.1321
16.12;0.2629;0.8894;0.7290;302.6347;169.1280;62.1810
16.13;0.2629;0.8894;0.7290;302.6347;169.1280;62.1489
16.15;0.2629;0.8895;0.7289;302.6347;169.1280;62.1573
16.17;0.2629;0.8895;0.7289;302.6347;169.1280;62.1657
16.18;0.2629;0.8896;0.7289;302.6347;169.1280;62.1945
16.20;0.2629;0.8896;0.7289;302.6347;169.1280;62.1542
16.22;0.2629;0.8896;0.7289;302.6347;169.1280;62.1542
16.23;0.2629;0.8896;0.7289;302.6347;169.1280;62.1542
16.25;0.2629;0.8896;0.7289;302.6347;169.1280;62.1626
16.27;0.2629;0.8896;0.7289;302.6347;169.1280;62.1626
16.28;0.2629;0.8896;0.7289;302.6347;169.1280;62.1626
16.30;0.2629;0.8896;0.7289;302.6347;169.1280;62.2029
16.32;0.2629;0.8896;0.7289;302.6347;169.1280;62.1626
16.33;0.2629;0.8896;0.7288;302.6347;169.1280;62.1626
16.35;0.2629;0.8897;0.7288;302.6347;169.1280;62.2443
16.37;0.2629;0.8897;0.7288;302.6347;169.1280;62.1710
16.38;0.2629;0.8897;0.7288;302.6347;169.1280;62.2412
16.40;0.2629;0.8897;0.7288;302.6347;169.1280;62.2412
16.42;0.2629;0.8898;0.7288;302.6347;169.1280;62.2166
16.43;0.2629;0.8898;0.7287;302.6347;169.1280;62.1848
16.45;0.2629;0.8898;0.7287;302.6347;169.1280;62.2664
16.47;0.2629;0.8899;0.7287;302.6347;169.1280;62.2016
16.48;0.2629;0.8899;0.7287;302.6347;169.1280;62.2833
16.50;0.2629;0.8899;0.7287;302.6347;169.1280;62.2833
16.52;0.2629;0.8899;0.7286;302.6347;169.1280;62.2586
16.53;0.2629;0.8900;0.7286;302.6347;169.1280;62.1985
16.55;0.2629;0.8900;0.7286;302.6347;169.1280;62.1738
16.57;0.2629;0.8900;0.7286;302.6347;169.1280;62.3204
16.58;0.2629;0.8902;0.7285;302.6347;169.1280;62.3207
16.60;0.2630;0.8902;0.7285;302.6347;169.1280;62.3207
16.62;0.2630;0.8902;0.7285;302.6347;169.1280;62.3291
16.63;0.2630;0.8903;0.7284;302.6347;169.1280;62.3943
16.65;0.2630;0.8905;0.7283;302.6347;169.1280;62.4477
16.67;0.2630;0.8905;0.7283;302.6347;169.1280;62.4960
16.68;0.2630;0.8907;0.7282;302.6347;169.1280;62.5690
16.70;0.2630;0.8907;0.7282;302.6347;169.1280;62.6170
16.72;0.2630;0.8908;0.7281;302.6347;169.1280;62.6252
16.73;0.2630;0.8908;0.7281;302.6347;169.1280;62.6332
16.75;0.2630;0.8909;0.7280;302.6347;169.1280;62.6498
16.77;0.2630;0.8909;0.7280;302.6347;169.1280;62.6380
16.78;0.2631;0.8910;0.7280;302.6347;169.1280;62.6463
16.80;0.2631;0.8910;0.7280;302.6347;169.1280;62.6463
16.82;0.2631;0.8910;0.7280;302.6347;169.1280;62.6739
16.83;0.2631;0.8910;0.7280;302.6347;169.1280;62.6540
16.85;0.2631;0.8910;0.7280;302.6347;169.1280;62.6540
16.87;0.2631;0.8911;0.7279;302.6347;169.1280;62.6534
16.88;0.2631;0.8911;0.7279;302.6347;169.1280;62.6417
16.90;0.2631;0.8911;0.7279;302.6347;169.1280;62.6026
16.92;0.2631;0.8912;0.7279;302.6347;169.1280;62.6109
16.93;0.2631;0.8912;0.7279;302.6347;169.1280;62.6501
16.95;0.2631;0.8912;0.7279;302.6347;169.1280;62.6192
16.97;0.2631;0.8912;0.7278;302.6347;169.1280;62.6667
16.98;0.2631;0.8913;0.7278;302.6347;169.1280;62.6524
17.00;0.2631;0.8913;0.7278;302.6347;169.1280;62.6524
17.02;0.2631;0.8914;0.7277;302.6347;169.1280;62.6691
17.03;0.2631;0.8914;0.7277;302.6347;169.1280;62.6774
17.05;0.2631;0.8916;0.7276;302.6347;169.1280;62.7297
17.07;0.2631;0.8916;0.7276;302.6347;169.1280;62.7380
17.08;0.2631;0.8918;0.7275;302.6347;169.1280;62.7820
17.10;0.2632;0.8918;0.7274;302.6347;169.1280;62.7786
