7.55;0.2947;0.8900;0.7348;304.9401;142.2411;87.0433
7.57;0.2948;0.8899;0.7348;304.9844;142.1883;87.0315
7.58;0.2947;0.8898;0.7349;304.9524;142.2050;87.0540
7.60;0.2947;0.8898;0.7349;304.9524;142.2050;87.0540
7.62;0.2947;0.8897;0.7348;304.9614;142.2594;87.0164
7.63;0.2946;0.8897;0.7350;304.9204;142.2690;87.0032
7.65;0.2946;0.8897;0.7350;304.8793;142.2551;86.9900
7.67;0.2945;0.8897;0.7350;304.8883;142.3095;87.0256
7.68;0.2946;0.8896;0.7350;304.9414;142.3111;86.9759
7.70;0.2946;0.8896;0.7350;304.9414;142.3111;86.9759
7.72;0.2945;0.8897;0.7351;304.8822;142.2592;87.0378
7.73;0.2946;0.8898;0.7353;304.8582;142.1235;87.1987
7.75;0.2946;0.8898;0.7353;304.8582;142.1235;87.1987
7.77;0.2946;0.8898;0.7354;304.7992;142.0475;87.2610
7.78;0.2947;0.8898;0.7355;304.8342;141.9641;87.3595
7.80;0.2947;0.8898;0.7355;304.8342;141.9641;87.3595
7.82;0.2947;0.8899;0.7356;304.7753;141.8880;87.4220
7.83;0.2947;0.8899;0.7356;304.7753;141.8880;87.4220
7.85;0.2949;0.8898;0.7356;304.8104;141.8046;87.4472
7.87;0.2949;0.8898;0.7356;304.8104;141.8046;87.4472
7.88;0.2949;0.8898;0.7356;304.8104;141.8047;87.5204
7.90;0.2949;0.8898;0.7356;304.8104;141.8047;87.5204
7.92;0.2947;0.8899;0.7356;304.7753;141.8880;87.4953
7.93;0.2949;0.8899;0.7358;304.7603;141.7595;87.5452
7.95;0.2949;0.8899;0.7358;304.7603;141.7595;87.5452
7.97;0.2949;0.8899;0.7358;304.7603;141.7595;87.5452
7.98;0.2947;0.8899;0.7358;304.7252;141.8428;87.5201
8.00;0.2947;0.8899;0.7358;304.7252;141.8428;87.5201
8.02;0.2948;0.8899;0.7358;304.7603;141.7830;87.5452
8.03;0.2947;0.8899;0.7358;304.7252;141.8663;87.5201
8.05;0.2948;0.8899;0.7358;304.7603;141.7830;87.5452
8.07;0.2948;0.8898;0.7356;304.8192;141.8593;87.4825
8.08;0.2947;0.8898;0.7356;304.8280;141.9139;87.4447
8.10;0.2947;0.8898;0.7356;304.8280;141.9139;87.4447
8.12;0.2947;0.8895;0.7358;304.7779;141.8689;87.5127
8.13;0.2946;0.8895;0.7359;304.7779;141.8689;87.4517
8.15;0.2945;0.8895;0.7360;304.7779;141.8689;87.4394
8.17;0.2945;0.8894;0.7360;304.7779;141.8689;87.4582
8.18;0.2945;0.8893;0.7361;304.7779;141.8689;87.4634
8.20;0.2945;0.8893;0.7361;304.7779;141.8689;87.4634
8.22;0.2944;0.8892;0.7361;304.7779;141.8689;87.3673
8.23;0.2944;0.8891;0.7361;304.7779;141.8689;87.3848
8.25;0.2944;0.8891;0.7362;304.7779;141.8689;87.4651
8.27;0.2944;0.8891;0.7362;304.7779;141.8689;87.4230
8.28;0.2944;0.8891;0.7362;304.7779;141.8689;87.3795
8.30;0.2944;0.8891;0.7362;304.7779;141.8689;87.3795
8.32;0.2944;0.8890;0.7362;304.7779;141.8689;87.4722
8.33;0.2944;0.8890;0.7362;304.7779;141.8689;87.3990
8.35;0.2944;0.8890;0.7362;304.7779;141.8689;87.4723
8.37;0.2944;0.8890;0.7362;304.7779;141.8689;87.3990
8.38;0.2943;0.8890;0.7362;304.7779;141.8689;87.4477
8.40;0.2943;0.8890;0.7362;304.7779;141.8689;87.4477
8.42;0.2943;0.8889;0.7362;304.7779;141.8689;87.4354
8.43;0.2943;0.8889;0.7363;304.7779;141.8689;87.4548
8.45;0.2943;0.8888;0.7363;304.7779;141.8689;87.4496
8.47;0.2943;0.8888;0.7363;304.7779;141.8689;87.4496
8.48;0.2942;0.8887;0.7364;304.7779;141.8689;87.3908
8.50;0.2942;0.8887;0.7364;304.7779;141.8689;87.3908
8.52;0.2942;0.8886;0.7364;304.7779;141.8689;87.4907
8.53;0.2941;0.8885;0.7365;304.7779;141.8689;87.4977
8.55;0.2941;0.8884;0.7365;304.7779;141.8689;87.4194
8.57;0.2941;0.8883;0.7366;304.7779;141.8689;87.5000
8.58;0.2940;0.8882;0.7366;304.7779;141.8689;87.5070
8.60;0.2940;0.8882;0.7366;304.7779;141.8689;87.5070
8.62;0.2939;0.8880;0.7367;304.7779;141.8689;87.4778
8.63;0.2939;0.8880;0.7368;304.7779;141.8689;87.4733
8.65;0.2939;0.8879;0.7368;304.7779;141.8689;87.5101
8.67;0.2939;0.8879;0.7368;304.7779;141.8689;87.4373
8.68;0.2938;0.8878;0.7369;304.7779;141.8689;87.5057
8.70;0.2938;0.8878;0.7369;304.7779;141.8689;87.5057
8.72;0.2938;0.8877;0.7369;304.7779;141.8689;87.4686
8.73;0.2938;0.8877;0.7369;304.7779;141.8689;87.5494
8.75;0.2937;0.8876;0.7370;304.7779;141.8689;87.4831
8.77;0.2937;0.8875;0.7370;304.7779;141.8689;87.5639
8.78;0.2937;0.8874;0.7371;304.7779;141.8689;87.5972
8.80;0.2937;0.8874;0.7371;304.7779;141.8689;87.5972
8.82;0.2936;0.8873;0.7371;304.7779;141.8689;87.6048
8.83;0.2936;0.8872;0.7372;304.7779;141.8689;87.6194
8.85;0.2935;0.8870;0.7373;304.7779;141.8689;87.6341
8.87;0.2935;0.8870;0.7373;304.7779;141.8689;87.6348
8.88;0.2934;0.8868;0.7374;304.7779;141.8689;87.6565
8.90;0.2934;0.8868;0.7374;304.7779;141.8689;87.6565
8.92;0.2933;0.8866;0.7375;304.7779;141.8689;87.6906
8.93;0.2933;0.8865;0.7376;304.7779;141.8689;87.7123
8.95;0.2932;0.8863;0.7377;304.7779;141.8689;87.7395
8.97;0.2932;0.8863;0.7377;304.7779;141.8689;87.6741
8.98;0.2931;0.8862;0.7377;304.7779;141.8689;87.7300
9.00;0.2931;0.8862;0.7377;304.7779;141.8689;87.7300
9.02;0.2931;0.8862;0.7378;304.7779;141.8689;87.7756
9.03;0.2931;0.8861;0.7378;304.7779;141.8689;87.7389
9.05;0.2931;0.8861;0.7378;304.7779;141.8689;87.7173
9.07;0.2931;0.8860;0.7378;304.7779;141.8689;87.7528
9.08;0.2931;0.8860;0.7379;304.7779;141.8689;87.7414
9.10;0.2931;0.8860;0.7379;304.7779;141.8689;87.7414
9.12;0.2930;0.8859;0.7379;304.7779;141.8689;87.7494
9.13;0.2930;0.8859;0.7379;304.7779;141.8689;87.7439
9.15;0.2930;0.8858;0.7380;304.7779;141.8689;87.7195
9.17;0.2930;0.8858;0.7380;304.7779;141.8689;87.7195
9.18;0.2929;0.8857;0.7380;304.7779;141.8689;87.7276
9.20;0.2929;0.8857;0.7380;304.7779;141.8689;87.7276
9.22;0.2929;0.8856;0.7380;304.7779;141.8689;87.7221
9.23;0.2929;0.8856;0.7381;304.7779;141.8689;87.6771
9.25;0.2928;0.8855;0.7381;304.7779;141.8689;87.6921
9.27;0.2928;0.8855;0.7381;304.7779;141.8689;87.7114
9.28;0.2928;0.8853;0.7382;304.7779;141.8689;87.7140
9.30;0.2928;0.8853;0.7382;304.7779;141.8689;87.7140
9.32;0.2927;0.8852;0.7383;304.7779;141.8689;87.6883
9.33;0.2927;0.8851;0.7384;304.7779;141.8689;87.7226
9.35;0.2926;0.8850;0.7384;304.7779;141.8689;87.6124
9.37;0.2926;0.8849;0.7384;304.7779;141.8689;87.5423
9.38;0.2925;0.8847;0.7386;304.7779;141.8689;87.5642
9.40;0.2925;0.8847;0.7386;304.7779;141.8689;87.5642
9.42;0.2925;0.8846;0.7386;304.7779;141.8689;87.6253
9.43;0.2924;0.8845;0.7387;304.7779;141.8689;87.6321
9.45;0.2924;0.8844;0.7387;304.7779;141.8689;87.5949
9.47;0.2923;0.8843;0.7388;304.7779;141.8689;87.6211
9.48;0.2923;0.8843;0.7388;304.7779;141.8689;87.6416
9.50;0.2923;0.8843;0.7388;304.7779;141.8689;87.6416
9.52;0.2923;0.8842;0.7388;304.7779;141.8689;87.6031
9.53;0.2923;0.8842;0.7388;304.7779;141.8689;87.6043
9.55;0.2923;0.8842;0.7388;304.7779;141.8689;87.5323
9.57;0.2923;0.8842;0.7388;304.7779;141.8689;87.5588
9.58;0.2923;0.8842;0.7388;304.7779;141.8689;87.5600
9.60;0.2923;0.8842;0.7388;304.7779;141.8689;87.5600
9.62;0.2923;0.8842;0.7388;304.7779;141.8689;87.5407
9.63;0.2923;0.8842;0.7388;304.7779;141.8689;87.4675
9.65;0.2923;0.8842;0.7388;304.7779;141.8689;87.4952
9.67;0.2923;0.8842;0.7388;304.7779;141.8689;87.5407
9.68;0.2923;0.8842;0.7388;304.7779;141.8689;87.5130
9.70;0.2923;0.8842;0.7388;304.7779;141.8689;87.5130
9.72;0.2923;0.8842;0.7388;304.7779;141.8689;87.4675
9.73;0.2923;0.8842;0.7388;304.7779;141.8689;87.5338
9.75;0.2923;0.8842;0.7388;304.7779;141.8689;87.5532
9.77;0.2923;0.8842;0.7388;304.7779;141.8689;87.5532
9.78;0.2923;0.8842;0.7388;304.7779;141.8689;87.5532
9.80;0.2923;0.8842;0.7388;304.7779;141.8689;87.5532
9.82;0.2923;0.8842;0.7388;304.7779;141.8689;87.5532
9.83;0.2923;0.8842;0.7388;304.7779;141.8689;87.5254
9.85;0.2923;0.8842;0.7388;304.7779;141.8689;87.5254
9.87;0.2923;0.8842;0.7388;304.7779;141.8689;87.5532
9.88;0.2923;0.8842;0.7388;304.7779;141.8689;87.5532
9.90;0.2923;0.8842;0.7388;304.7779;141.8689;87.5532
9.92;0.2923;0.8842;0.7388;304.7779;141.8689;87.5532
9.93;0.2923;0.8842;0.7388;304.7779;141.8689;87.5532
9.95;0.2923;0.8842;0.7388;304.7779;141.8689;87.5532
9.97;0.2923;0.8842;0.7388;304.7779;141.8689;87.4799
9.98;0.2923;0.8842;0.7388;304.7779;141.8689;87.5532
10.00;0.2923;0.8842;0.7388;304.7779;141.8689;87.5532
10.02;0.2923;0.8842;0.7388;304.7779;141.8689;87.5532
10.03;0.2923;0.8842;0.7388;304.7779;141.8689;87.5254
10.05;0.2923;0.8842;0.7388;304.7779;141.8689;87.5532
10.07;0.2923;0.8842;0.7388;304.7779;141.8689;87.4799
10.08;0.2923;0.8842;0.7388;304.7779;141.8689;87.5254
10.10;0.2923;0.8842;0.7388;304.7779;141.8689;87.5254
10.12;0.2923;0.8842;0.7388;304.7779;141.8689;87.5254
10.13;0.2923;0.8842;0.7388;304.7779;141.8689;87.5448
10.15;0.2923;0.8842;0.7388;304.7779;141.8689;87.5448
10.17;0.2923;0.8842;0.7388;304.7779;141.8689;87.6180
10.18;0.2923;0.8842;0.7388;304.7779;141.8689;87.5987
10.20;0.2923;0.8842;0.7388;304.7779;141.8689;87.5987
10.22;0.2923;0.8842;0.7388;304.7779;141.8689;87.5987
10.23;0.2923;0.8842;0.7388;304.7779;141.8689;87.5987
10.25;0.2923;0.8842;0.7388;304.7779;141.8689;87.5987
10.27;0.2923;0.8842;0.7388;304.7779;141.8689;87.5987
10.28;0.2923;0.8842;0.7388;304.7779;141.8689;87.5987
10.30;0.2923;0.8842;0.7388;304.7779;141.8689;87.5987
10.32;0.2923;0.8842;0.7388;304.7779;141.8689;87.5709
10.33;0.2923;0.8842;0.7388;304.7779;141.8689;87.5254
10.35;0.2923;0.8842;0.7388;304.7779;141.8689;87.5254
10.37;0.2923;0.8842;0.7388;304.7779;141.8689;87.5986
10.38;0.2923;0.8842;0.7388;304.7778;141.8689;87.5709
10.40;0.2923;0.8842;0.7388;304.7778;141.8689;87.5709
10.42;0.2923;0.8842;0.7388;304.7778;141.8689;87.5709
10.43;0.2923;0.8842;0.7388;304.7778;141.8689;87.5709
10.45;0.2923;0.8842;0.7388;304.7779;141.8689;87.6441
10.47;0.2923;0.8842;0.7388;304.7779;141.8689;87.5986
10.48;0.2923;0.8842;0.7388;304.7778;141.8689;87.5254
10.50;0.2923;0.8842;0.7388;304.7778;141.8689;87.5254
10.52;0.2923;0.8842;0.7388;304.7778;141.8689;87.5254
10.53;0.2923;0.8842;0.7388;304.7778;141.8689;87.5986
10.55;0.2923;0.8842;0.7388;304.7779;141.8689;87.5974
10.57;0.2923;0.8842;0.7388;304.7778;141.8689;87.5254
10.58;0.2923;0.8843;0.7388;304.7779;141.8689;87.5792
10.60;0.2923;0.8843;0.7388;304.7779;141.8689;87.5792
10.62;0.2923;0.8843;0.7388;304.7779;141.8689;87.5792
10.63;0.2923;0.8843;0.7388;304.7779;141.8689;87.5515
10.65;0.2923;0.8843;0.7388;304.7778;141.8689;87.6247
10.67;0.2923;0.8843;0.7388;304.7779;141.8689;87.5060
10.68;0.2923;0.8843;0.7388;304.7778;141.8689;87.5792
10.70;0.2923;0.8843;0.7388;304.7778;141.8689;87.5792
10.72;0.2923;0.8843;0.7388;304.7779;141.8689;87.5780
10.73;0.2923;0.8843;0.7388;304.7778;141.8689;87.5060
10.75;0.2923;0.8843;0.7388;304.7778;141.8689;87.5060
10.77;0.2923;0.8843;0.7388;304.7778;141.8689;87.5048
10.78;0.2923;0.8843;0.7388;304.7779;141.8689;87.5515
10.80;0.2923;0.8843;0.7388;304.7779;141.8689;87.5515
10.82;0.2923;0.8843;0.7388;304.7778;141.8689;87.5060
10.83;0.2923;0.8843;0.7388;304.7778;141.8689;87.5048
10.85;0.2923;0.8843;0.7388;304.7778;141.8689;87.5792
10.87;0.2923;0.8843;0.7388;304.7778;141.8689;87.5792
10.88;0.2923;0.8843;0.7388;304.7778;141.8689;87.5792
10.90;0.2923;0.8843;0.7388;304.7778;141.8689;87.5792
10.92;0.2923;0.8843;0.7388;304.7778;141.8689;87.5792
10.93;0.2923;0.8843;0.7388;304.7778;141.8689;87.5792
10.95;0.2923;0.8843;0.7388;304.7778;141.8689;87.5780
10.97;0.2923;0.8843;0.7388;304.7778;141.8689;87.5780
10.98;0.2923;0.8843;0.7388;304.7778;141.8689;87.5060
11.00;0.2923;0.8843;0.7388;304.7778;141.8689;87.5060
11.02;0.2923;0.8843;0.7388;304.7778;141.8689;87.5792
11.03;0.2923;0.8843;0.7388;304.7778;141.8689;87.5792
11.05;0.2923;0.8843;0.7388;304.7778;141.8689;87.5780
11.07;0.2923;0.8843;0.7388;304.7778;141.8689;87.5780
11.08;0.2923;0.8843;0.7388;304.7778;141.8689;87.5780
11.10;0.2923;0.8843;0.7388;304.7779;141.8689;87.5780
11.12;0.2923;0.8843;0.7388;304.7778;141.8689;87.5048
11.13;0.2923;0.8843;0.7388;304.7779;141.8689;87.5780
11.15;0.2923;0.8843;0.7388;304.7779;141.8689;87.5780
11.17;0.2923;0.8843;0.7388;304.7779;141.8689;87.5780
11.18;0.2923;0.8843;0.7388;304.7778;141.8689;87.5060
11.20;0.2923;0.8843;0.7388;304.7778;141.8689;87.5060
11.22;0.2923;0.8843;0.7388;304.7778;141.8689;87.5048
11.23;0.2923;0.8843;0.7388;304.7779;141.8689;87.5780
11.25;0.2923;0.8843;0.7388;304.7778;141.8689;87.5048
11.27;0.2923;0.8843;0.7388;304.7778;141.8689;87.5048
11.28;0.2923;0.8843;0.7388;304.7779;141.8689;87.5780
11.30;0.2923;0.8843;0.7388;304.7779;141.8689;87.5780
11.32;0.2923;0.8843;0.7388;304.7779;141.8689;87.5780
11.33;0.2923;0.8843;0.7388;304.7779;141.8689;87.5780
11.35;0.2923;0.8843;0.7388;304.7779;141.8689;87.5780
11.37;0.2923;0.8843;0.7388;304.7779;141.8689;87.5780
11.38;0.2923;0.8843;0.7388;304.7778;141.8689;87.5048
11.40;0.2923;0.8843;0.7388;304.7778;141.8689;87.5048
11.42;0.2923;0.8843;0.7388;304.7779;141.8689;87.5780
11.43;0.2923;0.8843;0.7388;304.7779;141.8689;87.5780
11.45;0.2923;0.8843;0.7388;304.7779;141.8689;87.5780
11.47;0.2923;0.8843;0.7388;304.7778;141.8689;87.5768
11.48;0.2923;0.8843;0.7388;304.7778;141.8689;87.5036
11.50;0.2923;0.8843;0.7388;304.7778;141.8689;87.5036
11.52;0.2923;0.8843;0.7388;304.7779;141.8689;87.5780
11.53;0.2923;0.8843;0.7388;304.7778;141.8689;87.5768
11.55;0.2923;0.8843;0.7388;304.7779;141.8689;87.5768
11.57;0.2923;0.8843;0.7388;304.7779;141.8689;87.5768
11.58;0.2923;0.8843;0.7388;304.7778;141.8689;87.5768
11.60;0.2923;0.8843;0.7388;304.7779;141.8689;87.5768
11.62;0.2923;0.8843;0.7388;304.7779;141.8689;87.5768
11.63;0.2923;0.8843;0.7388;304.7779;141.8689;87.5035
11.65;0.2923;0.8843;0.7388;304.7778;141.8689;87.5035
11.67;0.2923;0.8843;0.7388;304.7778;141.8689;87.5768
11.68;0.2923;0.8843;0.7388;304.7779;141.8690;87.5035
11.70;0.2923;0.8843;0.7388;304.7779;141.8690;87.5035
11.72;0.2923;0.8843;0.7388;304.7779;141.8689;87.5767
11.73;0.2923;0.8843;0.7388;304.7779;141.8689;87.5767
11.75;0.2923;0.8843;0.7388;304.7778;141.8690;87.5035
11.77;0.2923;0.8843;0.7388;304.7778;141.8689;87.5779
11.78;0.2923;0.8843;0.7388;304.7778;141.8689;87.5779
11.80;0.2923;0.8843;0.7388;304.7778;141.8689;87.5779
11.82;0.2923;0.8843;0.7388;304.7779;141.8689;87.5767
11.83;0.2923;0.8843;0.7388;304.7779;141.8690;87.5779
11.85;0.2923;0.8843;0.7388;304.7779;141.8689;87.5767
11.87;0.2923;0.8843;0.7388;304.7779;141.8689;87.5767
11.88;0.2923;0.8843;0.7388;304.7779;141.8690;87.5767
11.90;0.2923;0.8843;0.7388;304.7779;141.8690;87.5767
11.92;0.2923;0.8843;0.7388;304.7779;141.8690;87.5779
11.93;0.2923;0.8843;0.7388;304.7779;141.8690;87.5767
11.95;0.2923;0.8843;0.7388;304.7779;141.8690;87.5767
11.97;0.2923;0.8843;0.7388;304.7779;141.8690;87.5767
11.98;0.2923;0.8843;0.7388;304.7779;141.8690;87.5767
12.00;0.2923;0.8843;0.7388;304.7779;141.8690;87.5767
12.02;0.2923;0.8843;0.7388;304.7779;141.8690;87.5035
12.03;0.2923;0.8843;0.7388;304.7779;141.8690;87.5767
12.05;0.2923;0.8843;0.7388;304.7779;141.8690;87.5779
12.07;0.2923;0.8843;0.7388;304.7779;141.8690;87.5046
12.08;0.2923;0.8843;0.7388;304.7779;141.8690;87.5779
12.10;0.2923;0.8843;0.7388;304.7779;141.8690;87.5779
12.12;0.2923;0.8843;0.7388;304.7779;141.8690;87.5767
12.13;0.2923;0.8843;0.7388;304.7779;141.8690;87.5034
12.15;0.2923;0.8843;0.7388;304.7779;141.8690;87.5046
12.17;0.2923;0.8843;0.7388;304.7779;141.8690;87.5034
12.18;0.2923;0.8843;0.7388;304.7779;141.8690;87.5767
12.20;0.2923;0.8843;0.7388;304.7779;141.8690;87.5767
12.22;0.2923;0.8843;0.7388;304.7779;141.8690;87.5779
12.23;0.2923;0.8843;0.7388;304.7779;141.8690;87.5046
12.25;0.2923;0.8843;0.7388;304.7779;141.8690;87.5779
12.27;0.2923;0.8843;0.7388;304.7779;141.8690;87.5046
12.28;0.2923;0.8843;0.7388;304.7779;141.8690;87.5778
12.30;0.2923;0.8843;0.7388;304.7779;141.8690;87.5778
12.32;0.2923;0.8843;0.7388;304.7779;141.8690;87.5778
12.33;0.2923;0.8843;0.7388;304.7779;141.8690;87.5046
12.35;0.2923;0.8843;0.7388;304.7779;141.8690;87.5324
12.37;0.2923;0.8843;0.7388;304.7779;141.8690;87.5778
12.38;0.2923;0.8843;0.7388;304.7779;141.8690;87.5767
12.40;0.2923;0.8843;0.7388;304.7779;141.8690;87.5767
12.42;0.2923;0.8843;0.7388;304.7779;141.8690;87.5324
12.43;0.2923;0.8843;0.7388;304.7779;141.8690;87.5767
12.45;0.2923;0.8843;0.7388;304.7779;141.8690;87.5324
12.47;0.2923;0.8843;0.7388;304.7779;141.8690;87.5046
12.48;0.2923;0.8842;0.7388;304.7779;141.8690;87.5046
12.50;0.2923;0.8842;0.7388;304.7779;141.8690;87.5046
12.52;0.2923;0.8842;0.7388;304.7779;141.8690;87.5324
12.53;0.2923;0.8842;0.7388;304.7779;141.8690;87.5046
12.55;0.2923;0.8842;0.7388;304.7779;141.8690;87.5778
12.57;0.2923;0.8842;0.7388;304.7779;141.8690;87.5046
12.58;0.2923;0.8842;0.7388;304.7779;141.8690;87.5766
12.60;0.2923;0.8842;0.7388;304.7779;141.8690;87.5766
12.62;0.2923;0.8842;0.7388;304.7779;141.8690;87.4785
12.63;0.2923;0.8842;0.7388;304.7779;141.8690;87.5517
12.65;0.2923;0.8842;0.7388;304.7779;141.8690;87.5972
12.67;0.2923;0.8842;0.7388;304.7779;141.8690;87.5517
12.68;0.2923;0.8842;0.7388;304.7779;141.8690;87.5972
12.70;0.2923;0.8842;0.7388;304.7779;141.8690;87.5972
12.72;0.2923;0.8842;0.7388;304.7779;141.8690;87.5972
12.73;0.2923;0.8842;0.7388;304.7779;141.8690;87.4591
12.75;0.2923;0.8842;0.7388;304.7779;141.8690;87.5046
12.77;0.2923;0.8842;0.7388;304.7779;141.8690;87.5778
12.78;0.2923;0.8842;0.7388;304.7779;141.8690;87.5046
12.80;0.2923;0.8842;0.7388;304.7779;141.8690;87.5046
12.82;0.2923;0.8842;0.7388;304.7779;141.8690;87.5312
12.83;0.2923;0.8842;0.7388;304.7779;141.8690;87.5323
12.85;0.2923;0.8842;0.7388;304.7779;141.8690;87.5778
12.87;0.2923;0.8842;0.7388;304.7779;141.8690;87.5778
12.88;0.2923;0.8842;0.7388;304.7779;141.8690;87.5778
12.90;0.2923;0.8842;0.7388;304.7779;141.8690;87.5778
12.92;0.2923;0.8842;0.7388;304.7779;141.8690;87.5323
12.93;0.2923;0.8842;0.7388;304.7779;141.8690;87.5778
12.95;0.2923;0.8842;0.7388;304.7779;141.8690;87.5046
12.97;0.2923;0.8842;0.7388;304.7779;141.8690;87.5778
12.98;0.2923;0.8842;0.7388;304.7779;141.8690;87.5046
13.00;0.2923;0.8842;0.7388;304.7779;141.8690;87.5046
13.02;0.2923;0.8842;0.7388;304.7779;141.8690;87.5778
13.03;0.2923;0.8842;0.7388;304.7779;141.8690;87.5323
13.05;0.2923;0.8842;0.7388;304.7779;141.8690;87.5323
13.07;0.2923;0.8842;0.7388;304.7779;141.8690;87.5766
13.08;0.2923;0.8842;0.7388;304.7779;141.8690;87.5046
13.10;0.2923;0.8842;0.7388;304.7779;141.8690;87.5046
13.12;0.2923;0.8842;0.7388;304.7779;141.8691;87.5323
13.13;0.2923;0.8842;0.7388;304.7779;141.8690;87.5766
13.15;0.2923;0.8842;0.7388;304.7779;141.8691;87.5323
13.17;0.2923;0.8842;0.7388;304.7779;141.8690;87.5766
13.18;0.2923;0.8842;0.7388;304.7779;141.8690;87.5046
13.20;0.2923;0.8842;0.7388;304.7779;141.8690;87.5046
13.22;0.2923;0.8842;0.7388;304.7779;141.8690;87.5778
13.23;0.2923;0.8842;0.7388;304.7779;141.8690;87.5766
13.25;0.2923;0.8842;0.7388;304.7779;141.8691;87.5323
13.27;0.2923;0.8842;0.7388;304.7779;141.8690;87.5046
13.28;0.2923;0.8842;0.7388;304.7779;141.8691;87.5323
13.30;0.2923;0.8842;0.7388;304.7779;141.8691;87.5323
13.32;0.2923;0.8842;0.7388;304.7779;141.8690;87.5766
13.33;0.2923;0.8842;0.7388;304.7779;141.8691;87.5323
13.35;0.2923;0.8842;0.7388;304.7779;141.8690;87.5312
13.37;0.2923;0.8842;0.7388;304.7779;141.8690;87.5778
13.38;0.2923;0.8842;0.7388;304.7779;141.8690;87.5312
13.40;0.2923;0.8842;0.7388;304.7779;141.8690;87.5312
13.42;0.2923;0.8842;0.7388;304.7779;141.8690;87.5312
13.43;0.2923;0.8842;0.7388;304.7779;141.8691;87.5034
13.45;0.2923;0.8842;0.7388;304.7779;141.8690;87.5778
13.47;0.2923;0.8842;0.7388;304.7779;141.8691;87.5034
13.48;0.2923;0.8842;0.7388;304.7779;141.8690;87.5046
13.50;0.2923;0.8842;0.7388;304.7779;141.8690;87.5046
13.52;0.2923;0.8842;0.7388;304.7779;141.8690;87.5766
13.53;0.2923;0.8842;0.7388;304.7779;141.8690;87.5778
13.55;0.2923;0.8842;0.7388;304.7779;141.8691;87.5323
13.57;0.2923;0.8842;0.7388;304.7779;141.8690;87.5778
13.58;0.2923;0.8842;0.7388;304.7779;141.8690;87.5778
13.60;0.2923;0.8842;0.7388;304.7779;141.8690;87.5778
13.62;0.2923;0.8842;0.7388;304.7779;141.8690;87.5323
13.63;0.2923;0.8842;0.7388;304.7779;141.8690;87.5778
13.65;0.2923;0.8842;0.7388;304.7779;141.8690;87.5778
13.67;0.2923;0.8842;0.7388;304.7779;141.8690;87.5778
13.68;0.2923;0.8842;0.7388;304.7779;141.8690;87.5778
13.70;0.2923;0.8842;0.7388;304.7779;141.8690;87.5778
13.72;0.2923;0.8842;0.7388;304.7779;141.8690;87.5323
13.73;0.2923;0.8842;0.7388;304.7779;141.8690;87.5778
13.75;0.2923;0.8842;0.7388;304.7779;141.8690;87.5778
13.77;0.2923;0.8842;0.7388;304.7779;141.8690;87.5046
13.78;0.2923;0.8842;0.7388;304.7779;141.8690;87.5323
13.80;0.2923;0.8842;0.7388;304.7779;141.8690;87.5323
13.82;0.2923;0.8842;0.7388;304.7779;141.8690;87.5323
13.83;0.2923;0.8842;0.7388;304.7779;141.8690;87.5778
13.85;0.2923;0.8842;0.7388;304.7779;141.8691;87.5323
13.87;0.2923;0.8842;0.7388;304.7779;141.8690;87.5778
13.88;0.2923;0.8842;0.7388;304.7779;141.8690;87.5778
13.90;0.2923;0.8842;0.7388;304.7779;141.8690;87.5778
13.92;0.2923;0.8842;0.7388;304.7779;141.8690;87.5778
13.93;0.2923;0.8842;0.7388;304.7779;141.8690;87.4591
13.95;0.2923;0.8842;0.7388;304.7779;141.8690;87.5046
13.97;0.2923;0.8842;0.7388;304.7779;141.8690;87.5046
13.98;0.2923;0.8842;0.7388;304.7779;141.8690;87.5778
14.00;0.2923;0.8842;0.7388;304.7779;141.8690;87.5778
14.02;0.2923;0.8842;0.7388;304.7779;141.8690;87.5045
14.03;0.2923;0.8842;0.7388;304.7779;141.8691;87.5323
14.05;0.2923;0.8842;0.7388;304.7779;141.8690;87.5045
14.07;0.2923;0.8842;0.7388;304.7779;141.8690;87.5045
14.08;0.2923;0.8843;0.7388;304.7779;141.8690;87.5045
14.10;0.2923;0.8843;0.7388;304.7779;141.8690;87.5045
14.12;0.2923;0.8843;0.7388;304.7779;141.8691;87.5323
14.13;0.2923;0.8843;0.7388;304.7779;141.8690;87.5777
14.15;0.2923;0.8843;0.7388;304.7779;141.8690;87.5777
14.17;0.2923;0.8843;0.7388;304.7779;141.8690;87.5777
14.18;0.2923;0.8843;0.7388;304.7779;141.8690;87.5045
14.20;0.2923;0.8843;0.7388;304.7779;141.8690;87.5045
14.22;0.2923;0.8843;0.7388;304.7779;141.8690;87.5777
14.23;0.2923;0.8843;0.7388;304.7779;141.8690;87.5045
14.25;0.2923;0.8843;0.7388;304.7779;141.8690;87.5766
14.27;0.2923;0.8843;0.7388;304.7779;141.8690;87.5777
14.28;0.2923;0.8843;0.7388;304.7779;141.8690;87.5777
14.30;0.2923;0.8843;0.7388;304.7779;141.8690;87.5777
14.32;0.2923;0.8843;0.7388;304.7779;141.8690;87.5045
14.33;0.2923;0.8843;0.7388;304.7779;141.8691;87.5902
14.35;0.2923;0.8843;0.7388;304.7779;141.8691;87.5902
14.37;0.2923;0.8843;0.7388;304.7779;141.8690;87.5612
14.38;0.2923;0.8843;0.7388;304.7779;141.8691;87.6356
14.40;0.2923;0.8843;0.7388;304.7779;141.8691;87.6356
14.42;0.2923;0.8843;0.7388;304.7779;141.8691;87.6356
14.43;0.2923;0.8843;0.7388;304.7779;141.8690;87.5749
14.45;0.2923;0.8843;0.7388;304.7779;141.8691;87.6481
14.47;0.2923;0.8843;0.7388;304.7779;141.8691;87.6328
14.48;0.2923;0.8843;0.7388;304.7779;141.8690;87.7060
14.50;0.2923;0.8843;0.7388;304.7779;141.8691;87.7060
14.52;0.2924;0.8843;0.7388;304.7779;141.8690;87.6328
14.53;0.2924;0.8843;0.7388;304.7779;141.8690;87.6328
14.55;0.2924;0.8843;0.7388;304.7779;141.8691;87.7513
14.57;0.2924;0.8843;0.7388;304.7779;141.8691;87.6781
14.58;0.2924;0.8844;0.7387;304.7779;141.8690;87.7638
14.60;0.2924;0.8844;0.7387;304.7779;141.8690;87.7638
14.62;0.2924;0.8844;0.7387;304.7779;141.8690;87.6906
14.63;0.2924;0.8844;0.7387;304.7779;141.8691;87.6712
14.65;0.2924;0.8844;0.7387;304.7779;141.8690;87.7557
14.67;0.2924;0.8845;0.7387;304.7779;141.8690;87.7376
14.68;0.2924;0.8845;0.7387;304.7779;141.8690;87.6769
14.70;0.2924;0.8845;0.7387;304.7779;141.8690;87.6769
14.72;0.2924;0.8845;0.7387;304.7779;141.8690;87.7159
14.73;0.2924;0.8845;0.7387;304.7779;141.8690;87.6880
14.75;0.2924;0.8845;0.7386;304.7779;141.8690;87.7557
14.77;0.2924;0.8846;0.7386;304.7779;141.8690;87.7544
14.78;0.2924;0.8846;0.7386;304.7779;141.8690;87.6811
14.80;0.2924;0.8846;0.7386;304.7779;141.8690;87.6811
14.82;0.2925;0.8846;0.7386;304.7779;141.8690;87.6811
14.83;0.2925;0.8846;0.7386;304.7779;141.8690;87.6811
14.85;0.2925;0.8846;0.7386;304.7779;141.8690;87.7668
14.87;0.2925;0.8846;0.7386;304.7779;141.8690;87.7668
14.88;0.2925;0.8847;0.7386;304.7779;141.8690;87.7513
14.90;0.2925;0.8847;0.7386;304.7779;141.8690;87.7513
14.92;0.2925;0.8847;0.7385;304.7779;141.8690;87.7711
14.93;0.2925;0.8847;0.7385;304.7779;141.8690;87.7445
14.95;0.2925;0.8848;0.7385;304.7779;141.8690;87.7363
14.97;0.2925;0.8848;0.7385;304.7779;141.8690;87.7363
14.98;0.2926;0.8849;0.7385;304.7779;141.8690;87.7294
15.00;0.2926;0.8849;0.7385;304.7779;141.8690;87.7294
15.02;0.2926;0.8849;0.7384;304.7779;141.8690;87.7225
15.03;0.2926;0.8850;0.7384;304.7779;141.8690;87.7889
15.05;0.2927;0.8851;0.7384;304.7779;141.8690;87.7281
15.07;0.2927;0.8851;0.7383;304.7779;141.8690;87.7807
15.08;0.2927;0.8851;0.7383;304.7779;141.8690;87.7526
15.10;0.2927;0.8851;0.7383;304.7779;141.8690;87.7526
15.12;0.2927;0.8851;0.7383;304.7779;141.8690;87.7526
15.13;0.2927;0.8852;0.7383;304.7779;141.8690;87.7457
15.15;0.2927;0.8852;0.7383;304.7779;141.8690;87.7582
15.17;0.2927;0.8852;0.7383;304.7779;141.8690;87.7582
15.18;0.2927;0.8852;0.7383;304.7779;141.8690;87.7301
15.20;0.2927;0.8852;0.7383;304.7779;141.8690;87.7301
15.22;0.2927;0.8853;0.7382;304.7779;141.8690;87.7301
15.23;0.2928;0.8853;0.7382;304.7779;141.8690;87.7357
15.25;0.2928;0.8853;0.7382;304.7779;141.8690;87.7075
15.27;0.2928;0.8854;0.7382;304.7779;141.8690;87.7075
15.28;0.2928;0.8854;0.7382;304.7779;141.8690;87.6274
15.30;0.2928;0.8854;0.7382;304.7779;141.8690;87.6274
15.32;0.2929;0.8856;0.7381;304.7779;141.8690;87.5404
15.33;0.2929;0.8856;0.7381;304.7779;141.8690;87.5854
15.35;0.2929;0.8857;0.7380;304.7779;141.8690;87.5053
15.37;0.2929;0.8857;0.7380;304.7779;141.8690;87.4860
15.38;0.2930;0.8858;0.7380;304.7779;141.8690;87.5241
15.40;0.2930;0.8858;0.7380;304.7779;141.8690;87.5241
15.42;0.2930;0.8858;0.7379;304.7779;141.8690;87.5282
15.43;0.2930;0.8859;0.7379;304.7779;141.8690;87.4930
15.45;0.2930;0.8859;0.7379;304.7779;141.8690;87.5469
15.47;0.2930;0.8859;0.7379;304.7779;141.8690;87.5469
15.48;0.2931;0.8860;0.7378;304.7779;141.8690;87.5192
15.50;0.2931;0.8860;0.7378;304.7779;141.8690;87.5192
15.52;0.2931;0.8861;0.7378;304.7779;141.8690;87.4715
15.53;0.2931;0.8861;0.7378;304.7779;141.8691;87.4646
15.55;0.2931;0.8862;0.7377;304.7779;141.8690;87.4701
15.57;0.2932;0.8862;0.7377;304.7779;141.8690;87.5149
15.58;0.2932;0.8863;0.7377;304.7779;141.8690;87.4996
15.60;0.2932;0.8863;0.7377;304.7779;141.8690;87.4996
15.62;0.2932;0.8864;0.7376;304.7779;141.8690;87.4913
15.63;0.2933;0.8865;0.7376;304.7779;141.8690;87.4844
15.65;0.2933;0.8866;0.7375;304.7779;141.8690;87.4885
15.67;0.2933;0.8866;0.7375;304.7779;141.8690;87.5456
15.68;0.2934;0.8867;0.7375;304.7779;141.8690;87.5179
15.70;0.2934;0.8867;0.7375;304.7779;141.8690;87.5179
15.72;0.2934;0.8867;0.7375;304.7779;141.8690;87.5749
15.73;0.2934;0.8868;0.7374;304.7779;141.8690;87.6041
15.75;0.2934;0.8868;0.7374;304.7779;141.8690;87.6027
15.77;0.2935;0.8869;0.7373;304.7778;141.8690;87.5958
15.78;0.2935;0.8870;0.7373;304.7779;141.8690;87.6305
15.80;0.2935;0.8870;0.7373;304.7779;141.8690;87.6305
15.82;0.2935;0.8870;0.7373;304.7779;141.8690;87.6058
15.83;0.2935;0.8871;0.7372;304.7779;141.8690;87.6156
15.85;0.2936;0.8872;0.7372;304.7779;141.8690;87.6515
15.87;0.2936;0.8872;0.7372;304.7779;141.8690;87.5701
15.88;0.2936;0.8873;0.7371;304.7779;141.8690;87.6184
15.90;0.2936;0.8873;0.7371;304.7779;141.8690;87.6184
15.92;0.2937;0.8874;0.7371;304.7779;141.8691;87.5810
15.93;0.2937;0.8875;0.7370;304.7779;141.8691;87.4996
15.95;0.2937;0.8875;0.7370;304.7778;141.8690;87.4306
15.97;0.2937;0.8876;0.7370;304.7779;141.8691;87.4575
15.98;0.2938;0.8877;0.7369;304.7779;141.8691;87.3327
16.00;0.2938;0.8877;0.7369;304.7779;141.8691;87.3327
16.02;0.2938;0.8878;0.7368;304.7779;141.8691;87.2218
16.03;0.2939;0.8879;0.7368;304.7779;141.8691;87.2696
16.05;0.2939;0.8880;0.7367;304.7779;141.8691;87.2259
16.07;0.2939;0.8881;0.7367;304.7779;141.8691;87.1963
