10.30;0.2940;0.8872;0.7298;307.6879;146.2212;93.9728
10.32;0.2943;0.8869;0.7295;307.8905;146.0434;94.1671
10.33;0.2945;0.8870;0.7296;307.8826;145.8516;94.3305
10.35;0.2947;0.8870;0.7294;307.9364;145.7250;94.4425
10.37;0.2948;0.8870;0.7293;308.0007;145.6492;94.6668
10.38;0.2947;0.8870;0.7292;308.0311;145.6576;94.6443
10.40;0.2947;0.8870;0.7292;308.0311;145.6576;94.6443
10.42;0.2950;0.8867;0.7289;308.2964;145.5951;94.7126
10.43;0.2952;0.8865;0.7288;308.4258;145.5163;94.7152
10.45;0.2952;0.8863;0.7286;308.5722;145.5827;94.6744
10.47;0.2952;0.8862;0.7285;308.6676;145.5873;94.6507
10.48;0.2954;0.8860;0.7284;308.7870;145.5059;94.6870
10.50;0.2954;0.8860;0.7284;308.7870;145.5059;94.6870
10.52;0.2957;0.8856;0.7282;309.0464;145.3727;94.7653
10.53;0.2960;0.8852;0.7279;309.3330;145.3389;94.7684
10.55;0.2961;0.8850;0.7276;309.5242;145.3474;94.8688
10.57;0.2963;0.8848;0.7275;309.6198;145.3279;94.8459
10.58;0.2965;0.8844;0.7270;309.9338;145.4134;94.7781
10.60;0.2965;0.8844;0.7270;309.9338;145.4134;94.7781
10.62;0.2967;0.8839;0.7265;310.2482;145.4967;94.7129
10.63;0.2969;0.8836;0.7261;310.4913;145.4921;94.8024
10.65;0.2970;0.8833;0.7257;310.6901;145.5441;94.7534
10.67;0.2970;0.8832;0.7255;310.8032;145.6411;94.7670
10.68;0.2970;0.8828;0.7249;311.0740;145.8000;94.6421
10.70;0.2970;0.8828;0.7249;311.0739;145.8000;94.6421
10.72;0.2974;0.8823;0.7245;311.4581;145.7367;94.5632
10.73;0.2978;0.8818;0.7242;311.7808;145.6369;94.6764
10.75;0.2980;0.8814;0.7241;312.0075;145.5826;94.7359
10.77;0.2981;0.8812;0.7240;312.1381;145.5506;94.8145
10.78;0.2985;0.8808;0.7239;312.4241;145.3365;95.0267
10.80;0.2985;0.8808;0.7239;312.4241;145.3365;95.0267
10.82;0.2992;0.8801;0.7237;312.8861;145.0128;95.2342
10.83;0.2994;0.8800;0.7238;312.9902;144.8213;95.3040
10.85;0.2998;0.8797;0.7238;313.1561;144.6648;95.4039
10.87;0.3000;0.8796;0.7238;313.2257;144.5065;95.4494
10.88;0.3002;0.8795;0.7239;313.2605;144.4274;95.4721
10.90;0.3002;0.8795;0.7239;313.2605;144.4274;95.4721
10.92;0.3004;0.8795;0.7241;313.3130;144.2026;95.6971
10.93;0.3004;0.8794;0.7242;313.3479;144.1945;95.7926
10.95;0.3002;0.8795;0.7244;313.2864;144.2072;95.9080
10.97;0.3002;0.8796;0.7245;313.2249;144.1963;95.8771
10.98;0.3002;0.8796;0.7245;313.2599;144.1647;95.9725
11.00;0.3002;0.8796;0.7245;313.2599;144.1647;95.9725
11.02;0.3001;0.8800;0.7252;312.9530;143.9429;96.1860
11.03;0.3000;0.8804;0.7257;312.7250;143.8212;96.3256
11.05;0.3000;0.8810;0.7263;312.3752;143.5781;96.5552
11.07;0.2999;0.8814;0.7267;312.1480;143.4522;96.6992
11.08;0.2995;0.8823;0.7276;311.6413;143.2729;97.0355
11.10;0.2995;0.8823;0.7276;311.6413;143.2729;97.0355
11.12;0.2989;0.8836;0.7288;310.9532;143.0340;97.5524
11.13;0.2988;0.8843;0.7296;310.5903;142.7890;97.8717
11.15;0.2987;0.8849;0.7304;310.1859;142.4531;98.1798
11.17;0.2986;0.8851;0.7307;310.0303;142.4246;98.2583
11.18;0.2986;0.8855;0.7312;309.7914;142.1603;98.4610
11.20;0.2986;0.8855;0.7312;309.7914;142.1603;98.4610
11.22;0.2985;0.8859;0.7318;309.5170;141.9959;98.6448
11.23;0.2983;0.8865;0.7328;309.0488;141.6179;99.0593
11.25;0.2981;0.8870;0.7334;308.7679;141.4650;99.2870
11.27;0.2980;0.8870;0.7335;308.7090;141.4193;99.3411
11.28;0.2978;0.8873;0.7339;308.4958;141.3362;99.4831
11.30;0.2978;0.8873;0.7339;308.4958;141.3362;99.4831
11.32;0.2975;0.8877;0.7344;308.2466;141.3540;99.6057
11.33;0.2971;0.8880;0.7347;308.0485;141.3897;99.7098
11.35;0.2970;0.8882;0.7349;307.8789;141.2934;99.8722
11.37;0.2969;0.8884;0.7351;307.7759;141.2726;99.9432
11.38;0.2964;0.8887;0.7351;307.5637;141.4892;99.9495
11.40;0.2964;0.8887;0.7351;307.5637;141.4892;99.9495
11.42;0.2960;0.8890;0.7354;307.3294;141.5778;99.9617
11.43;0.2956;0.8893;0.7355;307.1536;141.7624;99.9895
11.45;0.2952;0.8895;0.7356;307.0142;141.8671;99.9664
11.47;0.2953;0.8896;0.7358;306.9477;141.7645;99.9882
11.48;0.2951;0.8896;0.7358;306.9113;141.8680;99.9659
11.50;0.2951;0.8896;0.7358;306.9113;141.8680;99.9659
11.52;0.2949;0.8898;0.7360;306.8003;141.8629;100.0755
11.53;0.2948;0.8900;0.7359;306.7314;141.8256;100.0529
11.55;0.2947;0.8902;0.7360;306.6384;141.7233;100.2139
11.57;0.2948;0.8903;0.7360;306.6064;141.6052;100.2878
11.58;0.2948;0.8906;0.7360;306.4980;141.4185;100.4506
11.60;0.2948;0.8906;0.7360;306.4980;141.4185;100.4506
11.62;0.2948;0.8910;0.7360;306.4040;141.1083;100.7484
11.63;0.2948;0.8912;0.7362;306.2929;140.8449;100.9976
11.65;0.2948;0.8913;0.7362;306.2776;140.8083;100.9990
11.67;0.2946;0.8913;0.7362;306.2397;140.9111;100.8303
11.68;0.2946;0.8912;0.7361;306.3346;140.9567;100.7166
11.70;0.2946;0.8912;0.7361;306.3346;140.9567;100.7166
11.72;0.2943;0.8913;0.7363;306.2474;141.0826;100.5732
11.73;0.2941;0.8912;0.7362;306.3044;141.2309;100.5106
11.75;0.2941;0.8912;0.7362;306.3044;141.2545;100.4374
11.77;0.2941;0.8911;0.7362;306.3122;141.2845;100.4002
11.78;0.2940;0.8911;0.7362;306.3199;141.3144;100.2897
11.80;0.2940;0.8911;0.7362;306.3199;141.3144;100.2897
11.82;0.2940;0.8910;0.7362;306.3276;141.3680;100.1060
11.83;0.2940;0.8911;0.7363;306.2705;141.2905;100.1684
11.85;0.2940;0.8910;0.7362;306.3353;141.3744;99.9956
11.87;0.2939;0.8911;0.7363;306.2405;141.3764;99.9623
11.88;0.2939;0.8910;0.7361;306.3055;141.4603;99.7163
11.90;0.2939;0.8910;0.7361;306.3055;141.4603;99.7163
11.92;0.2939;0.8911;0.7362;306.2341;141.5055;99.5712
11.93;0.2938;0.8910;0.7360;306.2482;141.7678;99.0952
11.95;0.2936;0.8910;0.7359;306.1815;141.9345;98.9388
11.97;0.2934;0.8911;0.7359;306.1443;142.0148;98.9155
11.98;0.2933;0.8911;0.7359;306.1232;142.1316;98.6715
12.00;0.2933;0.8911;0.7359;306.1232;142.1316;98.6715
12.02;0.2933;0.8909;0.7358;306.1681;142.4409;98.2773
12.03;0.2931;0.8907;0.7357;306.1783;142.8304;97.7871
12.05;0.2928;0.8905;0.7357;306.1823;143.2137;97.4074
12.07;0.2926;0.8905;0.7356;306.1894;143.4437;97.1261
12.08;0.2921;0.8903;0.7355;306.1342;144.0211;96.6608
12.10;0.2921;0.8903;0.7355;306.1342;144.0211;96.6608
12.12;0.2915;0.8903;0.7354;306.0647;144.5882;96.1943
12.13;0.2912;0.8903;0.7353;306.0034;144.7840;96.0333
12.15;0.2911;0.8903;0.7353;305.9681;144.8673;96.0808
12.17;0.2909;0.8903;0.7353;305.9423;144.9802;95.9452
12.18;0.2909;0.8902;0.7352;305.9515;145.0098;95.9087
12.20;0.2909;0.8902;0.7352;305.9515;145.0098;95.9087
12.22;0.2907;0.8902;0.7353;305.8942;145.1389;95.7955
12.23;0.2907;0.8901;0.7353;305.9223;145.2275;95.6861
12.25;0.2907;0.8900;0.7354;305.8907;145.2438;95.6353
12.27;0.2907;0.8900;0.7354;305.9001;145.2733;95.5989
12.28;0.2907;0.8900;0.7356;305.8181;145.2236;95.5700
12.30;0.2907;0.8900;0.7356;305.8181;145.2236;95.5700
12.32;0.2907;0.8899;0.7359;305.7548;145.2334;95.4679
12.33;0.2905;0.8899;0.7359;305.6792;145.3046;95.4273
12.35;0.2908;0.8900;0.7362;305.5940;145.0521;95.5711
12.37;0.2907;0.8900;0.7362;305.6033;145.0820;95.5343
12.38;0.2908;0.8900;0.7363;305.5529;145.0157;95.5567
12.40;0.2908;0.8900;0.7363;305.5529;145.0157;95.5567
12.42;0.2909;0.8900;0.7365;305.4612;144.8894;95.6379
12.43;0.2910;0.8900;0.7366;305.4294;144.8596;95.5133
12.45;0.2910;0.8899;0.7365;305.4574;144.9262;95.4026
12.47;0.2910;0.8899;0.7366;305.4161;144.8901;95.4612
12.48;0.2910;0.8899;0.7368;305.3407;144.9382;95.3475
12.50;0.2910;0.8899;0.7368;305.3407;144.9382;95.3475
12.52;0.2912;0.8897;0.7366;305.4030;144.8738;95.3358
12.53;0.2911;0.8896;0.7365;305.3689;144.9344;95.3100
12.55;0.2909;0.8896;0.7364;305.3349;145.0186;95.2840
12.57;0.2909;0.8897;0.7365;305.2408;145.0068;95.3172
12.58;0.2908;0.8897;0.7363;305.2162;145.0979;95.2541
12.60;0.2908;0.8897;0.7363;305.2162;145.0979;95.2541
12.62;0.2908;0.8898;0.7363;305.1751;145.0386;95.1662
12.63;0.2908;0.8899;0.7365;305.0305;144.9842;95.2221
12.65;0.2907;0.8897;0.7367;305.0305;144.9842;95.2954
12.67;0.2906;0.8896;0.7367;305.0305;144.9842;95.2530
12.68;0.2906;0.8896;0.7367;305.0305;144.9842;95.3140
12.70;0.2906;0.8896;0.7367;305.0305;144.9842;95.3140
12.72;0.2906;0.8896;0.7367;305.0305;144.9842;95.3135
12.73;0.2906;0.8895;0.7368;305.0305;144.9842;95.3144
12.75;0.2906;0.8895;0.7368;305.0305;144.9842;95.3455
12.77;0.2906;0.8895;0.7368;305.0305;144.9842;95.4187
12.78;0.2906;0.8894;0.7368;305.0305;144.9842;95.4705
12.80;0.2906;0.8894;0.7368;305.0305;144.9842;95.4705
12.82;0.2905;0.8894;0.7368;305.0305;144.9842;95.6061
12.83;0.2905;0.8893;0.7369;305.0305;144.9842;95.5515
12.85;0.2905;0.8893;0.7369;305.0305;144.9842;95.4593
12.87;0.2905;0.8893;0.7369;305.0305;144.9842;95.5024
12.88;0.2905;0.8893;0.7369;305.0305;144.9842;95.4484
12.90;0.2905;0.8893;0.7369;305.0305;144.9842;95.4484
12.92;0.2905;0.8893;0.7369;305.0305;144.9842;95.4721
12.93;0.2905;0.8893;0.7369;305.0305;144.9842;95.4528
12.95;0.2905;0.8893;0.7369;305.0305;144.9842;95.4765
12.97;0.2905;0.8894;0.7368;305.0305;144.9842;95.4274
12.98;0.2905;0.8894;0.7368;305.0305;144.9842;95.3475
13.00;0.2905;0.8894;0.7368;305.0305;144.9842;95.3475
13.02;0.2905;0.8894;0.7368;305.0305;144.9842;95.1942
13.03;0.2905;0.8894;0.7368;305.0305;144.9842;95.1333
13.05;0.2905;0.8894;0.7368;305.0305;144.9842;95.1456
13.07;0.2905;0.8894;0.7368;305.0305;144.9842;95.0846
13.08;0.2905;0.8894;0.7368;305.0305;144.9842;95.0967
13.10;0.2905;0.8894;0.7368;305.0305;144.9842;95.0967
13.12;0.2905;0.8894;0.7368;305.0305;144.9842;95.0666
13.13;0.2905;0.8894;0.7368;305.0305;144.9842;94.9319
13.15;0.2905;0.8894;0.7368;305.0305;144.9842;94.9127
13.17;0.2905;0.8894;0.7368;305.0305;144.9842;94.9551
13.18;0.2905;0.8894;0.7368;305.0305;144.9842;94.8934
13.20;0.2905;0.8894;0.7368;305.0305;144.9842;94.8934
13.22;0.2905;0.8894;0.7368;305.0305;144.9842;94.8737
13.23;0.2905;0.8894;0.7368;305.0305;144.9842;94.8539
13.25;0.2905;0.8894;0.7368;305.0305;144.9842;94.8034
13.27;0.2905;0.8894;0.7368;305.0305;144.9842;94.8456
13.28;0.2905;0.8894;0.7368;305.0305;144.9842;94.7424
13.30;0.2905;0.8894;0.7368;305.0305;144.9842;94.7424
13.32;0.2905;0.8894;0.7368;305.0305;144.9842;94.8266
13.33;0.2905;0.8894;0.7368;305.0305;144.9842;94.8360
13.35;0.2905;0.8894;0.7368;305.0305;144.9842;94.8901
13.37;0.2905;0.8894;0.7368;305.0305;144.9842;94.9320
13.38;0.2905;0.8894;0.7368;305.0305;144.9842;94.8795
13.40;0.2905;0.8894;0.7368;305.0305;144.9842;94.8795
13.42;0.2905;0.8894;0.7368;305.0305;144.9842;94.9017
13.43;0.2905;0.8894;0.7368;305.0305;144.9842;94.8685
13.45;0.2905;0.8894;0.7368;305.0305;144.9842;94.9535
13.47;0.2905;0.8894;0.7368;305.0305;144.9841;94.8786
13.48;0.2905;0.8894;0.7368;305.0305;144.9842;94.9829
13.50;0.2905;0.8894;0.7368;305.0305;144.9842;94.9829
13.52;0.2905;0.8894;0.7368;305.0305;144.9842;94.9946
13.53;0.2905;0.8893;0.7369;305.0305;144.9842;94.9330
13.55;0.2905;0.8893;0.7369;305.0305;144.9841;94.9233
13.57;0.2905;0.8893;0.7369;305.0305;144.9841;94.9252
13.58;0.2905;0.8892;0.7369;305.0305;144.9841;94.8977
13.60;0.2905;0.8892;0.7369;305.0305;144.9841;94.8977
13.62;0.2905;0.8892;0.7369;305.0305;144.9841;95.0046
13.63;0.2905;0.8892;0.7369;305.0305;144.9841;95.0215
13.65;0.2905;0.8892;0.7369;305.0305;144.9841;95.0679
13.67;0.2905;0.8892;0.7369;305.0305;144.9841;94.9657
13.68;0.2905;0.8892;0.7369;305.0305;144.9841;95.0986
13.70;0.2905;0.8892;0.7369;305.0305;144.9841;95.0986
13.72;0.2905;0.8892;0.7369;305.0305;144.9841;95.0727
13.73;0.2905;0.8892;0.7369;305.0305;144.9841;95.0385
13.75;0.2905;0.8892;0.7369;305.0305;144.9841;94.9496
13.77;0.2905;0.8892;0.7370;305.0305;144.9841;94.9785
13.78;0.2904;0.8891;0.7370;305.0305;144.9841;94.9570
13.80;0.2904;0.8891;0.7370;305.0305;144.9841;94.9570
13.82;0.2904;0.8890;0.7371;305.0305;144.9841;94.9177
13.83;0.2904;0.8889;0.7371;305.0305;144.9841;94.9307
13.85;0.2904;0.8889;0.7371;305.0305;144.9841;94.9095
13.87;0.2903;0.8889;0.7371;305.0305;144.9841;94.8815
13.88;0.2903;0.8889;0.7371;305.0305;144.9842;94.9295
13.90;0.2903;0.8889;0.7371;305.0305;144.9842;94.9295
13.92;0.2903;0.8888;0.7371;305.0305;144.9841;94.8285
13.93;0.2903;0.8888;0.7372;305.0305;144.9842;94.7595
13.95;0.2903;0.8888;0.7372;305.0305;144.9841;94.8048
13.97;0.2903;0.8888;0.7372;305.0305;144.9841;94.8090
13.98;0.2903;0.8888;0.7372;305.0305;144.9842;94.8133
14.00;0.2903;0.8888;0.7372;305.0305;144.9842;94.8133
14.02;0.2903;0.8887;0.7372;305.0305;144.9841;94.7936
14.03;0.2903;0.8887;0.7372;305.0305;144.9842;94.8411
14.05;0.2902;0.8886;0.7373;305.0305;144.9842;94.8417
14.07;0.2902;0.8885;0.7373;305.0305;144.9841;94.8179
14.08;0.2901;0.8883;0.7374;305.0305;144.9842;94.7964
14.10;0.2901;0.8883;0.7374;305.0305;144.9842;94.7964
14.12;0.2900;0.8881;0.7376;305.0305;144.9842;94.7741
14.13;0.2899;0.8879;0.7377;305.0305;144.9842;94.8102
14.15;0.2899;0.8877;0.7378;305.0305;144.9842;94.9157
14.17;0.2898;0.8876;0.7378;305.0305;144.9842;94.8391
14.18;0.2898;0.8875;0.7379;305.0305;144.9841;94.8215
14.20;0.2898;0.8875;0.7379;305.0305;144.9841;94.8215
14.22;0.2897;0.8874;0.7380;305.0305;144.9841;94.8395
14.23;0.2897;0.8873;0.7380;305.0305;144.9841;94.8520
14.25;0.2897;0.8872;0.7381;305.0305;144.9841;94.9035
14.27;0.2897;0.8872;0.7381;305.0305;144.9842;94.8772
14.28;0.2896;0.8871;0.7381;305.0305;144.9842;94.8783
14.30;0.2896;0.8871;0.7381;305.0305;144.9842;94.8783
14.32;0.2896;0.8870;0.7382;305.0305;144.9842;94.7412
14.33;0.2895;0.8869;0.7383;305.0305;144.9842;94.7470
14.35;0.2895;0.8868;0.7383;305.0305;144.9842;94.7250
14.37;0.2895;0.8867;0.7384;305.0305;144.9842;94.7376
14.38;0.2894;0.8865;0.7385;305.0305;144.9842;94.6925
14.40;0.2894;0.8865;0.7385;305.0305;144.9842;94.6925
14.42;0.2893;0.8863;0.7386;305.0305;144.9842;94.7191
14.43;0.2892;0.8861;0.7387;305.0305;144.9842;94.7360
14.45;0.2891;0.8859;0.7389;305.0305;144.9842;94.7694
14.47;0.2891;0.8858;0.7389;305.0305;144.9842;94.7635
14.48;0.2890;0.8856;0.7390;305.0305;144.9842;94.8114
14.50;0.2890;0.8856;0.7390;305.0305;144.9842;94.8114
14.52;0.2889;0.8853;0.7391;305.0305;144.9842;94.7188
14.53;0.2888;0.8852;0.7392;305.0305;144.9842;94.7110
14.55;0.2888;0.8850;0.7393;305.0305;144.9842;94.6359
14.57;0.2887;0.8849;0.7394;305.0305;144.9841;94.6075
14.58;0.2887;0.8847;0.7395;305.0305;144.9842;94.6418
14.60;0.2887;0.8847;0.7395;305.0305;144.9842;94.6418
14.62;0.2885;0.8844;0.7397;305.0305;144.9842;94.5748
14.63;0.2885;0.8842;0.7398;305.0305;144.9842;94.5598
14.65;0.2884;0.8841;0.7399;305.0305;144.9842;94.5455
14.67;0.2884;0.8840;0.7399;305.0305;144.9841;94.4509
14.68;0.2883;0.8838;0.7400;305.0305;144.9842;94.3994
14.70;0.2883;0.8838;0.7400;305.0305;144.9842;94.3994
14.72;0.2882;0.8835;0.7402;305.0305;144.9841;94.3894
14.73;0.2881;0.8833;0.7403;305.0305;144.9841;94.4245
14.75;0.2880;0.8831;0.7404;305.0305;144.9841;94.3871
14.77;0.2880;0.8831;0.7405;305.0305;144.9841;94.3948
14.78;0.2879;0.8828;0.7406;305.0305;144.9841;94.3991
14.80;0.2879;0.8828;0.7406;305.0305;144.9841;94.3991
14.82;0.2878;0.8825;0.7408;305.0305;144.9841;94.3686
14.83;0.2877;0.8823;0.7409;305.0305;144.9841;94.3658
14.85;0.2877;0.8822;0.7409;305.0305;144.9841;94.3380
14.87;0.2876;0.8822;0.7410;305.0305;144.9841;94.3457
14.88;0.2876;0.8820;0.7411;305.0305;144.9841;94.3116
14.90;0.2876;0.8820;0.7411;305.0305;144.9841;94.3117
14.92;0.2875;0.8819;0.7411;305.0305;144.9841;94.2555
14.93;0.2875;0.8819;0.7411;305.0305;144.9841;94.2555
14.95;0.2875;0.8819;0.7411;305.0305;144.9841;94.2176
14.97;0.2875;0.8819;0.7411;305.0305;144.9841;94.2903
14.98;0.2875;0.8819;0.7411;305.0305;144.9841;94.2268
15.00;0.2875;0.8819;0.7411;305.0305;144.9841;94.2268
15.02;0.2875;0.8819;0.7411;305.0305;144.9841;94.2268
15.03;0.2875;0.8819;0.7411;305.0305;144.9841;94.1163
15.05;0.2875;0.8819;0.7411;305.0305;144.9841;94.1330
15.07;0.2875;0.8819;0.7411;305.0305;144.9841;94.1268
15.08;0.2875;0.8819;0.7411;305.0305;144.9841;94.1330
15.10;0.2875;0.8819;0.7411;305.0305;144.9841;94.1330
15.12;0.2875;0.8819;0.7411;305.0305;144.9841;94.0888
15.13;0.2875;0.8819;0.7412;305.0305;144.9841;94.0833
15.15;0.2875;0.8818;0.7412;305.0305;144.9841;94.1102
15.17;0.2875;0.8818;0.7412;305.0305;144.9841;94.0569
15.18;0.2875;0.8817;0.7412;305.0305;144.9841;94.0451
15.20;0.2875;0.8817;0.7412;305.0305;144.9841;94.0451
15.22;0.2874;0.8817;0.7413;305.0305;144.9841;94.1254
15.23;0.2874;0.8816;0.7413;305.0305;144.9841;94.1329
15.25;0.2874;0.8815;0.7414;305.0305;144.9841;94.1481
15.27;0.2874;0.8815;0.7414;305.0305;144.9841;94.1037
15.28;0.2873;0.8814;0.7414;305.0305;144.9841;94.1231
15.30;0.2873;0.8814;0.7414;305.0305;144.9841;94.1231
15.32;0.2873;0.8814;0.7414;305.0305;144.9841;94.0580
15.33;0.2873;0.8814;0.7414;305.0305;144.9841;94.1307
15.35;0.2873;0.8814;0.7414;305.0305;144.9841;94.0580
15.37;0.2873;0.8814;0.7414;305.0305;144.9841;94.0863
15.38;0.2873;0.8814;0.7414;305.0305;144.9841;94.0863
15.40;0.2873;0.8814;0.7414;305.0305;144.9841;94.0863
15.42;0.2873;0.8813;0.7415;305.0305;144.9841;94.0495
15.43;0.2873;0.8813;0.7415;305.0305;144.9841;94.0764
15.45;0.2872;0.8812;0.7415;305.0305;144.9841;94.0278
15.47;0.2872;0.8811;0.7416;305.0305;144.9841;93.9655
15.48;0.2872;0.8810;0.7417;305.0305;144.9841;93.8782
15.50;0.2872;0.8810;0.7417;305.0305;144.9841;93.8782
15.52;0.2871;0.8809;0.7417;305.0305;144.9841;93.8041
15.53;0.2871;0.8808;0.7418;305.0305;144.9841;93.7342
15.55;0.2870;0.8807;0.7418;305.0305;144.9841;93.5871
15.57;0.2870;0.8807;0.7418;305.0305;144.9841;93.6151
15.58;0.2870;0.8806;0.7419;305.0305;144.9841;93.5449
15.60;0.2870;0.8806;0.7419;305.0305;144.9841;93.5449
15.62;0.2870;0.8806;0.7419;305.0305;144.9841;93.4747
15.63;0.2870;0.8806;0.7419;305.0305;144.9841;93.4298
15.65;0.2870;0.8806;0.7419;305.0305;144.9841;93.3730
15.67;0.2870;0.8806;0.7419;305.0305;144.9841;93.3730
15.68;0.2870;0.8806;0.7419;305.0305;144.9841;93.3281
15.70;0.2870;0.8806;0.7419;305.0305;144.9841;93.3282
15.72;0.2870;0.8806;0.7419;305.0305;144.9841;93.2758
15.73;0.2870;0.8806;0.7419;305.0305;144.9841;93.2758
15.75;0.2870;0.8806;0.7419;305.0305;144.9841;93.2758
15.77;0.2870;0.8806;0.7419;305.0305;144.9841;93.2565
15.78;0.2870;0.8806;0.7419;305.0305;144.9841;93.2843
15.80;0.2870;0.8806;0.7419;305.0305;144.9841;93.2843
15.82;0.2870;0.8806;0.7419;305.0305;144.9841;93.1666
15.83;0.2870;0.8806;0.7419;305.0305;144.9841;93.1666
15.85;0.2870;0.8806;0.7419;305.0305;144.9841;93.1217
15.87;0.2870;0.8806;0.7419;305.0305;144.9841;93.1410
15.88;0.2870;0.8806;0.7419;305.0305;144.9841;93.1410
15.90;0.2870;0.8806;0.7419;305.0305;144.9841;93.1410
15.92;0.2870;0.8806;0.7419;305.0305;144.9841;93.1688
15.93;0.2870;0.8806;0.7419;305.0305;144.9841;93.0960
15.95;0.2870;0.8806;0.7419;305.0305;144.9841;93.0960
15.97;0.2870;0.8806;0.7419;305.0305;144.9841;93.0455
15.98;0.2870;0.8807;0.7418;305.0305;144.9841;93.0575
16.00;0.2870;0.8807;0.7418;305.0305;144.9841;93.0575
16.02;0.2870;0.8807;0.7418;305.0305;144.9841;93.0695
16.03;0.2870;0.8808;0.7418;305.0305;144.9841;93.0815
16.05;0.2870;0.8808;0.7418;305.0305;144.9841;93.1543
16.07;0.2871;0.8808;0.7418;305.0305;144.9841;93.0935
16.08;0.2871;0.8808;0.7418;305.0305;144.9841;93.1728
16.10;0.2871;0.8808;0.7418;305.0305;144.9841;93.1728
16.12;0.2871;0.8809;0.7417;305.0305;144.9841;93.1689
16.13;0.2871;0.8809;0.7417;305.0305;144.9841;93.2088
16.15;0.2871;0.8809;0.7417;305.0305;144.9841;93.2602
16.17;0.2871;0.8810;0.7417;305.0305;144.9841;93.1995
16.18;0.2872;0.8810;0.7416;305.0305;144.9841;93.2769
16.20;0.2872;0.8810;0.7416;305.0305;144.9840;93.2769
16.22;0.2872;0.8811;0.7416;305.0305;144.9841;93.3074
16.23;0.2872;0.8811;0.7416;305.0305;144.9840;93.2467
16.25;0.2872;0.8811;0.7416;305.0305;144.9841;93.2860
16.27;0.2872;0.8811;0.7416;305.0305;144.9840;93.3140
16.28;0.2872;0.8811;0.7416;305.0305;144.9840;93.3140
16.30;0.2872;0.8811;0.7416;305.0305;144.9840;93.3140
16.32;0.2872;0.8811;0.7416;305.0305;144.9840;93.3087
16.33;0.2872;0.8811;0.7416;305.0305;144.9841;93.2639
16.35;0.2872;0.8811;0.7416;305.0305;144.9841;93.1858
16.37;0.2872;0.8811;0.7416;305.0305;144.9840;93.1411
16.38;0.2872;0.8811;0.7416;305.0305;144.9841;93.0963
16.40;0.2872;0.8811;0.7416;305.0305;144.9840;93.0963
16.42;0.2872;0.8811;0.7416;305.0305;144.9840;93.0516
16.43;0.2872;0.8811;0.7416;305.0305;144.9840;93.0296
16.45;0.2872;0.8811;0.7416;305.0305;144.9840;92.9847
16.47;0.2872;0.8811;0.7416;305.0305;144.9840;93.0296
16.48;0.2872;0.8811;0.7416;305.0305;144.9841;92.9399
16.50;0.2872;0.8811;0.7416;305.0305;144.9841;92.9399
16.52;0.2872;0.8811;0.7416;305.0305;144.9840;92.9592
16.53;0.2872;0.8811;0.7416;305.0305;144.9840;92.9143
16.55;0.2872;0.8811;0.7416;305.0305;144.9841;92.9712
16.57;0.2872;0.8812;0.7416;305.0305;144.9840;92.9264
16.58;0.2872;0.8812;0.7415;305.0305;144.9840;92.9264
16.60;0.2872;0.8812;0.7415;305.0305;144.9840;92.9264
16.62;0.2872;0.8812;0.7415;305.0305;144.9840;92.8936
16.63;0.2873;0.8813;0.7415;305.0305;144.9840;92.8984
16.65;0.2873;0.8815;0.7414;305.0305;144.9840;92.9273
16.67;0.2874;0.8815;0.7413;305.0305;144.9840;92.8945
16.68;0.2874;0.8817;0.7413;305.0305;144.9840;92.8801
16.70;0.2874;0.8817;0.7413;305.0305;144.9840;92.8801
16.72;0.2875;0.8819;0.7411;305.0305;144.9841;92.8656
16.73;0.2876;0.8820;0.7411;305.0305;144.9840;92.8013
16.75;0.2876;0.8821;0.7410;305.0305;144.9841;92.8389
16.77;0.2876;0.8821;0.7410;305.0305;144.9841;92.8195
16.78;0.2876;0.8821;0.7410;305.0305;144.9841;92.8024
16.80;0.2876;0.8821;0.7410;305.0305;144.9841;92.8024
16.82;0.2876;0.8820;0.7411;305.0305;144.9840;92.8945
16.83;0.2876;0.8821;0.7410;305.0305;144.9841;92.9032
16.85;0.2876;0.8821;0.7410;305.0305;144.9840;92.9882
16.87;0.2876;0.8821;0.7410;305.0305;144.9840;93.0560
16.88;0.2876;0.8822;0.7410;305.0305;144.9840;93.0344
16.90;0.2876;0.8822;0.7410;305.0305;144.9840;93.0344
16.92;0.2877;0.8823;0.7409;305.0305;144.9840;93.0586
16.93;0.2877;0.8823;0.7409;305.0305;144.9840;93.0707
16.95;0.2877;0.8823;0.7409;305.0305;144.9841;93.1192
16.97;0.2877;0.8824;0.7409;305.0305;144.9841;93.0999
16.98;0.2877;0.8824;0.7409;305.0305;144.9841;93.0999
17.00;0.2877;0.8824;0.7409;305.0305;144.9841;93.0999
17.02;0.2877;0.8824;0.7409;305.0305;144.9841;93.1727
17.03;0.2877;0.8823;0.7409;305.0305;144.9841;93.1970
17.05;0.2877;0.8823;0.7409;305.0305;144.9841;93.2648
17.07;0.2877;0.8823;0.7409;305.0305;144.9841;93.2648
17.08;0.2877;0.8824;0.7409;305.0305;144.9841;93.2008
17.10;0.2877;0.8824;0.7409;305.0305;144.9841;93.2008
17.12;0.2877;0.8824;0.7409;305.0305;144.9841;93.2808
17.13;0.2877;0.8824;0.7408;305.0305;144.9841;93.3255
17.15;0.2877;0.8824;0.7408;305.0305;144.9841;93.2333
17.17;0.2877;0.8824;0.7408;305.0305;144.9841;93.2567
17.18;0.2877;0.8824;0.7408;305.0305;144.9841;93.3013
17.20;0.2877;0.8824;0.7408;305.0305;144.9841;93.3013
17.22;0.2877;0.8824;0.7408;305.0305;144.9841;93.3741
17.23;0.2877;0.8824;0.7408;305.0305;144.9841;93.2965
17.25;0.2877;0.8825;0.7408;305.0305;144.9841;93.2820
17.27;0.2877;0.8825;0.7408;305.0305;144.9841;93.3054
17.28;0.2878;0.8825;0.7408;305.0305;144.9841;93.2699
17.30;0.2878;0.8825;0.7408;305.0305;144.9841;93.2699
17.32;0.2878;0.8826;0.7407;305.0305;144.9841;93.2133
17.33;0.2878;0.8826;0.7407;305.0305;144.9841;93.3234
17.35;0.2878;0.8827;0.7407;305.0305;144.9841;93.2548
17.37;0.2878;0.8827;0.7407;305.0305;144.9841;93.2355
17.38;0.2879;0.8828;0.7406;305.0305;144.9841;93.2728
17.40;0.2879;0.8828;0.7406;305.0305;144.9841;93.2728
17.42;0.2879;0.8828;0.7406;305.0305;144.9841;93.3085
17.43;0.2879;0.8829;0.7406;305.0305;144.9841;93.3771
17.45;0.2879;0.8829;0.7406;305.0305;144.9841;93.3622
17.47;0.2879;0.8829;0.7406;305.0305;144.9841;93.3576
17.48;0.2879;0.8830;0.7405;305.0305;144.9841;93.2802
17.50;0.2879;0.8830;0.7405;305.0305;144.9841;93.2802
17.52;0.2880;0.8830;0.7405;305.0305;144.9841;93.3726
17.53;0.2880;0.8831;0.7405;305.0305;144.9841;93.3210
17.55;0.2880;0.8831;0.7404;305.0305;144.9841;93.3536
17.57;0.2880;0.8831;0.7404;305.0305;144.9841;93.3536
17.58;0.2880;0.8832;0.7404;305.0305;144.9841;93.3343
17.60;0.2880;0.8832;0.7404;305.0305;144.9841;93.3343
17.62;0.2881;0.8832;0.7404;305.0305;144.9841;93.4192
17.63;0.2881;0.8833;0.7403;305.0305;144.9841;93.3346
17.65;0.2881;0.8833;0.7403;305.0305;144.9841;93.4195
17.67;0.2881;0.8834;0.7403;305.0305;144.9841;93.3587
17.68;0.2881;0.8834;0.7402;305.0305;144.9841;93.4199
17.70;0.2881;0.8834;0.7402;305.0305;144.9841;93.4199
17.72;0.2882;0.8836;0.7401;305.0305;144.9841;93.4130
17.73;0.2883;0.8838;0.7401;305.0305;144.9841;93.4177
17.75;0.2883;0.8838;0.7400;305.0305;144.9841;93.3894
17.77;0.2883;0.8839;0.7400;305.0305;144.9841;93.4743
17.78;0.2883;0.8839;0.7400;305.0305;144.9841;93.3992
17.80;0.2883;0.8839;0.7400;305.0305;144.9841;93.3992
17.82;0.2883;0.8840;0.7399;305.0305;144.9841;93.3263
17.83;0.2883;0.8840;0.7399;305.0305;144.9841;93.3949
17.85;0.2884;0.8840;0.7399;305.0305;144.9841;93.3756
17.87;0.2884;0.8840;0.7399;305.0305;144.9841;93.3756
17.88;0.2884;0.8840;0.7399;305.0305;144.9841;93.3960
17.90;0.2884;0.8840;0.7399;305.0305;144.9841;93.3960
17.92;0.2884;0.8840;0.7399;305.0305;144.9841;93.3231
17.93;0.2884;0.8840;0.7399;305.0305;144.9841;93.3478
17.95;0.2884;0.8840;0.7399;305.0305;144.9841;93.3803
17.97;0.2884;0.8840;0.7399;305.0305;144.9841;93.3803
17.98;0.2884;0.8840;0.7399;305.0305;144.9841;93.3761
18.00;0.2884;0.8840;0.7399;305.0305;144.9841;93.3761
18.02;0.2884;0.8840;0.7399;305.0305;144.9841;93.3032
18.03;0.2884;0.8840;0.7399;305.0305;144.9841;93.3720
18.05;0.2884;0.8840;0.7399;305.0305;144.9841;93.3720
18.07;0.2884;0.8840;0.7399;305.0305;144.9841;93.3720
18.08;0.2884;0.8840;0.7399;305.0305;144.9841;93.2990
18.10;0.2884;0.8840;0.7399;305.0305;144.9841;93.2990
18.12;0.2884;0.8840;0.7399;305.0305;144.9841;93.3429
18.13;0.2884;0.8840;0.7399;305.0305;144.9841;93.3679
18.15;0.2884;0.8840;0.7399;305.0305;144.9841;93.4118
18.17;0.2884;0.8840;0.7399;305.0305;144.9841;93.3388
18.18;0.2884;0.8840;0.7399;305.0305;144.9841;93.4118
18.20;0.2884;0.8840;0.7399;305.0305;144.9841;93.4118
18.22;0.2884;0.8840;0.7399;305.0305;144.9841;93.4159
18.23;0.2884;0.8840;0.7399;305.0305;144.9841;93.4408
18.25;0.2884;0.8840;0.7399;305.0305;144.9841;93.4118
18.27;0.2884;0.8840;0.7399;305.0305;144.9841;93.4118
18.28;0.2884;0.8841;0.7399;305.0305;144.9841;93.4118
18.30;0.2884;0.8841;0.7399;305.0305;144.9841;93.4118
18.32;0.2884;0.8841;0.7399;305.0305;144.9841;93.3924
18.33;0.2884;0.8841;0.7399;305.0305;144.9841;93.3924
18.35;0.2884;0.8841;0.7399;305.0305;144.9841;93.4044
18.37;0.2884;0.8841;0.7399;305.0305;144.9841;93.4044
18.38;0.2884;0.8841;0.7399;305.0305;144.9841;93.4044
18.40;0.2884;0.8841;0.7399;305.0305;144.9841;93.4044
18.42;0.2884;0.8841;0.7399;305.0305;144.9841;93.4044
18.43;0.2884;0.8841;0.7399;305.0305;144.9841;93.4044
18.45;0.2884;0.8841;0.7399;305.0305;144.9841;93.4044
18.47;0.2884;0.8841;0.7399;305.0305;144.9841;93.4044
18.48;0.2884;0.8841;0.7399;305.0305;144.9841;93.4044
18.50;0.2884;0.8841;0.7399;305.0305;144.9841;93.4044
18.52;0.2884;0.8841;0.7399;305.0305;144.9841;93.3851
18.53;0.2884;0.8841;0.7399;305.0305;144.9841;93.3851
18.55;0.2884;0.8841;0.7399;305.0305;144.9841;93.3810
18.57;0.2884;0.8841;0.7399;305.0305;144.9841;93.3851
18.58;0.2884;0.8841;0.7399;305.0305;144.9841;93.3810
18.60;0.2884;0.8841;0.7399;305.0305;144.9841;93.3810
18.62;0.2884;0.8841;0.7399;305.0305;144.9841;93.3810
18.63;0.2884;0.8841;0.7399;305.0305;144.9841;93.3930
18.65;0.2884;0.8841;0.7398;305.0305;144.9841;93.4488
18.67;0.2884;0.8842;0.7398;305.0305;144.9841;93.4415
18.68;0.2884;0.8842;0.7398;305.0305;144.9841;93.4494
18.70;0.2884;0.8842;0.7398;305.0305;144.9841;93.4494
18.72;0.2885;0.8843;0.7397;305.0305;144.9841;93.4540
18.73;0.2885;0.8844;0.7397;305.0305;144.9841;93.4368
18.75;0.2885;0.8844;0.7397;305.0305;144.9841;93.5176
18.77;0.2885;0.8844;0.7397;305.0305;144.9841;93.5540
18.78;0.2886;0.8845;0.7397;305.0305;144.9841;93.5425
18.80;0.2886;0.8845;0.7397;305.0305;144.9841;93.5425
18.82;0.2886;0.8845;0.7396;305.0305;144.9841;93.4938
