5.08;0.2904;0.9142;0.7091;306.8534;158.5762;101.3139
5.10;0.2904;0.9142;0.7091;306.8534;158.5762;101.3139
5.12;0.2905;0.9144;0.7096;306.5194;158.2885;101.5172
5.13;0.2906;0.9145;0.7100;306.2503;158.0562;101.6767
5.15;0.2906;0.9145;0.7103;306.0806;157.9240;101.7377
5.17;0.2908;0.9145;0.7105;306.0208;157.7421;101.8461
5.18;0.2909;0.9145;0.7109;305.8511;157.6089;101.9082
5.20;0.2909;0.9145;0.7112;305.7454;157.5358;101.9218
5.22;0.2909;0.9144;0.7112;305.7159;157.5187;101.9174
5.23;0.2911;0.9144;0.7117;305.5800;157.2795;102.0449
5.25;0.2910;0.9146;0.7121;305.3416;157.2296;101.9525
5.27;0.2910;0.9147;0.7124;305.1841;157.0890;102.1223
5.28;0.2909;0.9147;0.7129;305.0143;157.0000;102.0418
5.30;0.2909;0.9147;0.7129;305.0143;157.0000;102.0418
5.32;0.2908;0.9146;0.7136;304.7898;156.9520;101.9674
5.33;0.2906;0.9144;0.7139;304.6243;156.8913;101.9014
5.35;0.2909;0.9141;0.7143;304.5602;156.5350;102.1002
5.37;0.2911;0.9140;0.7146;304.4240;156.2909;102.2318
5.38;0.2915;0.9138;0.7151;304.2663;155.8060;102.4774
5.40;0.2915;0.9138;0.7151;304.2663;155.8060;102.4774
5.42;0.2921;0.9135;0.7161;303.9861;155.0424;102.8888
5.43;0.2926;0.9134;0.7167;303.8609;154.4873;103.3318
5.45;0.2927;0.9134;0.7173;303.7161;154.0755;103.6015
5.47;0.2929;0.9134;0.7176;303.7122;153.7669;103.8663
5.48;0.2933;0.9133;0.7181;303.6715;153.2077;104.4071
5.50;0.2938;0.9131;0.7184;303.6493;152.5803;104.8418
5.52;0.2940;0.9129;0.7186;303.6288;152.3316;104.9401
5.53;0.2942;0.9127;0.7188;303.6139;151.9851;105.1650
5.55;0.2945;0.9126;0.7192;303.5745;151.5119;105.5054
5.57;0.2945;0.9125;0.7193;303.5648;151.4348;105.5902
5.58;0.2946;0.9124;0.7197;303.5513;151.1835;105.8118
5.60;0.2945;0.9123;0.7200;303.5476;151.0567;105.9480
5.62;0.2946;0.9121;0.7200;303.6365;150.9511;105.9538
5.63;0.2945;0.9119;0.7201;303.6478;150.8523;106.0559
5.65;0.2944;0.9117;0.7203;303.6591;150.7775;106.0837
5.67;0.2944;0.9116;0.7204;303.6647;150.7522;106.1339
5.68;0.2941;0.9114;0.7209;303.7108;150.7077;106.0711
5.70;0.2941;0.9114;0.7209;303.7108;150.7077;106.0711
5.72;0.2943;0.9111;0.7211;303.7963;150.4582;106.2027
5.73;0.2943;0.9110;0.7214;303.8303;150.2592;106.3848
5.75;0.2944;0.9109;0.7217;303.8504;150.0336;106.4520
5.77;0.2945;0.9109;0.7219;303.8653;149.8559;106.6907
5.78;0.2945;0.9107;0.7221;303.9607;149.7103;106.6605
5.80;0.2945;0.9107;0.7221;303.9607;149.7103;106.6605
5.82;0.2949;0.9104;0.7223;304.0860;149.3237;106.6845
5.83;0.2950;0.9102;0.7225;304.1678;149.1537;106.7563
5.85;0.2950;0.9099;0.7225;304.3237;149.1110;106.7312
5.87;0.2951;0.9098;0.7226;304.4138;149.0163;106.8693
5.88;0.2951;0.9096;0.7228;304.5233;148.9050;106.8696
5.90;0.2951;0.9096;0.7228;304.5233;148.9050;106.8696
5.92;0.2953;0.9090;0.7228;304.6980;148.7781;106.7757
5.93;0.2953;0.9087;0.7226;304.8286;148.7680;106.6639
5.95;0.2952;0.9083;0.7223;304.8938;148.7983;106.4980
5.97;0.2951;0.9083;0.7224;304.8474;148.7755;106.3787
5.98;0.2950;0.9080;0.7222;304.9125;148.8295;106.2125
6.00;0.2950;0.9080;0.7222;304.9125;148.8295;106.2125
6.02;0.2945;0.9078;0.7222;304.8929;148.9793;105.8798
6.03;0.2943;0.9077;0.7223;304.8599;149.0547;105.6538
6.05;0.2945;0.9074;0.7221;304.9631;148.9669;105.6073
6.07;0.2944;0.9073;0.7221;304.9765;149.0178;105.5007
6.08;0.2943;0.9071;0.7220;304.9948;148.9787;105.3609
6.10;0.2943;0.9071;0.7220;304.9948;148.9788;105.3609
6.12;0.2941;0.9068;0.7219;304.9616;149.0542;105.2078
6.13;0.2938;0.9067;0.7220;304.8552;149.0286;105.0754
6.15;0.2936;0.9065;0.7221;304.7670;148.9401;105.0229
6.17;0.2936;0.9062;0.7220;304.8449;148.9757;104.9680
6.18;0.2935;0.9059;0.7222;304.8225;149.0025;104.8195
6.20;0.2935;0.9059;0.7222;304.8225;149.0025;104.8195
6.22;0.2933;0.9051;0.7224;304.8830;149.1069;104.5795
6.23;0.2932;0.9047;0.7225;304.8856;149.1439;104.4345
6.25;0.2930;0.9042;0.7227;304.7431;149.1343;104.2566
6.27;0.2931;0.9040;0.7228;304.7389;149.0604;104.2185
6.28;0.2930;0.9035;0.7230;304.6690;149.1304;104.0184
6.30;0.2930;0.9035;0.7230;304.6690;149.1304;104.0184
6.32;0.2929;0.9032;0.7235;304.5013;149.0043;103.9422
6.33;0.2930;0.9031;0.7239;304.4118;148.7619;104.1400
6.35;0.2932;0.9029;0.7242;304.3564;148.5128;104.2720
6.37;0.2932;0.9029;0.7244;304.3459;148.4203;104.3419
6.38;0.2930;0.9029;0.7248;304.2409;148.3307;104.4651
6.40;0.2930;0.9029;0.7248;304.2409;148.3307;104.4651
6.42;0.2932;0.9028;0.7250;304.2201;148.0984;104.6045
6.43;0.2932;0.9026;0.7249;304.2824;148.0858;104.5774
6.45;0.2933;0.9025;0.7250;304.2594;147.9411;104.6815
6.47;0.2932;0.9026;0.7251;304.1995;147.9133;104.7434
6.48;0.2932;0.9026;0.7253;304.1767;147.8389;104.8478
6.50;0.2932;0.9026;0.7253;304.1767;147.8389;104.8478
6.52;0.2930;0.9026;0.7254;304.1295;147.8397;104.8751
6.53;0.2929;0.9026;0.7255;304.1295;147.8868;104.8751
6.55;0.2929;0.9027;0.7256;304.0697;147.8584;104.9376
6.57;0.2929;0.9026;0.7256;304.1068;147.7886;104.9796
6.58;0.2928;0.9026;0.7256;304.1068;147.8357;104.9796
6.60;0.2928;0.9026;0.7256;304.1068;147.8357;104.9796
6.62;0.2925;0.9026;0.7258;304.0596;147.9070;105.0803
6.63;0.2924;0.9025;0.7257;304.0721;147.9833;104.9719
6.65;0.2924;0.9024;0.7258;304.0744;147.9198;105.0059
6.67;0.2924;0.9023;0.7258;304.0993;147.9782;104.9354
6.68;0.2923;0.9020;0.7258;304.1143;148.0777;104.7867
6.70;0.2923;0.9020;0.7258;304.1143;148.0777;104.7867
6.72;0.2923;0.9020;0.7258;304.0919;148.0662;104.7435
6.73;0.2925;0.9020;0.7260;304.0216;147.8278;104.9479
6.75;0.2926;0.9020;0.7261;303.9249;147.7746;104.8960
6.77;0.2929;0.9021;0.7262;303.9021;147.5583;105.0738
6.78;0.2932;0.9022;0.7263;303.8424;147.3643;105.0638
6.80;0.2932;0.9022;0.7263;303.8424;147.3643;105.0638
6.82;0.2937;0.9023;0.7263;303.7705;147.0226;105.2362
6.83;0.2940;0.9023;0.7262;303.7335;146.9274;105.1948
6.85;0.2944;0.9023;0.7263;303.6862;146.6919;105.1496
6.87;0.2945;0.9024;0.7262;303.6492;146.6911;105.1081
6.88;0.2949;0.9024;0.7261;303.6122;146.5727;105.1396
6.90;0.2949;0.9024;0.7261;303.6122;146.5727;105.1396
6.92;0.2957;0.9026;0.7259;303.5381;146.1765;105.2051
6.93;0.2960;0.9028;0.7257;303.4370;146.1096;105.1576
6.95;0.2964;0.9030;0.7254;303.3476;145.9132;105.2229
6.97;0.2967;0.9032;0.7253;303.2855;145.8062;105.2518
6.98;0.2973;0.9033;0.7250;303.3174;145.6298;105.5888
7.00;0.2973;0.9033;0.7250;303.3174;145.6298;105.5888
7.02;0.2985;0.9033;0.7247;303.4486;145.1591;106.0869
7.03;0.2993;0.9032;0.7246;303.5454;144.8592;106.5050
7.05;0.2999;0.9032;0.7244;303.6422;144.6299;106.8500
7.07;0.3003;0.9031;0.7242;303.7265;144.4888;107.0109
7.08;0.3007;0.9030;0.7240;303.7861;144.3768;107.2403
7.10;0.3007;0.9030;0.7240;303.7862;144.3768;107.2403
7.12;0.3015;0.9027;0.7237;303.9799;144.0589;107.4186
7.13;0.3020;0.9028;0.7236;303.9674;143.8647;107.6004
7.15;0.3023;0.9028;0.7235;304.0020;143.7173;107.6811
7.17;0.3026;0.9028;0.7233;304.0864;143.6234;107.7690
7.18;0.3028;0.9029;0.7233;304.0959;143.4886;107.9200
7.20;0.3029;0.9030;0.7232;304.1055;143.4246;107.9978
7.22;0.3029;0.9031;0.7233;304.0805;143.3663;108.1414
7.23;0.3031;0.9031;0.7230;304.1747;143.2799;108.2335
7.25;0.3032;0.9030;0.7228;304.2940;143.2756;108.3284
7.27;0.3033;0.9029;0.7228;304.3318;143.1827;108.2973
7.28;0.3036;0.9027;0.7225;304.5262;143.1255;108.3293
7.30;0.3041;0.9025;0.7224;304.6992;142.9005;108.3919
7.32;0.3043;0.9024;0.7223;304.7841;142.8317;108.4062
7.33;0.3047;0.9023;0.7220;304.9052;142.5568;108.5735
7.35;0.3055;0.9023;0.7218;305.0914;142.0726;108.8562
7.37;0.3057;0.9022;0.7216;305.1996;141.9720;108.9121
7.38;0.3067;0.9018;0.7209;305.5766;141.6281;108.9741
7.40;0.3067;0.9018;0.7209;305.5766;141.6281;108.9741
7.42;0.3072;0.9016;0.7206;305.7332;141.5222;108.8929
7.43;0.3078;0.9013;0.7202;305.9636;141.3681;108.8606
7.45;0.3080;0.9012;0.7198;306.0925;141.3851;108.8176
7.47;0.3082;0.9012;0.7196;306.1541;141.2634;108.8996
7.48;0.3085;0.9010;0.7190;306.4278;141.3574;108.8127
7.50;0.3085;0.9010;0.7190;306.4278;141.3574;108.8127
7.52;0.3085;0.9008;0.7185;306.5663;141.5941;108.5976
7.53;0.3087;0.9006;0.7182;306.7235;141.6020;108.5216
7.55;0.3088;0.9004;0.7179;306.8299;141.6955;108.4397
7.57;0.3089;0.9002;0.7177;306.9873;141.7257;108.4385
7.58;0.3093;0.8999;0.7173;307.2307;141.6874;108.3077
7.60;0.3095;0.8996;0.7169;307.4479;141.7865;108.1791
7.62;0.3098;0.8994;0.7166;307.6443;141.7258;108.1470
7.63;0.3103;0.8989;0.7163;307.9780;141.5816;108.2117
7.65;0.3106;0.8985;0.7159;308.2731;141.5489;108.1650
7.67;0.3110;0.8980;0.7156;308.6194;141.5005;108.0522
7.68;0.3111;0.8978;0.7155;308.7567;141.4417;108.0751
7.70;0.3115;0.8974;0.7154;309.0705;141.2621;108.2308
7.72;0.3119;0.8971;0.7153;309.2863;141.0324;108.4732
7.73;0.3124;0.8964;0.7151;309.7115;140.8630;108.5051
7.75;0.3130;0.8956;0.7147;310.2477;140.7013;108.6355
7.77;0.3136;0.8950;0.7144;310.6737;140.5121;108.7379
7.78;0.3139;0.8947;0.7142;310.9107;140.4393;108.7428
7.80;0.3143;0.8939;0.7137;311.4052;140.4186;108.7429
7.82;0.3145;0.8936;0.7135;311.6031;140.4053;108.7144
7.83;0.3152;0.8930;0.7130;312.0387;140.2251;108.7653
7.85;0.3157;0.8925;0.7126;312.3955;140.2090;108.6774
7.87;0.3161;0.8918;0.7120;312.8122;140.2305;108.5457
7.88;0.3162;0.8915;0.7116;313.0309;140.3356;108.5152
7.90;0.3166;0.8909;0.7110;313.4482;140.3764;108.3892
7.92;0.3166;0.8906;0.7106;313.6279;140.5600;108.3293
7.93;0.3168;0.8901;0.7101;313.9583;140.6852;108.1906
7.95;0.3170;0.8894;0.7098;314.3267;140.7944;107.9854
7.97;0.3171;0.8887;0.7095;314.6526;141.0761;107.7786
7.98;0.3173;0.8879;0.7093;314.9817;141.2304;107.6664
8.00;0.3174;0.8876;0.7092;315.1405;141.2841;107.6624
8.02;0.3174;0.8873;0.7090;315.2491;141.4213;107.6553
8.03;0.3176;0.8871;0.7089;315.3722;141.4138;107.8839
8.05;0.3175;0.8870;0.7088;315.4332;141.4944;108.0636
8.07;0.3175;0.8869;0.7086;315.5062;141.5710;108.0688
8.08;0.3176;0.8867;0.7087;315.5924;141.5688;108.0620
8.10;0.3176;0.8866;0.7087;315.6165;141.6080;108.0792
8.12;0.3174;0.8866;0.7087;315.6026;141.7514;107.9912
8.13;0.3171;0.8865;0.7086;315.6010;141.9380;107.8752
8.15;0.3166;0.8866;0.7086;315.5631;142.1603;107.9163
8.17;0.3160;0.8868;0.7088;315.4641;142.3500;107.9233
8.18;0.3158;0.8868;0.7088;315.4641;142.4442;107.8501
8.20;0.3153;0.8869;0.7089;315.4641;142.6327;107.9234
8.22;0.3150;0.8869;0.7089;315.4641;142.7505;107.9234
8.23;0.3146;0.8869;0.7091;315.5276;142.8753;108.0158
8.25;0.3141;0.8870;0.7093;315.5794;143.0043;108.1360
8.27;0.3138;0.8869;0.7094;315.6816;143.0258;108.2595
8.28;0.3135;0.8867;0.7094;315.7808;143.1433;108.1053
8.30;0.3128;0.8869;0.7098;315.7580;143.3599;107.8833
8.32;0.3124;0.8870;0.7099;315.7844;143.4722;107.7963
8.33;0.3114;0.8874;0.7102;315.7252;143.7982;107.5706
8.35;0.3105;0.8878;0.7106;315.6966;143.9559;107.5940
8.37;0.3096;0.8883;0.7110;315.6581;144.1170;107.6465
8.38;0.3092;0.8885;0.7112;315.6396;144.1739;107.5998
8.40;0.3086;0.8888;0.7115;315.7264;144.2831;107.4399
8.42;0.3082;0.8890;0.7118;315.7206;144.3601;107.3649
8.43;0.3077;0.8892;0.7122;315.8061;144.4409;107.1028
8.45;0.3074;0.8892;0.7126;315.9258;144.5350;106.9007
8.47;0.3072;0.8893;0.7132;315.9970;144.5202;106.7102
8.48;0.3072;0.8893;0.7134;316.0285;144.4661;106.7087
8.50;0.3071;0.8893;0.7139;316.1295;144.3545;106.7209
8.52;0.3072;0.8893;0.7143;316.0911;144.1747;106.8614
8.53;0.3073;0.8894;0.7148;316.0554;143.9685;106.8676
8.55;0.3077;0.8894;0.7154;316.0015;143.5545;107.0161
8.57;0.3079;0.8895;0.7159;315.9364;143.3276;107.0369
8.58;0.3080;0.8895;0.7162;315.8795;143.1706;107.0903
8.60;0.3082;0.8897;0.7166;315.7534;142.9324;107.0688
8.62;0.3084;0.8897;0.7168;315.7453;142.8153;107.1824
8.63;0.3084;0.8899;0.7170;315.6276;142.6934;107.1943
8.65;0.3085;0.8901;0.7173;315.5100;142.5710;107.2067
8.67;0.3086;0.8900;0.7173;315.5508;142.4943;107.2339
8.68;0.3085;0.8900;0.7174;315.5120;142.5216;107.2177
8.70;0.3084;0.8901;0.7176;315.4533;142.4837;107.1875
8.72;0.3084;0.8901;0.7177;315.4045;142.4666;107.2010
8.73;0.3084;0.8900;0.7177;315.4553;142.4579;107.1251
8.75;0.3081;0.8902;0.7178;315.3558;142.5437;107.0681
8.77;0.3080;0.8903;0.7180;315.2971;142.5292;107.0382
8.78;0.3080;0.8902;0.7180;315.3478;142.5206;106.9621
8.80;0.3079;0.8903;0.7182;315.2892;142.5295;106.9322
8.82;0.3078;0.8903;0.7183;315.2404;142.5358;106.8727
8.83;0.3076;0.8902;0.7183;315.2700;142.6458;106.7833
8.85;0.3075;0.8902;0.7185;315.2410;142.6706;106.6642
8.87;0.3076;0.8900;0.7185;315.3014;142.6593;106.6313
8.88;0.3076;0.8899;0.7184;315.3310;142.6985;106.5421
8.90;0.3076;0.8898;0.7184;315.3409;142.7194;106.4391
8.92;0.3076;0.8898;0.7184;315.3409;142.7194;106.4391
8.93;0.3076;0.8898;0.7184;315.3409;142.7194;106.4391
8.95;0.3076;0.8899;0.7184;315.3409;142.7194;106.2926
8.97;0.3076;0.8898;0.7184;315.3409;142.7194;106.2926
8.98;0.3076;0.8898;0.7184;315.3409;142.7194;106.2926
9.00;0.3076;0.8897;0.7182;315.3998;142.7807;106.1764
9.02;0.3075;0.8897;0.7182;315.3998;142.8043;106.1763
9.03;0.3073;0.8898;0.7182;315.3593;142.9282;106.0031
9.05;0.3071;0.8898;0.7182;315.3593;142.9753;105.9299
9.07;0.3069;0.8898;0.7182;315.3189;143.0758;105.9030
9.08;0.3068;0.8897;0.7181;315.3189;143.1229;105.6833
9.10;0.3066;0.8896;0.7180;315.3189;143.1700;105.5368
9.12;0.3066;0.8896;0.7179;315.3189;143.1936;105.4636
9.13;0.3063;0.8895;0.7178;315.2785;143.3176;105.2169
9.15;0.3064;0.8894;0.7179;315.2800;143.2448;105.2275
9.17;0.3062;0.8895;0.7180;315.1907;143.2815;105.1408
9.18;0.3063;0.8895;0.7182;315.1721;143.1666;105.1377
9.20;0.3062;0.8897;0.7183;315.0729;143.1822;105.0810
9.22;0.3063;0.8895;0.7182;315.1721;143.1667;105.0644
9.23;0.3063;0.8896;0.7183;315.1133;143.1287;105.1078
9.25;0.3061;0.8897;0.7183;315.0729;143.2057;105.0077
9.27;0.3063;0.8896;0.7183;315.1133;143.1287;104.9613
9.28;0.3062;0.8896;0.7184;315.0643;143.1118;104.9749
9.30;0.3062;0.8896;0.7184;315.0643;143.1118;104.9749
9.32;0.3062;0.8896;0.7183;315.0643;143.1118;104.9749
9.33;0.3061;0.8897;0.7183;314.9651;143.1271;104.9185
9.35;0.3063;0.8896;0.7183;315.0055;143.0265;105.0185
9.37;0.3061;0.8896;0.7183;314.9651;143.1035;104.9918
9.38;0.3062;0.8895;0.7181;314.9651;143.0800;104.9185
9.40;0.3062;0.8895;0.7181;314.9651;143.0800;104.9185
9.42;0.3064;0.8893;0.7179;314.9063;142.9004;104.9623
9.43;0.3062;0.8893;0.7178;314.7667;142.9220;104.8793
9.45;0.3062;0.8893;0.7177;314.6675;142.8900;104.8965
9.47;0.3060;0.8893;0.7175;314.5868;143.0212;104.8423
9.48;0.3059;0.8894;0.7175;314.4877;143.0129;104.7130
9.50;0.3055;0.8898;0.7178;314.1804;143.0366;104.7221
9.52;0.3054;0.8898;0.7177;314.1400;143.1144;104.6946
9.53;0.3051;0.8900;0.7177;314.0007;143.1838;104.6114
9.55;0.3049;0.8902;0.7178;313.8026;143.1903;104.5734
9.57;0.3048;0.8903;0.7179;313.7036;143.2052;104.5181
9.58;0.3044;0.8905;0.7179;313.5241;143.3769;104.4067
9.60;0.3041;0.8906;0.7179;313.3850;143.4941;104.3963
9.62;0.3040;0.8908;0.7181;313.2273;143.4452;104.3876
9.63;0.3036;0.8909;0.7180;313.1470;143.6264;104.2574
9.65;0.3032;0.8912;0.7183;312.9091;143.7354;104.1186
9.67;0.3031;0.8914;0.7184;312.8102;143.7739;104.0636
9.68;0.3027;0.8917;0.7185;312.6313;143.9712;103.8775
9.70;0.3025;0.8917;0.7184;312.5912;144.0743;103.7750
9.72;0.3023;0.8919;0.7186;312.4925;144.0893;103.7201
9.73;0.3020;0.8920;0.7186;312.3641;144.2306;103.6048
9.75;0.3017;0.8921;0.7186;312.2843;144.4141;103.4724
9.77;0.3017;0.8922;0.7187;312.2254;144.3493;103.5204
9.78;0.3013;0.8923;0.7188;312.0973;144.5148;103.4780
9.80;0.3011;0.8924;0.7189;312.0091;144.5767;103.4652
9.82;0.3008;0.8926;0.7191;311.8222;144.6540;103.4711
9.83;0.3006;0.8925;0.7190;311.8036;144.8047;103.3052
9.85;0.3005;0.8926;0.7192;311.6777;144.8249;103.2786
9.87;0.3002;0.8926;0.7192;311.5714;144.9917;103.1729
9.88;0.2997;0.8928;0.7194;311.3186;145.1331;103.0296
9.90;0.2996;0.8929;0.7196;311.1717;145.1069;103.0662
9.92;0.2995;0.8930;0.7197;311.0840;145.1464;103.0535
9.93;0.2991;0.8932;0.7198;310.8695;145.3075;102.9971
9.95;0.2990;0.8934;0.7201;310.7121;145.2569;102.9931
9.97;0.2989;0.8935;0.7202;310.6138;145.2725;102.9392
9.98;0.2985;0.8939;0.7206;310.3191;145.3423;102.9979
10.00;0.2985;0.8939;0.7206;310.3191;145.3423;102.9979
10.02;0.2983;0.8941;0.7206;310.1817;145.4166;102.9128
10.03;0.2982;0.8942;0.7208;310.0353;145.3655;102.8789
10.05;0.2979;0.8944;0.7210;309.8499;145.4205;102.8869
10.07;0.2980;0.8943;0.7209;309.8607;145.4218;102.9278
10.08;0.2974;0.8945;0.7210;309.5973;145.6434;102.7986
10.10;0.2973;0.8946;0.7211;309.4993;145.6587;102.8188
10.12;0.2972;0.8946;0.7211;309.4993;145.6823;102.8188
10.13;0.2970;0.8947;0.7211;309.3623;145.7811;102.7335
10.15;0.2968;0.8948;0.7212;309.2643;145.7963;102.7539
10.17;0.2968;0.8948;0.7212;309.2643;145.7963;102.7539
10.18;0.2967;0.8948;0.7213;309.1882;145.8621;102.6359
10.20;0.2966;0.8949;0.7213;309.1494;145.9460;102.6031
10.22;0.2966;0.8949;0.7214;309.1013;145.9027;102.6237
10.23;0.2966;0.8948;0.7213;309.1122;145.9045;102.5911
10.25;0.2966;0.8947;0.7213;309.1452;145.9805;102.4931
10.27;0.2965;0.8947;0.7214;309.0583;145.9979;102.4808
10.28;0.2966;0.8946;0.7215;309.0709;145.9214;102.4687
10.30;0.2966;0.8946;0.7215;309.0708;145.9214;102.4687
10.32;0.2965;0.8946;0.7217;308.9688;145.9958;102.3788
10.33;0.2964;0.8945;0.7217;308.9536;146.0291;102.3011
10.35;0.2962;0.8944;0.7218;308.9001;146.1471;102.1905
10.37;0.2961;0.8945;0.7219;308.8246;146.2144;102.1453
10.38;0.2959;0.8944;0.7220;308.7603;146.3310;102.0672
10.40;0.2959;0.8944;0.7220;308.7603;146.3310;102.0672
10.42;0.2956;0.8944;0.7223;308.6061;146.5267;101.8655
10.43;0.2956;0.8943;0.7225;308.5651;146.5467;101.6687
10.45;0.2954;0.8941;0.7225;308.5352;146.7182;101.4917
10.47;0.2954;0.8942;0.7226;308.4866;146.6761;101.5119
10.48;0.2951;0.8943;0.7228;308.3520;146.7243;101.5194
10.50;0.2951;0.8943;0.7228;308.3520;146.7243;101.5194
10.52;0.2950;0.8943;0.7230;308.3034;146.7292;101.6131
10.53;0.2949;0.8943;0.7231;308.2548;146.7340;101.6336
10.55;0.2949;0.8943;0.7232;308.2062;146.7152;101.6542
10.57;0.2949;0.8943;0.7232;308.2062;146.7152;101.6542
10.58;0.2949;0.8943;0.7233;308.1689;146.6989;101.6417
10.60;0.2949;0.8943;0.7233;308.1689;146.6989;101.6417
10.62;0.2947;0.8943;0.7234;308.0941;146.7682;101.5961
10.63;0.2948;0.8942;0.7235;308.1052;146.6924;101.5836
10.65;0.2947;0.8942;0.7234;308.0792;146.8043;101.5172
10.67;0.2947;0.8943;0.7236;308.0193;146.7358;101.5712
10.68;0.2947;0.8942;0.7237;307.9819;146.7197;101.5587
10.70;0.2946;0.8942;0.7237;307.9931;146.7694;101.5254
10.72;0.2946;0.8942;0.7237;307.9931;146.7694;101.5254
10.73;0.2945;0.8942;0.7238;307.9073;146.8130;101.4398
10.75;0.2943;0.8943;0.7239;307.8102;146.8539;101.5340
10.77;0.2943;0.8943;0.7239;307.8215;146.8802;101.5006
10.78;0.2942;0.8945;0.7240;307.7245;146.8975;101.5217
10.80;0.2942;0.8945;0.7241;307.6758;146.8550;101.4695
10.82;0.2942;0.8944;0.7241;307.6871;146.8815;101.5094
10.83;0.2941;0.8945;0.7243;307.6272;146.8360;101.5640
10.85;0.2940;0.8946;0.7243;307.5901;146.9458;101.4574
10.87;0.2939;0.8945;0.7242;307.6014;146.9959;101.4971
10.88;0.2940;0.8943;0.7242;307.6609;146.9627;101.4635
10.90;0.2940;0.8943;0.7242;307.6609;146.9627;101.4635
10.92;0.2938;0.8943;0.7242;307.5978;147.0596;101.3842
10.93;0.2938;0.8941;0.7242;307.6205;147.1127;101.3173
10.95;0.2937;0.8941;0.7243;307.5830;147.1205;101.2315
10.97;0.2936;0.8940;0.7243;307.5943;147.1706;101.2713
10.98;0.2934;0.8941;0.7244;307.5201;147.2887;101.2253
11.00;0.2934;0.8941;0.7244;307.5202;147.2887;101.2253
11.02;0.2934;0.8939;0.7245;307.5307;147.2367;101.2127
11.03;0.2934;0.8938;0.7244;307.5534;147.2898;101.0725
11.05;0.2933;0.8937;0.7244;307.5760;147.3664;101.0788
11.07;0.2933;0.8937;0.7244;307.5874;147.3929;101.0453
11.08;0.2933;0.8936;0.7245;307.5864;147.3382;101.0659
11.10;0.2933;0.8936;0.7245;307.5864;147.3382;101.0659
11.12;0.2930;0.8935;0.7245;307.5613;147.4984;100.9991
11.13;0.2929;0.8934;0.7244;307.5840;147.5750;100.9323
11.15;0.2928;0.8933;0.7244;307.6068;147.6750;100.8655
11.17;0.2928;0.8934;0.7245;307.5464;147.6069;100.8462
11.18;0.2926;0.8932;0.7245;307.5692;147.7071;100.8526
11.20;0.2926;0.8932;0.7245;307.5692;147.7071;100.8526
11.22;0.2925;0.8931;0.7245;307.5203;147.7126;100.8731
11.23;0.2925;0.8930;0.7245;307.5316;147.7627;100.8396
11.25;0.2924;0.8930;0.7245;307.4826;147.7212;100.9334
11.27;0.2924;0.8929;0.7245;307.4940;147.7478;100.8267
11.28;0.2924;0.8929;0.7246;307.3846;147.6379;100.9015
11.30;0.2924;0.8929;0.7246;307.3847;147.6379;100.9015
11.32;0.2921;0.8930;0.7250;307.1788;147.6164;100.9984
11.33;0.2922;0.8930;0.7251;307.1548;147.4841;101.0865
11.35;0.2920;0.8930;0.7251;307.0583;147.5489;101.1818
11.37;0.2919;0.8931;0.7253;306.9982;147.5031;101.1639
11.38;0.2919;0.8930;0.7255;306.9116;147.4693;101.1729
11.40;0.2919;0.8930;0.7255;306.9116;147.4693;101.1729
11.42;0.2919;0.8930;0.7257;306.8137;147.3844;101.2162
11.43;0.2917;0.8930;0.7258;306.7398;147.4564;101.1706
11.45;0.2916;0.8930;0.7259;306.7021;147.4885;101.1581
11.47;0.2916;0.8931;0.7260;306.6419;147.4185;101.2143
11.48;0.2915;0.8933;0.7264;306.5218;147.3485;101.3272
11.50;0.2913;0.8934;0.7265;306.4255;147.4122;101.3509
11.52;0.2913;0.8933;0.7265;306.4618;147.3486;101.3840
11.53;0.2913;0.8934;0.7267;306.4129;147.3292;101.4064
11.55;0.2911;0.8933;0.7266;306.3878;147.4678;101.3387
11.57;0.2912;0.8933;0.7268;306.3751;147.3377;101.3941
11.58;0.2912;0.8933;0.7268;306.3751;147.3377;101.3942
11.60;0.2912;0.8933;0.7268;306.3751;147.3377;101.3942
11.62;0.2912;0.8934;0.7269;306.3262;147.3182;101.4166
11.63;0.2910;0.8935;0.7271;306.2300;147.3578;101.4410
11.65;0.2911;0.8934;0.7271;306.2773;147.3222;101.4392
11.67;0.2910;0.8933;0.7271;306.2884;147.3738;101.4044
11.68;0.2908;0.8933;0.7270;306.2633;147.4890;101.3368
11.70;0.2908;0.8933;0.7270;306.2633;147.4890;101.3368
11.72;0.2909;0.8931;0.7271;306.2616;147.3868;101.3575
11.73;0.2908;0.8931;0.7270;306.2477;147.5301;101.2551
11.75;0.2909;0.8930;0.7272;306.2459;147.4279;101.2757
11.77;0.2908;0.8931;0.7273;306.1720;147.5005;101.2305
11.78;0.2908;0.8931;0.7274;306.1342;147.4857;101.2182
11.80;0.2908;0.8931;0.7274;306.1342;147.4857;101.2182
11.82;0.2909;0.8930;0.7276;306.1052;147.3972;101.1914
11.83;0.2908;0.8928;0.7275;306.1385;147.4816;101.0869
11.85;0.2908;0.8927;0.7275;306.1116;147.4717;101.0395
11.87;0.2908;0.8926;0.7275;306.1339;147.5280;100.9698
11.88;0.2906;0.8926;0.7278;305.9619;147.5163;100.9690
11.90;0.2906;0.8926;0.7278;305.9619;147.5163;100.9690
11.92;0.2907;0.8924;0.7279;305.9816;147.4711;100.9192
11.93;0.2906;0.8924;0.7280;305.9192;147.5730;100.8388
11.95;0.2906;0.8923;0.7280;305.9276;147.5232;100.8238
11.97;0.2905;0.8922;0.7280;305.9146;147.6675;100.7212
11.98;0.2906;0.8921;0.7281;305.9117;147.5659;100.7410
12.00;0.2906;0.8921;0.7281;305.9117;147.5659;100.7410
12.02;0.2906;0.8922;0.7283;305.8130;147.4815;100.7853
12.03;0.2906;0.8921;0.7283;305.8241;147.5099;100.7503
12.05;0.2904;0.8922;0.7284;305.7397;147.5555;100.7400
12.07;0.2903;0.8923;0.7286;305.6441;147.5725;100.7649
12.08;0.2903;0.8924;0.7287;305.5948;147.5301;100.7142
12.10;0.2903;0.8924;0.7287;305.5948;147.5301;100.7142
12.12;0.2902;0.8923;0.7287;305.6060;147.6059;100.7522
12.13;0.2901;0.8924;0.7288;305.5216;147.6516;100.6688
12.15;0.2900;0.8923;0.7289;305.4946;147.6666;100.6940
12.17;0.2900;0.8923;0.7290;305.4453;147.6242;100.6434
12.18;0.2900;0.8921;0.7290;305.4294;147.6684;100.6331
12.20;0.2900;0.8921;0.7290;305.4294;147.6684;100.6331
12.22;0.2899;0.8921;0.7292;305.3800;147.6496;100.6557
12.23;0.2899;0.8921;0.7293;305.3417;147.6597;100.6430
12.25;0.2899;0.8921;0.7294;305.2923;147.6173;100.6657
12.27;0.2898;0.8921;0.7295;305.2430;147.5984;100.6153
12.28;0.2897;0.8921;0.7295;305.2541;147.6746;100.6529
12.30;0.2897;0.8921;0.7295;305.2540;147.6746;100.6529
12.32;0.2895;0.8921;0.7297;305.2047;147.7028;100.6758
12.33;0.2894;0.8920;0.7298;305.1774;147.7657;100.6273
12.35;0.2893;0.8919;0.7298;305.1502;147.7816;100.5056
12.37;0.2892;0.8917;0.7298;305.1725;147.8634;100.5076
12.38;0.2893;0.8915;0.7300;305.1413;147.8017;100.4784
12.40;0.2893;0.8915;0.7299;305.1524;147.8308;100.4427
12.42;0.2892;0.8914;0.7299;305.1635;147.8835;100.4071
12.43;0.2891;0.8914;0.7301;305.1250;147.9178;100.3207
12.45;0.2890;0.8913;0.7301;305.0866;147.9285;100.3809
12.47;0.2890;0.8913;0.7303;305.0370;147.8864;100.3303
12.48;0.2890;0.8913;0.7303;304.9984;147.8737;100.3171
12.50;0.2890;0.8913;0.7303;304.9984;147.8737;100.3171
12.52;0.2889;0.8911;0.7304;304.9710;147.8903;100.3414
12.53;0.2889;0.8911;0.7305;304.9325;147.8776;100.3283
12.55;0.2889;0.8910;0.7305;304.9050;147.8945;100.2059
12.57;0.2890;0.8909;0.7305;304.9501;147.8354;100.2754
12.58;0.2889;0.8907;0.7306;304.8618;147.7809;100.2848
12.60;0.2889;0.8907;0.7306;304.8618;147.7809;100.2848
12.62;0.2891;0.8905;0.7306;304.8682;147.6860;100.2674
12.63;0.2890;0.8903;0.7306;304.8515;147.7327;100.1088
12.65;0.2889;0.8902;0.7307;304.8349;147.7796;100.0233
12.67;0.2889;0.8901;0.7306;304.8459;147.8091;100.0606
12.68;0.2889;0.8899;0.7307;304.7573;147.7555;100.0695
12.70;0.2889;0.8899;0.7307;304.7573;147.7555;100.0695
12.72;0.2890;0.8898;0.7307;304.7521;147.6314;100.0876
12.73;0.2890;0.8898;0.7308;304.7132;147.6194;100.0008
12.75;0.2890;0.8899;0.7308;304.6523;147.5479;100.1328
12.77;0.2891;0.8899;0.7310;304.6251;147.4113;100.1501
12.78;0.2891;0.8900;0.7311;304.5752;147.3694;100.2461
12.80;0.2891;0.8900;0.7311;304.5752;147.3694;100.2461
12.82;0.2892;0.8900;0.7313;304.5482;147.2089;100.2636
12.83;0.2893;0.8897;0.7313;304.5819;147.1207;100.3680
12.85;0.2893;0.8897;0.7314;304.5212;147.0484;100.3543
12.87;0.2895;0.8896;0.7314;304.5658;146.9903;100.4221
12.88;0.2897;0.8894;0.7314;304.6656;146.9043;100.4478
12.90;0.2897;0.8894;0.7314;304.6656;146.9043;100.4478
12.92;0.2896;0.8892;0.7314;304.6479;146.9522;100.3613
12.93;0.2898;0.8890;0.7315;304.6866;146.7945;100.3723
12.95;0.2899;0.8888;0.7314;304.7523;146.7965;100.3667
12.97;0.2899;0.8887;0.7314;304.7738;146.8563;100.2940
12.98;0.2900;0.8886;0.7315;304.7785;146.7868;100.4204
13.00;0.2900;0.8886;0.7315;304.7785;146.7868;100.4204
13.02;0.2901;0.8886;0.7317;304.7116;146.6160;100.4952
13.03;0.2901;0.8886;0.7319;304.6614;146.5744;100.5909
13.05;0.2902;0.8885;0.7320;304.6446;146.4451;100.6434
13.07;0.2902;0.8886;0.7321;304.5839;146.3967;100.7026
13.08;0.2902;0.8887;0.7325;304.4960;146.2117;100.8516
13.10;0.2901;0.8888;0.7325;304.4624;146.2991;100.8950
13.12;0.2903;0.8887;0.7325;304.5295;146.1479;100.9545
13.13;0.2902;0.8888;0.7327;304.4689;146.1224;100.9411
13.15;0.2901;0.8887;0.7327;304.5129;146.1362;101.0070
13.17;0.2902;0.8887;0.7328;304.5465;146.0726;101.0364
13.18;0.2902;0.8886;0.7330;304.5635;145.9741;101.1178
13.20;0.2903;0.8885;0.7330;304.6074;145.9412;101.1099
13.22;0.2903;0.8884;0.7330;304.6513;145.9083;101.1020
13.23;0.2903;0.8882;0.7330;304.7054;145.9059;101.1303
13.25;0.2904;0.8882;0.7331;304.6887;145.8007;101.1085
13.27;0.2903;0.8880;0.7329;304.7594;145.9269;101.0854
13.28;0.2903;0.8880;0.7331;304.7325;145.8152;101.1734
13.30;0.2904;0.8880;0.7333;304.7056;145.6798;101.2615
13.32;0.2904;0.8880;0.7333;304.7056;145.6798;101.2615
13.33;0.2903;0.8880;0.7333;304.7056;145.7269;101.3347
13.35;0.2904;0.8880;0.7334;304.6788;145.5914;101.3496
13.37;0.2903;0.8881;0.7334;304.6452;145.6777;101.3213
13.38;0.2904;0.8880;0.7334;304.6788;145.5914;101.3496
13.40;0.2904;0.8880;0.7334;304.6788;145.5914;101.3496
13.42;0.2904;0.8880;0.7335;304.6185;145.5185;101.4096
13.43;0.2904;0.8879;0.7334;304.6185;145.5185;101.4096
13.45;0.2905;0.8878;0.7334;304.6622;145.4628;101.4007
13.47;0.2904;0.8878;0.7334;304.6622;145.4864;101.4007
13.48;0.2904;0.8878;0.7335;304.6018;145.4368;101.5341
13.50;0.2903;0.8877;0.7335;304.6118;145.4674;101.4237
13.52;0.2903;0.8876;0.7334;304.6218;145.4980;101.3865
13.53;0.2903;0.8876;0.7335;304.5815;145.5097;101.4456
13.55;0.2902;0.8875;0.7335;304.5915;145.5403;101.3352
13.57;0.2901;0.8874;0.7336;304.5511;145.5520;101.3210
13.58;0.2902;0.8873;0.7336;304.5846;145.4894;101.4222
13.60;0.2901;0.8873;0.7337;304.5342;145.4705;101.3719
