1.35;0.2967;0.9147;0.6425;330.3921;162.6234;77.1529
1.37;0.2967;0.9152;0.6438;329.8245;162.4355;77.4494
1.38;0.2966;0.9153;0.6444;329.5911;162.4315;77.4682
1.40;0.2965;0.9157;0.6451;329.3010;162.3513;77.5887
1.42;0.2966;0.9166;0.6470;328.5348;162.0317;78.0469
1.43;0.2967;0.9173;0.6482;328.0341;161.8410;78.3190
1.45;0.2968;0.9176;0.6489;327.7739;161.7279;78.3820
1.47;0.2968;0.9183;0.6502;327.2852;161.6043;78.6144
1.48;0.2967;0.9185;0.6513;326.9837;161.5616;78.7506
1.50;0.2967;0.9185;0.6513;326.9837;161.5616;78.7506
1.52;0.2963;0.9191;0.6530;326.3723;161.5553;78.9555
1.53;0.2960;0.9196;0.6542;325.9119;161.5195;79.1127
1.55;0.2958;0.9198;0.6547;325.6616;161.5044;79.1628
1.57;0.2955;0.9199;0.6558;325.2938;161.4459;79.1950
1.58;0.2952;0.9200;0.6563;325.0977;161.4644;79.1960
1.60;0.2951;0.9201;0.6570;324.8437;161.4329;79.2471
1.62;0.2946;0.9205;0.6587;324.2505;161.3812;79.1515
1.63;0.2941;0.9206;0.6596;323.9675;161.4714;79.0626
1.65;0.2940;0.9207;0.6603;323.7687;161.3955;79.0935
1.67;0.2936;0.9207;0.6613;323.4618;161.4352;78.9295
1.68;0.2933;0.9208;0.6623;323.1915;161.4796;78.6758
1.70;0.2933;0.9208;0.6623;323.1915;161.4796;78.6758
1.72;0.2927;0.9211;0.6641;322.6368;161.5336;78.4921
1.73;0.2921;0.9215;0.6653;322.2282;161.5883;78.3427
1.75;0.2920;0.9219;0.6660;321.9483;161.5280;78.4465
1.77;0.2915;0.9222;0.6671;321.5411;161.4961;78.4045
1.78;0.2914;0.9228;0.6684;321.0207;161.2585;78.5416
1.80;0.2914;0.9228;0.6684;321.0207;161.2585;78.5416
1.82;0.2909;0.9233;0.6699;320.4929;161.1165;78.6442
1.83;0.2907;0.9234;0.6708;320.2278;160.9758;78.8036
1.85;0.2905;0.9235;0.6712;320.0435;160.9949;78.7152
1.87;0.2904;0.9237;0.6720;319.7776;160.8301;78.8033
1.88;0.2903;0.9237;0.6724;319.6936;160.8117;78.8195
1.90;0.2903;0.9238;0.6728;319.5514;160.7345;78.9471
1.92;0.2902;0.9242;0.6740;319.0635;160.4446;79.0647
1.93;0.2904;0.9245;0.6749;318.7128;160.2118;79.1088
1.95;0.2905;0.9246;0.6754;318.5042;160.1045;79.0973
1.97;0.2905;0.9246;0.6763;318.1970;159.9687;78.9744
1.98;0.2905;0.9247;0.6768;317.9969;159.9570;78.8346
2.00;0.2904;0.9247;0.6772;317.8140;159.9610;78.6742
2.02;0.2903;0.9246;0.6784;317.3346;159.9577;78.4287
2.03;0.2899;0.9247;0.6793;316.9050;160.0717;78.1321
2.05;0.2898;0.9248;0.6798;316.6846;160.0832;78.1588
2.07;0.2896;0.9251;0.6810;316.1837;160.0517;78.1807
2.08;0.2895;0.9254;0.6816;315.8854;159.9935;78.1976
2.10;0.2893;0.9256;0.6822;315.6458;159.9971;78.1731
2.12;0.2891;0.9264;0.6841;314.7613;159.7821;78.4387
2.13;0.2888;0.9268;0.6851;314.2934;159.7460;78.4565
2.15;0.2888;0.9269;0.6855;314.1441;159.6251;78.5964
2.17;0.2886;0.9272;0.6865;313.7354;159.5454;78.7388
2.18;0.2885;0.9273;0.6874;313.4107;159.4037;78.8571
2.20;0.2885;0.9273;0.6874;313.4107;159.4037;78.8571
2.22;0.2884;0.9273;0.6885;313.0638;159.2700;78.9096
2.23;0.2882;0.9273;0.6892;312.8140;159.2097;78.8883
2.25;0.2881;0.9274;0.6896;312.6377;159.1916;78.8665
2.27;0.2880;0.9273;0.6901;312.4548;159.0747;78.9154
2.28;0.2878;0.9275;0.6908;312.1350;158.9463;78.9903
2.30;0.2878;0.9275;0.6908;312.1350;158.9463;78.9903
2.32;0.2878;0.9278;0.6920;311.6905;158.6334;79.2356
2.33;0.2879;0.9279;0.6929;311.4577;158.3474;79.4552
2.35;0.2881;0.9278;0.6932;311.4095;158.1989;79.5508
2.37;0.2881;0.9279;0.6939;311.2359;157.9767;79.7223
2.38;0.2883;0.9277;0.6941;311.2738;157.8108;79.8604
2.40;0.2884;0.9276;0.6947;311.2032;157.5657;80.0493
2.42;0.2885;0.9274;0.6951;311.1747;157.4160;80.2116
2.43;0.2885;0.9273;0.6955;311.1300;157.2237;80.3983
2.45;0.2886;0.9272;0.6957;311.1241;157.1230;80.4660
2.47;0.2887;0.9269;0.6960;311.0707;156.8727;80.6263
2.48;0.2890;0.9266;0.6964;310.9918;156.5689;80.7859
2.50;0.2890;0.9266;0.6964;310.9918;156.5689;80.7859
2.52;0.2894;0.9261;0.6972;310.7713;156.1966;80.8285
2.53;0.2894;0.9257;0.6978;310.5838;156.1283;80.6607
2.55;0.2893;0.9255;0.6979;310.5092;156.1657;80.5177
2.57;0.2891;0.9252;0.6982;310.2832;156.3164;80.2185
2.58;0.2888;0.9249;0.6984;309.9832;156.3358;79.9972
2.60;0.2888;0.9249;0.6984;309.9832;156.3358;79.9972
2.62;0.2886;0.9249;0.6988;309.3189;156.1934;79.8850
2.63;0.2882;0.9252;0.6995;308.7132;156.0569;79.9498
2.65;0.2880;0.9254;0.6999;308.3972;155.9973;79.9853
2.67;0.2877;0.9256;0.7006;307.9420;155.9480;79.9872
2.68;0.2876;0.9257;0.7011;307.6860;155.8147;80.0665
2.70;0.2874;0.9258;0.7015;307.4442;155.8484;80.0223
2.72;0.2870;0.9261;0.7026;306.8616;155.6931;80.1233
2.73;0.2866;0.9263;0.7033;306.5349;155.6956;80.1440
2.75;0.2864;0.9263;0.7035;306.4376;155.7833;80.0804
2.77;0.2864;0.9264;0.7042;306.1989;155.5674;80.2400
2.78;0.2863;0.9264;0.7045;306.0857;155.6084;80.1327
2.80;0.2861;0.9264;0.7049;305.8767;155.5648;80.1360
2.82;0.2862;0.9262;0.7053;305.7271;155.3999;80.2520
2.83;0.2862;0.9259;0.7055;305.6354;155.3115;80.3061
2.85;0.2861;0.9259;0.7056;305.5378;155.3540;80.1700
2.87;0.2860;0.9258;0.7060;305.3281;155.2643;80.3216
2.88;0.2860;0.9256;0.7060;305.2898;155.2330;80.2971
2.90;0.2860;0.9255;0.7063;305.0798;155.1437;80.4495
2.92;0.2858;0.9252;0.7065;304.9279;155.1323;80.4658
2.93;0.2856;0.9252;0.7068;304.6896;155.1693;80.4472
2.95;0.2855;0.9252;0.7071;304.5336;155.1367;80.5220
2.97;0.2853;0.9250;0.7075;304.3698;155.1489;80.5111
2.98;0.2850;0.9244;0.7080;304.1160;155.3654;80.2167
3.00;0.2850;0.9244;0.7080;304.1160;155.3654;80.2167
3.02;0.2846;0.9241;0.7083;303.8707;155.5654;80.0071
3.03;0.2845;0.9238;0.7086;303.6634;155.5087;79.9555
3.05;0.2842;0.9237;0.7088;303.4963;155.6366;79.8253
3.07;0.2839;0.9235;0.7092;303.2033;155.6579;79.7385
3.08;0.2836;0.9232;0.7096;302.9379;155.7074;79.6490
3.10;0.2836;0.9232;0.7096;302.9379;155.7074;79.6490
3.12;0.2833;0.9229;0.7102;302.5894;155.6805;79.6432
3.13;0.2831;0.9227;0.7107;302.3654;155.6507;79.6253
3.15;0.2831;0.9227;0.7111;302.2663;155.5690;79.7414
3.17;0.2830;0.9226;0.7115;302.1392;155.5082;79.8613
3.18;0.2830;0.9225;0.7117;302.1093;155.3923;79.9714
3.20;0.2831;0.9224;0.7117;302.1230;155.3067;80.1914
3.22;0.2835;0.9220;0.7120;302.1474;154.8155;80.6223
3.23;0.2839;0.9216;0.7119;302.2479;154.5022;80.9151
3.25;0.2840;0.9214;0.7119;302.2619;154.3707;80.9865
3.27;0.2844;0.9209;0.7118;302.3624;154.0596;81.3489
3.28;0.2847;0.9206;0.7117;302.4338;153.8526;81.6723
3.30;0.2848;0.9204;0.7116;302.4930;153.8064;81.7886
3.32;0.2852;0.9195;0.7115;302.6696;153.6449;82.2087
3.33;0.2854;0.9190;0.7116;302.7282;153.4958;82.4335
3.35;0.2855;0.9189;0.7118;302.7280;153.3691;82.5428
3.37;0.2857;0.9185;0.7120;302.7569;153.1960;82.8399
3.38;0.2857;0.9184;0.7123;302.6706;153.1429;82.9192
3.40;0.2856;0.9180;0.7125;302.7001;153.1985;82.8950
3.42;0.2854;0.9178;0.7131;302.5972;153.1105;83.1139
3.43;0.2853;0.9175;0.7136;302.5941;153.0494;83.2526
3.45;0.2850;0.9173;0.7138;302.6237;153.2320;83.1194
3.47;0.2848;0.9170;0.7143;302.6220;153.3365;83.0923
3.48;0.2848;0.9169;0.7147;302.5902;153.2589;83.1244
3.50;0.2848;0.9168;0.7151;302.5436;153.1765;83.1897
3.52;0.2844;0.9167;0.7164;302.3199;153.1114;83.3350
3.53;0.2839;0.9166;0.7170;302.2306;153.2834;83.2710
3.55;0.2838;0.9166;0.7174;302.1273;153.2517;83.3089
3.57;0.2836;0.9164;0.7180;302.0785;153.2514;83.3048
3.58;0.2833;0.9163;0.7181;302.0365;153.4593;83.1761
3.60;0.2832;0.9163;0.7184;301.9626;153.4523;83.2128
3.62;0.2826;0.9163;0.7189;301.7882;153.6177;83.1914
3.63;0.2824;0.9162;0.7192;301.7285;153.6873;83.1937
3.65;0.2821;0.9163;0.7193;301.6580;153.8138;83.1341
3.67;0.2820;0.9162;0.7197;301.5684;153.7888;83.1377
3.68;0.2818;0.9161;0.7197;301.5566;153.9996;83.0067
3.70;0.2818;0.9161;0.7199;301.4825;153.9454;83.0441
3.72;0.2812;0.9160;0.7202;301.3119;154.1766;82.9257
3.73;0.2810;0.9160;0.7206;301.1530;154.1965;82.9392
3.75;0.2808;0.9160;0.7206;301.0974;154.3315;82.8437
3.77;0.2806;0.9159;0.7208;301.0119;154.4434;82.7494
3.78;0.2806;0.9157;0.7208;300.9965;154.4503;82.7152
3.80;0.2806;0.9157;0.7210;300.9221;154.3727;82.7535
3.82;0.2803;0.9154;0.7211;300.7815;154.5749;82.5628
3.83;0.2801;0.9152;0.7211;300.7256;154.7264;82.3965
3.85;0.2799;0.9151;0.7212;300.6707;154.8403;82.3000
3.87;0.2797;0.9149;0.7212;300.6153;154.9930;82.1332
3.88;0.2796;0.9148;0.7213;300.5461;155.0771;82.0720
3.90;0.2796;0.9146;0.7213;300.5308;155.0850;82.0374
3.92;0.2790;0.9142;0.7211;300.4279;155.5155;81.6733
3.93;0.2788;0.9140;0.7213;300.2991;155.5564;81.6134
3.95;0.2787;0.9138;0.7213;300.2454;155.6731;81.5156
3.97;0.2785;0.9135;0.7214;300.1466;155.7770;81.3106
3.98;0.2785;0.9134;0.7215;300.1014;155.7640;81.2768
4.00;0.2783;0.9133;0.7217;300.0329;155.8910;81.2169
4.02;0.2781;0.9127;0.7221;299.9339;156.1192;80.8715
4.03;0.2778;0.9124;0.7226;299.7903;156.2399;80.7032
4.05;0.2776;0.9123;0.7227;299.7831;156.4768;80.4968
4.07;0.2775;0.9120;0.7231;299.7222;156.5659;80.3545
4.08;0.2772;0.9119;0.7234;299.6094;156.6931;80.1824
4.10;0.2772;0.9119;0.7236;299.5334;156.6447;80.2187
4.12;0.2771;0.9120;0.7241;299.3816;156.5281;80.3643
4.13;0.2770;0.9120;0.7244;299.2905;156.5179;80.5111
4.15;0.2769;0.9120;0.7245;299.2601;156.5209;80.4383
4.17;0.2768;0.9120;0.7249;299.1991;156.5270;80.4393
4.18;0.2768;0.9119;0.7251;299.1681;156.5736;80.4401
4.20;0.2768;0.9119;0.7251;299.1681;156.5736;80.4401
4.22;0.2767;0.9116;0.7255;299.2031;156.6649;80.2109
4.23;0.2765;0.9114;0.7256;299.2780;156.9386;79.9554
4.25;0.2764;0.9113;0.7258;299.2776;157.0295;79.8824
4.27;0.2761;0.9111;0.7260;299.3584;157.1757;79.7628
4.28;0.2761;0.9109;0.7259;299.4396;157.2308;79.7163
4.30;0.2760;0.9109;0.7261;299.4239;157.2903;79.6793
4.32;0.2760;0.9106;0.7263;299.5401;157.3264;79.6943
4.33;0.2759;0.9105;0.7264;299.5599;157.3234;79.6452
4.35;0.2758;0.9105;0.7267;299.5138;157.3201;79.7535
4.37;0.2758;0.9103;0.7267;299.6454;157.3213;79.6574
4.38;0.2757;0.9102;0.7267;299.6905;157.4624;79.5493
4.40;0.2756;0.9102;0.7268;299.6745;157.5222;79.5117
4.42;0.2754;0.9097;0.7267;299.9424;157.7824;79.2399
4.43;0.2752;0.9095;0.7268;299.9868;157.9893;79.0597
4.45;0.2751;0.9093;0.7268;300.0627;158.1663;78.8825
4.47;0.2749;0.9090;0.7269;300.1533;158.4164;78.5977
4.48;0.2748;0.9086;0.7267;300.3687;158.7956;78.1814
4.50;0.2748;0.9086;0.7267;300.3686;158.7956;78.1814
4.52;0.2745;0.9082;0.7269;300.4418;159.2231;77.7346
4.53;0.2742;0.9079;0.7270;300.5169;159.5820;77.3628
4.55;0.2741;0.9079;0.7271;300.4991;159.7635;77.1970
4.57;0.2739;0.9077;0.7272;300.5288;160.0330;76.9294
4.58;0.2737;0.9076;0.7274;300.4961;160.1856;76.7979
4.60;0.2735;0.9075;0.7273;300.5267;160.4114;76.6033
4.62;0.2731;0.9075;0.7277;300.4148;160.7009;76.4412
4.63;0.2729;0.9076;0.7280;300.2718;160.7412;76.4735
4.65;0.2728;0.9076;0.7280;300.2555;160.8806;76.3797
4.67;0.2728;0.9077;0.7282;300.1289;160.7340;76.5064
4.68;0.2727;0.9078;0.7283;300.0333;160.7708;76.5099
4.70;0.2727;0.9078;0.7283;300.0333;160.7708;76.5099
4.72;0.2726;0.9079;0.7285;299.9377;160.8076;76.4402
4.73;0.2724;0.9080;0.7286;299.8259;160.9618;76.4219
4.75;0.2724;0.9079;0.7286;299.8259;160.9618;76.4952
4.77;0.2722;0.9080;0.7286;299.7143;161.1168;76.3297
4.78;0.2722;0.9080;0.7288;299.6509;161.0426;76.3942
4.80;0.2721;0.9080;0.7288;299.5555;161.0799;76.3975
4.82;0.2719;0.9079;0.7287;299.4761;161.1472;76.3664
4.83;0.2720;0.9077;0.7286;299.4128;161.0253;76.4316
4.85;0.2719;0.9076;0.7284;299.3807;161.1141;76.3697
4.87;0.2719;0.9075;0.7285;299.1588;160.9299;76.5048
4.88;0.2720;0.9073;0.7283;299.1588;160.9064;76.5048
4.90;0.2717;0.9072;0.7283;298.9681;160.9570;76.5126
4.92;0.2719;0.9071;0.7284;298.7786;160.6797;76.7142
4.93;0.2717;0.9070;0.7285;298.5089;160.6197;76.8277
4.95;0.2718;0.9070;0.7286;298.3829;160.4393;76.9657
4.97;0.2718;0.9072;0.7293;297.9893;160.1080;77.2869
4.98;0.2718;0.9071;0.7295;297.8955;160.0113;77.3562
5.00;0.2718;0.9072;0.7299;297.7067;159.9478;77.4342
5.02;0.2717;0.9072;0.7305;297.5197;159.8484;77.5001
5.03;0.2717;0.9071;0.7308;297.4106;159.7904;77.5327
5.05;0.2715;0.9072;0.7310;297.3472;159.9136;77.4670
5.07;0.2715;0.9072;0.7315;297.2380;159.8556;77.4999
5.08;0.2714;0.9071;0.7318;297.1915;159.9043;77.4591
5.10;0.2713;0.9071;0.7319;297.1603;159.9355;77.4575
5.12;0.2712;0.9071;0.7323;297.0665;159.9068;77.5302
5.13;0.2712;0.9070;0.7322;297.1614;159.9494;77.4425
5.15;0.2712;0.9070;0.7325;297.0832;159.9076;77.4038
5.17;0.2712;0.9068;0.7325;297.1936;160.0076;77.3511
5.18;0.2711;0.9067;0.7325;297.2726;160.0635;77.2278
5.20;0.2711;0.9067;0.7325;297.2726;160.0635;77.2279
5.22;0.2712;0.9064;0.7327;297.3994;159.9783;77.3363
5.23;0.2714;0.9061;0.7326;297.6042;159.8921;77.1857
5.25;0.2715;0.9059;0.7325;297.6983;159.9108;77.1706
5.27;0.2718;0.9055;0.7324;297.9024;159.8012;77.0190
5.28;0.2719;0.9053;0.7323;297.9807;159.7866;77.0412
5.30;0.2720;0.9051;0.7322;298.0434;159.7393;77.0271
5.32;0.2722;0.9047;0.7320;298.2312;159.6214;76.9840
5.33;0.2724;0.9043;0.7319;298.4032;159.4955;77.0496
5.35;0.2725;0.9042;0.7320;298.4181;159.4261;77.1400
5.37;0.2727;0.9038;0.7317;298.6680;159.3650;77.1713
5.38;0.2728;0.9036;0.7317;298.6979;159.3051;77.1506
5.40;0.2729;0.9034;0.7317;298.7755;159.2908;77.1714
5.42;0.2732;0.9028;0.7314;299.0077;159.2241;77.2338
5.43;0.2734;0.9024;0.7311;299.1621;159.1950;77.2020
5.45;0.2735;0.9022;0.7311;299.2393;159.1567;77.2228
5.47;0.2736;0.9019;0.7311;299.2991;159.1608;77.2013
5.48;0.2736;0.9017;0.7309;299.3761;159.1460;77.2219
5.50;0.2737;0.9014;0.7308;299.4837;159.1933;77.1710
5.52;0.2738;0.9011;0.7308;299.5585;159.2281;77.1869
5.53;0.2738;0.9009;0.7309;299.6332;159.2629;77.0562
5.55;0.2739;0.9007;0.7308;299.7252;159.2782;77.0415
5.57;0.2738;0.9005;0.7308;299.8332;159.5162;76.7945
5.58;0.2737;0.9004;0.7309;299.8312;159.5660;76.7897
5.60;0.2738;0.9002;0.7308;299.9716;159.6450;76.6756
5.62;0.2735;0.8998;0.7308;300.1566;159.9333;76.3804
5.63;0.2736;0.8995;0.7308;300.2936;159.9397;76.3858
5.65;0.2737;0.8995;0.7309;300.2902;159.8462;76.4293
5.67;0.2739;0.8993;0.7309;300.3805;159.7166;76.5373
5.68;0.2741;0.8991;0.7308;300.4708;159.5640;76.6446
5.70;0.2743;0.8989;0.7307;300.5917;159.4715;76.7553
5.72;0.2746;0.8988;0.7309;300.6331;159.2801;76.8865
5.73;0.2748;0.8987;0.7308;300.7231;159.1291;77.0648
5.75;0.2749;0.8986;0.7308;300.7682;159.0539;77.0805
5.77;0.2751;0.8984;0.7308;300.8734;158.9334;77.2233
5.78;0.2752;0.8984;0.7308;300.9183;158.8820;77.2385
5.80;0.2752;0.8984;0.7308;300.9183;158.8821;77.3117
5.82;0.2755;0.8982;0.7307;301.0381;158.6522;77.4640
5.83;0.2758;0.8981;0.7308;301.0640;158.4345;77.6253
5.85;0.2758;0.8981;0.7308;301.0791;158.4641;77.5907
5.87;0.2760;0.8979;0.7308;301.1539;158.2866;77.7266
5.88;0.2762;0.8979;0.7308;301.1839;158.1832;77.7750
5.90;0.2763;0.8978;0.7307;301.2139;158.0800;77.8233
5.92;0.2766;0.8975;0.7305;301.3977;157.9229;77.9853
5.93;0.2767;0.8974;0.7306;301.4875;157.8239;78.0113
5.95;0.2768;0.8973;0.7306;301.5324;157.7746;78.0972
5.97;0.2769;0.8971;0.7306;301.6518;157.7350;78.1265
5.98;0.2769;0.8970;0.7306;301.7113;157.7153;78.1776
6.00;0.2771;0.8969;0.7307;301.7862;157.5883;78.3094
6.02;0.2771;0.8966;0.7307;301.9653;157.4651;78.5022
6.03;0.2774;0.8962;0.7305;302.1935;157.2881;78.5965
6.05;0.2775;0.8961;0.7305;302.2382;157.2639;78.6805
6.07;0.2777;0.8959;0.7306;302.3737;157.0106;78.8979
6.08;0.2778;0.8958;0.7306;302.4344;156.9057;78.9863
6.10;0.2779;0.8958;0.7307;302.4954;156.7776;79.1474
6.12;0.2785;0.8955;0.7308;302.7098;156.2273;79.5973
6.13;0.2788;0.8953;0.7307;302.8965;155.9499;79.7839
6.15;0.2790;0.8951;0.7305;303.0217;155.8693;79.8847
6.17;0.2793;0.8950;0.7306;303.1459;155.5743;80.1251
6.18;0.2796;0.8948;0.7305;303.3025;155.3985;80.2657
6.20;0.2798;0.8947;0.7305;303.3650;155.2053;80.3478
6.22;0.2804;0.8943;0.7304;303.5623;154.8345;80.6668
6.23;0.2807;0.8939;0.7302;303.7599;154.7007;80.8473
6.25;0.2809;0.8938;0.7302;303.8361;154.5621;80.8922
6.27;0.2811;0.8936;0.7301;303.9256;154.4288;81.1221
6.28;0.2812;0.8935;0.7300;303.9837;154.3908;81.0926
6.30;0.2812;0.8933;0.7300;304.0417;154.3764;81.1363
6.32;0.2814;0.8929;0.7298;304.2208;154.3665;81.1689
6.33;0.2815;0.8927;0.7298;304.2288;154.2906;81.0865
6.35;0.2815;0.8927;0.7298;304.2421;154.3188;81.1257
6.37;0.2815;0.8926;0.7299;304.2500;154.2666;81.1162
6.38;0.2815;0.8925;0.7299;304.2633;154.2948;81.1554
6.40;0.2815;0.8924;0.7300;304.2446;154.2099;81.2872
6.42;0.2814;0.8925;0.7302;304.1947;154.2193;81.2343
6.43;0.2815;0.8924;0.7301;304.2391;154.1769;81.3115
6.45;0.2815;0.8923;0.7301;304.2523;154.2052;81.2773
6.47;0.2815;0.8923;0.7302;304.2024;154.1675;81.2976
6.48;0.2816;0.8923;0.7303;304.2335;154.0734;81.3355
6.50;0.2815;0.8924;0.7305;304.1025;154.1155;81.3385
6.52;0.2815;0.8923;0.7305;304.1600;154.1253;81.3809
6.53;0.2814;0.8923;0.7307;304.1100;154.1347;81.3281
6.55;0.2814;0.8922;0.7307;304.1674;154.0975;81.2971
6.57;0.2815;0.8921;0.7308;304.1616;154.0414;81.3207
6.58;0.2815;0.8920;0.7308;304.2057;153.9995;81.3970
6.60;0.2815;0.8918;0.7308;304.2629;154.0096;81.3656
6.62;0.2816;0.8917;0.7309;304.2749;153.8319;81.3868
6.63;0.2818;0.8915;0.7308;304.3372;153.6686;81.5338
6.65;0.2818;0.8915;0.7308;304.2742;153.6024;81.5152
6.67;0.2818;0.8913;0.7307;304.2871;153.6309;81.5540
6.68;0.2819;0.8911;0.7306;304.3311;153.5425;81.4829
6.70;0.2819;0.8911;0.7307;304.2810;153.5048;81.5764
6.72;0.2821;0.8910;0.7309;304.1362;153.2405;81.7434
6.73;0.2821;0.8910;0.7311;304.0105;153.1063;81.8546
6.75;0.2821;0.8911;0.7311;303.9476;153.0388;81.9105
6.77;0.2821;0.8911;0.7312;303.8976;153.0003;81.8583
6.78;0.2821;0.8912;0.7312;303.8475;152.9618;81.9526
6.80;0.2822;0.8912;0.7314;303.8161;152.8006;81.9721
6.82;0.2820;0.8914;0.7318;303.6534;152.7724;82.0718
6.83;0.2819;0.8910;0.7320;303.6534;152.7724;82.1502
6.85;0.2819;0.8910;0.7321;303.6534;152.7724;82.2431
6.87;0.2819;0.8909;0.7321;303.6534;152.7724;82.1895
6.88;0.2819;0.8909;0.7321;303.6534;152.7724;82.2519
6.90;0.2819;0.8909;0.7321;303.6534;152.7724;82.2498
6.92;0.2818;0.8907;0.7322;303.6534;152.7724;82.2477
6.93;0.2818;0.8906;0.7323;303.6534;152.7724;82.1198
6.95;0.2818;0.8906;0.7323;303.6534;152.7724;82.1822
6.97;0.2818;0.8905;0.7324;303.6534;152.7724;82.0959
6.98;0.2817;0.8904;0.7324;303.6534;152.7724;82.1048
7.00;0.2817;0.8903;0.7325;303.6534;152.7724;82.0725
7.02;0.2817;0.8902;0.7325;303.6534;152.7724;82.0094
7.03;0.2816;0.8901;0.7326;303.6534;152.7724;82.0074
7.05;0.2816;0.8900;0.7326;303.6534;152.7724;81.9968
7.07;0.2816;0.8899;0.7327;303.6534;152.7724;82.0058
7.08;0.2816;0.8898;0.7327;303.6534;152.7724;82.0154
7.10;0.2815;0.8898;0.7328;303.6534;152.7724;82.1083
7.12;0.2815;0.8896;0.7329;303.6534;152.7724;82.0730
7.13;0.2815;0.8895;0.7329;303.6534;152.7724;82.1305
7.15;0.2814;0.8894;0.7330;303.6534;152.7724;82.0861
7.17;0.2814;0.8893;0.7331;303.6534;152.7724;82.0930
7.18;0.2814;0.8892;0.7331;303.6534;152.7724;82.1331
7.20;0.2813;0.8890;0.7332;303.6534;152.7724;82.0754
7.22;0.2813;0.8888;0.7333;303.6534;152.7724;82.0822
7.23;0.2812;0.8886;0.7334;303.6534;152.7724;82.1088
7.25;0.2812;0.8885;0.7335;303.6534;152.7724;82.0448
7.27;0.2811;0.8883;0.7336;303.6534;152.7724;82.0525
7.28;0.2811;0.8882;0.7337;303.6534;152.7724;82.0081
7.30;0.2811;0.8882;0.7337;303.6534;152.7724;82.0064
7.32;0.2810;0.8879;0.7339;303.6534;152.7724;81.9492
7.33;0.2810;0.8879;0.7339;303.6534;152.7724;81.9289
7.35;0.2809;0.8878;0.7339;303.6534;152.7724;81.8867
7.37;0.2809;0.8878;0.7340;303.6534;152.7724;81.9084
7.38;0.2809;0.8877;0.7340;303.6534;152.7724;81.9180
7.40;0.2809;0.8877;0.7340;303.6534;152.7724;81.9265
7.42;0.2809;0.8876;0.7341;303.6534;152.7724;81.9036
7.43;0.2809;0.8875;0.7341;303.6534;152.7724;81.9133
7.45;0.2808;0.8875;0.7341;303.6534;152.7724;81.9034
7.47;0.2808;0.8874;0.7342;303.6534;152.7724;81.9328
7.48;0.2808;0.8874;0.7342;303.6534;152.7724;81.8978
7.50;0.2808;0.8873;0.7342;303.6534;152.7724;81.9174
7.52;0.2808;0.8872;0.7343;303.6534;152.7724;81.9062
7.53;0.2807;0.8872;0.7343;303.6534;152.7724;81.8527
7.55;0.2807;0.8871;0.7344;303.6534;152.7724;81.8612
7.57;0.2807;0.8870;0.7344;303.6534;152.7724;81.8273
7.58;0.2807;0.8869;0.7344;303.6534;152.7724;81.8483
7.60;0.2807;0.8869;0.7344;303.6534;152.7723;81.8372
7.62;0.2806;0.8868;0.7345;303.6534;152.7724;81.8018
7.63;0.2806;0.8868;0.7345;303.6534;152.7724;81.7482
7.65;0.2806;0.8867;0.7346;303.6534;152.7723;81.7370
7.67;0.2806;0.8867;0.7346;303.6534;152.7724;81.7468
7.68;0.2806;0.8867;0.7346;303.6534;152.7723;81.7680
7.70;0.2806;0.8867;0.7346;303.6534;152.7723;81.7680
7.72;0.2806;0.8866;0.7346;303.6534;152.7723;81.7451
7.73;0.2806;0.8866;0.7347;303.6534;152.7723;81.7535
7.75;0.2806;0.8866;0.7347;303.6534;152.7723;81.7535
7.77;0.2806;0.8866;0.7347;303.6534;152.7723;81.7291
7.78;0.2806;0.8866;0.7347;303.6534;152.7723;81.7928
7.80;0.2806;0.8865;0.7347;303.6534;152.7723;81.7831
7.82;0.2805;0.8865;0.7347;303.6534;152.7723;81.8107
7.83;0.2805;0.8865;0.7347;303.6534;152.7723;81.8107
7.85;0.2805;0.8865;0.7347;303.6534;152.7723;81.7390
7.87;0.2805;0.8865;0.7347;303.6534;152.7723;81.8010
7.88;0.2805;0.8865;0.7347;303.6534;152.7723;81.7277
7.90;0.2805;0.8865;0.7347;303.6534;152.7723;81.7719
7.92;0.2805;0.8865;0.7347;303.6534;152.7723;81.8010
7.93;0.2805;0.8865;0.7347;303.6534;152.7723;81.8009
7.95;0.2805;0.8865;0.7347;303.6534;152.7723;81.7293
7.97;0.2805;0.8865;0.7347;303.6534;152.7723;81.7277
7.98;0.2805;0.8865;0.7347;303.6534;152.7723;81.7277
8.00;0.2805;0.8865;0.7347;303.6534;152.7723;81.7277
8.02;0.2805;0.8865;0.7347;303.6534;152.7723;81.7292
8.03;0.2805;0.8865;0.7347;303.6534;152.7724;81.8221
8.05;0.2805;0.8865;0.7347;303.6534;152.7723;81.7489
8.07;0.2805;0.8864;0.7347;303.6534;152.7723;81.7474
8.08;0.2805;0.8864;0.7347;303.6534;152.7723;81.8109
8.10;0.2805;0.8864;0.7347;303.6534;152.7723;81.7377
8.12;0.2805;0.8864;0.7348;303.6534;152.7723;81.7864
8.13;0.2805;0.8864;0.7348;303.6534;152.7723;81.7657
8.15;0.2805;0.8863;0.7348;303.6534;152.7723;81.7657
8.17;0.2805;0.8863;0.7348;303.6534;152.7723;81.8031
8.18;0.2805;0.8863;0.7348;303.6534;152.7723;81.7299
8.20;0.2805;0.8863;0.7348;303.6534;152.7723;81.7919
8.22;0.2805;0.8862;0.7349;303.6534;152.7723;81.6941
8.23;0.2804;0.8862;0.7349;303.6534;152.7723;81.7025
8.25;0.2804;0.8862;0.7349;303.6534;152.7723;81.7757
8.27;0.2804;0.8862;0.7349;303.6534;152.7723;81.7025
8.28;0.2804;0.8861;0.7349;303.6534;152.7723;81.7221
8.30;0.2804;0.8861;0.7349;303.6534;152.7723;81.7841
8.32;0.2804;0.8861;0.7349;303.6534;152.7723;81.7551
8.33;0.2804;0.8860;0.7350;303.6534;152.7723;81.7193
8.35;0.2804;0.8860;0.7350;303.6534;152.7723;81.7925
8.37;0.2804;0.8860;0.7350;303.6534;152.7723;81.7827
8.38;0.2804;0.8860;0.7350;303.6534;152.7723;81.7095
8.40;0.2804;0.8859;0.7350;303.6534;152.7723;81.7911
8.42;0.2804;0.8859;0.7351;303.6534;152.7723;81.7067
8.43;0.2804;0.8859;0.7351;303.6534;152.7723;81.7165
8.45;0.2803;0.8858;0.7351;303.6534;152.7723;81.7165
8.47;0.2803;0.8858;0.7351;303.6534;152.7723;81.8178
8.48;0.2803;0.8858;0.7351;303.6534;152.7723;81.7446
8.50;0.2803;0.8858;0.7351;303.6534;152.7723;81.7889
8.52;0.2803;0.8857;0.7352;303.6534;152.7723;81.7530
8.53;0.2803;0.8857;0.7352;303.6534;152.7723;81.7726
8.55;0.2803;0.8857;0.7352;303.6534;152.7723;81.8474
8.57;0.2803;0.8857;0.7352;303.6534;152.7723;81.8459
8.58;0.2803;0.8857;0.7352;303.6534;152.7723;81.7923
8.60;0.2803;0.8857;0.7352;303.6534;152.7723;81.7938
8.62;0.2803;0.8856;0.7352;303.6534;152.7723;81.7826
8.63;0.2803;0.8856;0.7352;303.6534;152.7723;81.8198
8.65;0.2803;0.8856;0.7352;303.6534;152.7723;81.8642
8.67;0.2803;0.8856;0.7353;303.6534;152.7723;81.7812
8.68;0.2802;0.8855;0.7353;303.6534;152.7723;81.7988
8.70;0.2802;0.8855;0.7353;303.6534;152.7723;81.7988
8.72;0.2802;0.8855;0.7353;303.6534;152.7723;81.7875
8.73;0.2802;0.8854;0.7353;303.6534;152.7723;81.6797
8.75;0.2802;0.8854;0.7353;303.6533;152.7723;81.6797
8.77;0.2802;0.8854;0.7354;303.6534;152.7723;81.6700
8.78;0.2802;0.8853;0.7354;303.6534;152.7723;81.6338
8.80;0.2802;0.8853;0.7354;303.6534;152.7723;81.5779
8.82;0.2802;0.8852;0.7355;303.6534;152.7723;81.5553
8.83;0.2801;0.8852;0.7355;303.6534;152.7723;81.5441
8.85;0.2801;0.8852;0.7355;303.6534;152.7723;81.5726
8.87;0.2801;0.8851;0.7355;303.6534;152.7724;81.5937
8.88;0.2801;0.8851;0.7355;303.6534;152.7723;81.5092
8.90;0.2801;0.8851;0.7355;303.6534;152.7723;81.5824
8.92;0.2801;0.8851;0.7355;303.6534;152.7723;81.4841
8.93;0.2801;0.8851;0.7355;303.6534;152.7723;81.5574
8.95;0.2801;0.8851;0.7355;303.6534;152.7723;81.5574
8.97;0.2801;0.8851;0.7355;303.6534;152.7723;81.5574
8.98;0.2801;0.8851;0.7355;303.6534;152.7723;81.4856
9.00;0.2801;0.8851;0.7355;303.6534;152.7723;81.5770
9.02;0.2801;0.8851;0.7355;303.6534;152.7723;81.4605
9.03;0.2801;0.8851;0.7355;303.6534;152.7723;81.4718
9.05;0.2801;0.8851;0.7355;303.6534;152.7723;81.5450
9.07;0.2801;0.8851;0.7355;303.6534;152.7723;81.4718
9.08;0.2801;0.8851;0.7355;303.6534;152.7723;81.5450
9.10;0.2801;0.8851;0.7355;303.6534;152.7723;81.5450
9.12;0.2801;0.8852;0.7355;303.6534;152.7723;81.5367
9.13;0.2801;0.8852;0.7355;303.6534;152.7723;81.5367
9.15;0.2801;0.8852;0.7355;303.6534;152.7723;81.5367
9.17;0.2801;0.8852;0.7355;303.6534;152.7723;81.4635
9.18;0.2801;0.8852;0.7355;303.6534;152.7723;81.4635
9.20;0.2801;0.8852;0.7355;303.6534;152.7723;81.4635
9.22;0.2801;0.8852;0.7355;303.6534;152.7723;81.5367
9.23;0.2801;0.8852;0.7355;303.6534;152.7723;81.5367
9.25;0.2801;0.8852;0.7355;303.6534;152.7723;81.4186
9.27;0.2801;0.8852;0.7355;303.6534;152.7723;81.5032
9.28;0.2801;0.8852;0.7355;303.6534;152.7723;81.4748
9.30;0.2802;0.8852;0.7354;303.6534;152.7723;81.4748
9.32;0.2802;0.8853;0.7354;303.6534;152.7723;81.4639
9.33;0.2802;0.8854;0.7353;303.6534;152.7723;81.5289
9.35;0.2802;0.8855;0.7353;303.6534;152.7723;81.5117
9.37;0.2802;0.8855;0.7353;303.6534;152.7723;81.4724
9.38;0.2802;0.8855;0.7353;303.6534;152.7723;81.4528
9.40;0.2802;0.8855;0.7353;303.6534;152.7723;81.5260
9.42;0.2803;0.8856;0.7353;303.6534;152.7723;81.4641
9.43;0.2803;0.8856;0.7353;303.6534;152.7723;81.4641
9.45;0.2803;0.8856;0.7352;303.6534;152.7723;81.5373
9.47;0.2803;0.8856;0.7352;303.6534;152.7723;81.4641
9.48;0.2803;0.8856;0.7352;303.6534;152.7723;81.4292
9.50;0.2803;0.8856;0.7352;303.6534;152.7723;81.4739
9.52;0.2803;0.8857;0.7352;303.6534;152.7723;81.4518
9.53;0.2803;0.8857;0.7352;303.6534;152.7723;81.5364
9.55;0.2803;0.8857;0.7352;303.6534;152.7723;81.5192
9.57;0.2803;0.8858;0.7351;303.6534;152.7723;81.6038
9.58;0.2803;0.8858;0.7351;303.6534;152.7723;81.4858
9.60;0.2803;0.8858;0.7351;303.6534;152.7723;81.5955
9.62;0.2804;0.8859;0.7351;303.6534;152.7723;81.5139
9.63;0.2804;0.8860;0.7350;303.6534;152.7723;81.5283
9.65;0.2804;0.8860;0.7350;303.6534;152.7723;81.6129
9.67;0.2804;0.8862;0.7349;303.6534;152.7723;81.5971
9.68;0.2805;0.8862;0.7349;303.6534;152.7723;81.6257
9.70;0.2805;0.8864;0.7347;303.6534;152.7723;81.6454
9.72;0.2806;0.8867;0.7346;303.6534;152.7723;81.6302
9.73;0.2807;0.8869;0.7345;303.6534;152.7723;81.5976
9.75;0.2807;0.8870;0.7344;303.6534;152.7723;81.5893
9.77;0.2808;0.8872;0.7343;303.6534;152.7723;81.6474
9.78;0.2808;0.8873;0.7342;303.6534;152.7723;81.6489
9.80;0.2809;0.8875;0.7341;303.6534;152.7723;81.6457
9.82;0.2809;0.8877;0.7340;303.6534;152.7723;81.6306
9.83;0.2810;0.8879;0.7339;303.6534;152.7723;81.6824
9.85;0.2810;0.8880;0.7338;303.6534;152.7723;81.6626
9.87;0.2811;0.8883;0.7336;303.6534;152.7723;81.7874
