5.98;0.3049;0.8970;0.7191;309.8459;145.8266;110.4761
6.00;0.3048;0.8970;0.7192;309.7972;145.8348;110.4202
6.02;0.3047;0.8971;0.7196;309.6750;145.7010;110.5401
6.03;0.3044;0.8972;0.7197;309.6263;145.7797;110.5577
6.05;0.3044;0.8973;0.7200;309.5403;145.6370;110.6915
6.07;0.3041;0.8973;0.7202;309.4916;145.7154;110.7826
6.08;0.3042;0.8974;0.7205;309.4184;145.5723;110.8860
6.10;0.3040;0.8974;0.7206;309.3822;145.6275;110.8730
6.12;0.3038;0.8974;0.7213;309.2973;145.4430;111.0540
6.13;0.3036;0.8975;0.7217;309.1879;145.4249;111.0715
6.15;0.3035;0.8975;0.7219;309.1881;145.4166;111.1673
6.17;0.3033;0.8974;0.7223;309.1154;145.3113;111.2936
6.18;0.3032;0.8974;0.7225;309.1154;145.3033;111.3157
6.20;0.3031;0.8974;0.7227;309.0427;145.2294;111.3465
6.22;0.3027;0.8970;0.7230;309.1400;145.2319;111.4687
6.23;0.3025;0.8967;0.7232;309.1632;145.2664;111.3736
6.25;0.3024;0.8967;0.7235;309.1139;145.2189;111.4127
6.27;0.3024;0.8963;0.7236;309.1847;145.1696;111.3912
6.28;0.3021;0.8962;0.7238;309.1709;145.2746;111.3135
6.30;0.3022;0.8959;0.7238;309.2299;145.2316;111.3027
6.32;0.3018;0.8955;0.7243;309.1616;145.2966;111.1710
6.33;0.3015;0.8950;0.7245;309.1661;145.4588;110.9368
6.35;0.3015;0.8949;0.7248;309.1380;145.4163;110.9085
6.37;0.3012;0.8944;0.7249;309.1298;145.5552;110.7047
6.38;0.3012;0.8944;0.7252;309.0397;145.4497;110.7250
6.40;0.3012;0.8941;0.7253;309.0718;145.4723;110.6457
6.42;0.3009;0.8939;0.7256;309.0042;145.4883;110.6738
6.43;0.3007;0.8936;0.7260;308.9682;145.4380;110.6029
6.45;0.3006;0.8934;0.7261;308.9650;145.4097;110.6924
6.47;0.3008;0.8932;0.7265;308.9789;145.1678;110.8033
6.48;0.3007;0.8931;0.7266;308.9755;145.1400;110.7454
6.50;0.3007;0.8931;0.7268;308.9719;145.0886;110.7606
6.52;0.3008;0.8928;0.7270;309.0109;144.9504;110.7881
6.53;0.3010;0.8926;0.7277;308.9342;144.6121;110.9685
6.55;0.3010;0.8925;0.7278;308.9410;144.5871;110.9495
6.57;0.3009;0.8925;0.7283;308.7862;144.4200;111.0150
6.58;0.3010;0.8924;0.7284;308.7818;144.3696;111.0285
6.60;0.3008;0.8924;0.7285;308.7423;144.4036;110.9396
6.62;0.3007;0.8924;0.7289;308.6373;144.3225;111.0610
6.63;0.3005;0.8920;0.7290;308.6706;144.3732;110.9540
6.65;0.3005;0.8920;0.7292;308.5804;144.3452;110.8822
6.67;0.3005;0.8916;0.7293;308.6022;144.3001;110.8071
6.68;0.3004;0.8915;0.7295;308.5223;144.2750;110.7749
6.70;0.3003;0.8913;0.7295;308.5142;144.3646;110.6585
6.72;0.3002;0.8905;0.7295;308.4627;144.4148;110.4605
6.73;0.3000;0.8900;0.7294;308.4357;144.5223;110.2601
6.75;0.3001;0.8898;0.7295;308.3890;144.3912;110.3277
6.77;0.3000;0.8894;0.7294;308.3511;144.4735;110.1600
6.78;0.2999;0.8893;0.7295;308.2491;144.3985;110.2664
6.80;0.2999;0.8891;0.7295;308.2087;144.3873;110.2494
6.82;0.2998;0.8888;0.7293;308.0345;144.1978;110.5136
6.83;0.2998;0.8885;0.7292;307.9114;144.0216;110.8351
6.85;0.2998;0.8884;0.7292;307.8499;143.9332;110.8863
6.87;0.3001;0.8882;0.7293;307.7098;143.5859;111.2540
6.88;0.3002;0.8881;0.7291;307.7098;143.5623;111.3272
6.90;0.3002;0.8881;0.7293;307.5871;143.3841;111.4310
6.92;0.3005;0.8880;0.7293;307.4646;143.1344;111.7553
6.93;0.3006;0.8881;0.7295;307.3628;142.9861;112.0113
6.95;0.3006;0.8881;0.7294;307.3394;143.0510;111.9494
6.97;0.3009;0.8881;0.7295;307.3222;142.8569;112.2146
6.98;0.3010;0.8881;0.7296;307.2712;142.7709;112.2329
7.00;0.3011;0.8880;0.7297;307.2815;142.7278;112.3448
7.02;0.3014;0.8880;0.7297;307.2511;142.6262;112.3670
7.03;0.3015;0.8879;0.7296;307.2900;142.7622;112.1709
7.05;0.3014;0.8879;0.7297;307.2265;142.8166;112.0923
7.07;0.3013;0.8879;0.7297;307.1509;142.9879;111.9902
7.08;0.3014;0.8878;0.7297;307.1720;142.9958;111.9212
7.10;0.3012;0.8879;0.7298;307.0549;143.1049;111.8835
7.12;0.3008;0.8880;0.7297;306.8830;143.3664;111.7548
7.13;0.3005;0.8882;0.7297;306.7229;143.5351;111.7223
7.15;0.3005;0.8882;0.7297;306.7336;143.5393;111.7609
7.17;0.3002;0.8884;0.7298;306.5738;143.7087;111.6546
7.18;0.3002;0.8883;0.7297;306.5846;143.7130;111.6199
7.20;0.3001;0.8883;0.7297;306.5520;143.7759;111.6643
7.22;0.3000;0.8883;0.7296;306.5088;143.9341;111.4638
7.23;0.2998;0.8882;0.7294;306.4336;144.1561;111.3801
7.25;0.2997;0.8882;0.7293;306.4124;144.2474;111.3161
7.27;0.2993;0.8882;0.7292;306.3381;144.5413;111.1580
7.28;0.2992;0.8882;0.7291;306.3173;144.6566;111.0936
7.30;0.2992;0.8882;0.7292;306.2663;144.6192;111.1116
7.32;0.2989;0.8881;0.7290;306.2873;144.9152;110.9302
7.33;0.2986;0.8881;0.7291;306.1953;145.1094;110.8186
7.35;0.2985;0.8881;0.7290;306.1865;145.2530;110.6462
7.37;0.2982;0.8879;0.7289;306.2126;145.5034;110.4439
7.38;0.2981;0.8878;0.7289;306.2043;145.6470;110.4180
7.40;0.2980;0.8877;0.7288;306.2392;145.7298;110.2421
7.42;0.2979;0.8876;0.7291;306.1602;145.7364;110.2813
7.43;0.2974;0.8877;0.7295;305.9282;145.9229;110.1863
7.45;0.2973;0.8878;0.7296;305.8577;146.0034;110.0653
7.47;0.2971;0.8878;0.7299;305.7670;146.0063;110.1390
7.48;0.2971;0.8879;0.7300;305.7041;145.9892;110.1179
7.50;0.2970;0.8879;0.7302;305.6529;146.0000;110.2088
7.52;0.2965;0.8881;0.7305;305.5079;146.1057;110.1752
7.53;0.2964;0.8882;0.7307;305.4567;146.1399;110.2665
7.55;0.2964;0.8882;0.7309;305.4365;146.0616;110.2419
7.57;0.2964;0.8882;0.7311;305.4162;146.0068;110.2905
7.58;0.2961;0.8882;0.7311;305.3969;146.1714;110.2250
7.60;0.2962;0.8881;0.7311;305.4278;146.1060;110.3287
7.62;0.2961;0.8881;0.7313;305.4191;146.1034;110.2689
7.63;0.2961;0.8880;0.7313;305.4730;146.1189;110.2292
7.65;0.2960;0.8880;0.7315;305.4218;146.1059;110.3204
7.67;0.2960;0.8878;0.7315;305.4986;146.1785;110.2105
7.68;0.2961;0.8877;0.7314;305.5409;146.1419;110.1323
7.70;0.2960;0.8877;0.7314;305.5755;146.2507;110.1008
7.72;0.2960;0.8875;0.7312;305.6754;146.3556;109.9217
7.73;0.2959;0.8875;0.7311;305.7101;146.4639;109.7442
7.75;0.2958;0.8870;0.7313;305.7101;146.4638;109.7826
7.77;0.2957;0.8869;0.7315;305.7101;146.4639;109.7809
7.78;0.2957;0.8868;0.7315;305.7101;146.4638;109.7387
7.80;0.2957;0.8868;0.7315;305.7101;146.4638;109.7031
7.82;0.2955;0.8865;0.7317;305.7101;146.4639;109.7319
7.83;0.2955;0.8862;0.7318;305.7101;146.4639;109.8412
7.85;0.2954;0.8861;0.7319;305.7101;146.4638;109.8133
7.87;0.2953;0.8859;0.7321;305.7101;146.4639;109.8964
7.88;0.2953;0.8858;0.7321;305.7101;146.4638;109.9110
7.90;0.2952;0.8856;0.7322;305.7101;146.4638;109.9258
7.92;0.2950;0.8852;0.7325;305.7101;146.4639;109.9458
7.93;0.2950;0.8850;0.7326;305.7101;146.4639;109.9204
7.95;0.2949;0.8849;0.7327;305.7101;146.4639;109.9041
7.97;0.2948;0.8847;0.7328;305.7101;146.4639;109.8710
7.98;0.2948;0.8846;0.7328;305.7101;146.4639;109.9155
8.00;0.2948;0.8845;0.7329;305.7101;146.4639;109.9287
8.02;0.2947;0.8844;0.7330;305.7101;146.4639;109.9113
8.03;0.2947;0.8843;0.7330;305.7101;146.4639;109.9362
8.05;0.2947;0.8842;0.7330;305.7101;146.4638;109.8562
8.07;0.2946;0.8842;0.7331;305.7101;146.4639;109.8492
8.08;0.2946;0.8842;0.7331;305.7101;146.4639;109.8860
8.10;0.2946;0.8841;0.7331;305.7101;146.4639;109.8422
8.12;0.2946;0.8841;0.7331;305.7101;146.4639;109.9082
8.13;0.2946;0.8840;0.7332;305.7101;146.4638;109.9011
8.15;0.2946;0.8840;0.7332;305.7101;146.4639;109.9080
8.17;0.2945;0.8839;0.7332;305.7101;146.4639;109.8712
8.18;0.2945;0.8839;0.7332;305.7101;146.4639;109.9006
8.20;0.2945;0.8839;0.7333;305.7101;146.4639;109.9617
8.22;0.2945;0.8838;0.7333;305.7101;146.4639;109.8740
8.23;0.2945;0.8838;0.7333;305.7101;146.4639;109.8740
8.25;0.2945;0.8838;0.7333;305.7101;146.4639;109.9104
8.27;0.2945;0.8838;0.7333;305.7101;146.4639;109.9103
8.28;0.2945;0.8838;0.7333;305.7101;146.4639;109.8665
8.30;0.2945;0.8838;0.7333;305.7101;146.4639;109.9397
8.32;0.2945;0.8838;0.7333;305.7101;146.4639;109.8225
8.33;0.2945;0.8838;0.7333;305.7101;146.4639;109.9080
8.35;0.2945;0.8838;0.7333;305.7101;146.4639;109.8889
8.37;0.2945;0.8838;0.7333;305.7101;146.4639;109.8889
8.38;0.2945;0.8838;0.7333;305.7101;146.4639;109.9622
8.40;0.2945;0.8838;0.7333;305.7101;146.4638;109.8890
8.42;0.2945;0.8838;0.7333;305.7101;146.4638;109.8890
8.43;0.2945;0.8838;0.7333;305.7101;146.4638;109.9622
8.45;0.2945;0.8838;0.7333;305.7101;146.4638;109.9622
8.47;0.2945;0.8838;0.7333;305.7101;146.4638;109.8993
8.48;0.2945;0.8838;0.7333;305.7101;146.4639;109.8260
8.50;0.2945;0.8838;0.7333;305.7101;146.4638;109.8993
8.52;0.2945;0.8838;0.7333;305.7101;146.4639;109.9287
8.53;0.2945;0.8838;0.7333;305.7101;146.4638;109.8555
8.55;0.2945;0.8838;0.7333;305.7101;146.4639;109.9287
8.57;0.2945;0.8838;0.7333;305.7101;146.4639;109.9287
8.58;0.2945;0.8838;0.7333;305.7101;146.4639;109.8849
8.60;0.2945;0.8838;0.7333;305.7101;146.4639;109.8849
8.62;0.2945;0.8838;0.7333;305.7101;146.4639;109.8849
8.63;0.2945;0.8838;0.7333;305.7101;146.4639;109.8410
8.65;0.2945;0.8838;0.7333;305.7101;146.4639;109.9143
8.67;0.2945;0.8838;0.7333;305.7101;146.4639;109.9143
8.68;0.2945;0.8838;0.7333;305.7101;146.4639;109.8410
8.70;0.2945;0.8838;0.7333;305.7101;146.4639;109.9143
8.72;0.2945;0.8838;0.7333;305.7101;146.4639;109.8704
8.73;0.2945;0.8838;0.7333;305.7101;146.4639;109.8410
8.75;0.2945;0.8838;0.7333;305.7101;146.4639;109.8410
8.77;0.2945;0.8838;0.7333;305.7101;146.4638;109.9143
8.78;0.2945;0.8838;0.7333;305.7101;146.4638;109.8704
8.80;0.2945;0.8838;0.7333;305.7101;146.4638;109.8704
8.82;0.2945;0.8838;0.7333;305.7101;146.4638;109.9143
8.83;0.2945;0.8838;0.7333;305.7101;146.4638;109.8704
8.85;0.2945;0.8838;0.7333;305.7101;146.4638;109.8704
8.87;0.2945;0.8838;0.7333;305.7101;146.4638;109.8410
8.88;0.2945;0.8838;0.7333;305.7101;146.4638;109.8704
8.90;0.2945;0.8838;0.7333;305.7101;146.4638;109.9143
8.92;0.2945;0.8838;0.7333;305.7101;146.4638;109.8704
8.93;0.2945;0.8838;0.7333;305.7101;146.4638;109.8704
8.95;0.2945;0.8838;0.7333;305.7101;146.4638;109.9143
8.97;0.2945;0.8838;0.7333;305.7101;146.4638;109.8704
8.98;0.2945;0.8838;0.7333;305.7101;146.4638;109.8704
9.00;0.2945;0.8839;0.7333;305.7101;146.4638;109.8409
9.02;0.2945;0.8839;0.7333;305.7101;146.4638;109.8704
9.03;0.2945;0.8839;0.7333;305.7101;146.4639;109.9143
9.05;0.2945;0.8839;0.7333;305.7101;146.4639;109.9142
9.07;0.2945;0.8838;0.7333;305.7101;146.4639;109.8894
9.08;0.2945;0.8838;0.7333;305.7101;146.4639;109.9333
9.10;0.2945;0.8838;0.7333;305.7101;146.4639;109.9333
9.12;0.2945;0.8838;0.7333;305.7101;146.4638;109.8162
9.13;0.2945;0.8838;0.7333;305.7101;146.4639;109.9332
9.15;0.2945;0.8838;0.7333;305.7101;146.4639;109.8894
9.17;0.2945;0.8838;0.7333;305.7101;146.4639;109.8894
9.18;0.2945;0.8838;0.7333;305.7101;146.4638;109.8161
9.20;0.2945;0.8838;0.7333;305.7101;146.4639;109.9333
9.22;0.2945;0.8838;0.7333;305.7101;146.4639;109.9333
9.23;0.2945;0.8838;0.7333;305.7101;146.4639;109.9333
9.25;0.2945;0.8838;0.7333;305.7101;146.4639;109.9333
9.27;0.2945;0.8838;0.7333;305.7101;146.4639;109.8894
9.28;0.2945;0.8838;0.7333;305.7101;146.4639;109.8894
9.30;0.2945;0.8838;0.7333;305.7101;146.4639;109.8894
9.32;0.2945;0.8838;0.7333;305.7101;146.4639;109.8894
9.33;0.2945;0.8838;0.7333;305.7101;146.4639;109.8894
9.35;0.2945;0.8838;0.7333;305.7101;146.4639;109.8455
9.37;0.2945;0.8838;0.7333;305.7101;146.4639;109.8161
9.38;0.2945;0.8838;0.7333;305.7101;146.4639;109.8894
9.40;0.2945;0.8838;0.7333;305.7101;146.4639;109.9187
9.42;0.2945;0.8838;0.7333;305.7101;146.4639;109.8161
9.43;0.2945;0.8838;0.7333;305.7101;146.4639;109.8455
9.45;0.2945;0.8838;0.7333;305.7101;146.4639;109.8454
9.47;0.2945;0.8838;0.7333;305.7101;146.4639;109.8454
9.48;0.2945;0.8838;0.7333;305.7101;146.4639;109.8015
9.50;0.2945;0.8838;0.7333;305.7101;146.4639;109.8015
9.52;0.2945;0.8838;0.7333;305.7101;146.4639;109.8747
9.53;0.2945;0.8838;0.7333;305.7101;146.4639;109.8499
9.55;0.2945;0.8838;0.7333;305.7101;146.4639;109.8060
9.57;0.2945;0.8838;0.7333;305.7101;146.4639;109.8793
9.58;0.2945;0.8838;0.7333;305.7101;146.4639;109.8792
9.60;0.2945;0.8838;0.7333;305.7101;146.4639;109.8793
9.62;0.2945;0.8838;0.7333;305.7101;146.4639;109.9086
9.63;0.2945;0.8838;0.7333;305.7101;146.4639;109.8646
9.65;0.2945;0.8838;0.7333;305.7101;146.4639;109.9378
9.67;0.2945;0.8838;0.7333;305.7101;146.4639;109.8646
9.68;0.2945;0.8838;0.7333;305.7101;146.4639;109.8646
9.70;0.2945;0.8838;0.7333;305.7101;146.4639;109.9379
9.72;0.2945;0.8838;0.7333;305.7101;146.4639;109.9378
9.73;0.2945;0.8838;0.7333;305.7101;146.4639;109.8940
9.75;0.2945;0.8838;0.7333;305.7101;146.4639;109.8939
9.77;0.2945;0.8838;0.7333;305.7101;146.4639;109.8940
9.78;0.2945;0.8838;0.7333;305.7101;146.4639;109.9378
9.80;0.2945;0.8838;0.7333;305.7101;146.4639;109.9129
9.82;0.2945;0.8838;0.7333;305.7101;146.4639;109.9129
9.83;0.2945;0.8838;0.7333;305.7101;146.4639;109.9129
9.85;0.2945;0.8838;0.7333;305.7101;146.4639;109.9129
9.87;0.2945;0.8838;0.7333;305.7101;146.4639;109.9129
9.88;0.2945;0.8838;0.7333;305.7101;146.4639;109.9129
9.90;0.2945;0.8838;0.7333;305.7101;146.4639;109.9319
9.92;0.2945;0.8838;0.7333;305.7101;146.4639;109.9759
9.93;0.2945;0.8838;0.7333;305.7101;146.4639;109.9319
9.95;0.2945;0.8838;0.7333;305.7101;146.4638;109.9319
9.97;0.2945;0.8838;0.7333;305.7101;146.4638;110.0052
9.98;0.2945;0.8838;0.7333;305.7101;146.4639;109.9319
10.00;0.2945;0.8838;0.7333;305.7101;146.4639;109.9320
10.02;0.2945;0.8838;0.7333;305.7101;146.4638;109.9319
10.03;0.2945;0.8838;0.7333;305.7101;146.4639;109.9759
10.05;0.2945;0.8838;0.7333;305.7101;146.4638;109.9319
10.07;0.2945;0.8838;0.7333;305.7101;146.4638;109.9319
10.08;0.2945;0.8838;0.7333;305.7101;146.4638;109.9319
10.10;0.2945;0.8838;0.7333;305.7101;146.4638;109.9319
10.12;0.2945;0.8838;0.7333;305.7101;146.4638;109.9319
10.13;0.2945;0.8838;0.7333;305.7101;146.4638;109.9319
10.15;0.2945;0.8838;0.7333;305.7101;146.4638;109.9319
10.17;0.2945;0.8838;0.7333;305.7101;146.4638;109.9319
10.18;0.2945;0.8838;0.7333;305.7101;146.4638;109.9319
10.20;0.2945;0.8838;0.7333;305.7101;146.4638;109.9320
10.22;0.2945;0.8838;0.7333;305.7101;146.4638;109.9320
10.23;0.2945;0.8838;0.7333;305.7101;146.4638;109.9319
10.25;0.2945;0.8838;0.7333;305.7101;146.4638;109.9509
10.27;0.2945;0.8838;0.7333;305.7101;146.4638;109.9509
10.28;0.2945;0.8838;0.7333;305.7101;146.4638;110.0242
10.30;0.2945;0.8838;0.7333;305.7101;146.4638;109.9509
10.32;0.2945;0.8838;0.7333;305.7101;146.4638;109.9319
10.33;0.2945;0.8838;0.7333;305.7101;146.4638;109.8879
10.35;0.2945;0.8838;0.7333;305.7101;146.4638;109.9319
10.37;0.2945;0.8838;0.7333;305.7101;146.4638;109.8147
10.38;0.2945;0.8838;0.7333;305.7101;146.4638;109.8879
10.40;0.2945;0.8838;0.7333;305.7101;146.4638;109.8879
10.42;0.2945;0.8838;0.7333;305.7101;146.4638;109.8879
10.43;0.2945;0.8838;0.7333;305.7101;146.4638;109.8440
10.45;0.2945;0.8838;0.7333;305.7101;146.4638;109.8879
10.47;0.2945;0.8838;0.7333;305.7101;146.4638;109.9004
10.48;0.2945;0.8838;0.7333;305.7101;146.4638;109.8565
10.50;0.2945;0.8838;0.7333;305.7101;146.4638;109.8814
10.52;0.2945;0.8838;0.7333;305.7101;146.4638;109.8375
10.53;0.2945;0.8838;0.7333;305.7101;146.4638;109.9107
10.55;0.2945;0.8838;0.7333;305.7101;146.4638;109.8374
10.57;0.2945;0.8838;0.7333;305.7101;146.4638;109.8374
10.58;0.2945;0.8838;0.7333;305.7101;146.4638;109.8814
10.60;0.2945;0.8838;0.7333;305.7101;146.4638;109.8375
10.62;0.2945;0.8838;0.7333;305.7101;146.4638;109.9107
10.63;0.2945;0.8838;0.7333;305.7101;146.4638;109.8185
10.65;0.2945;0.8839;0.7333;305.7101;146.4638;109.9042
10.67;0.2945;0.8839;0.7333;305.7101;146.4638;109.9042
10.68;0.2945;0.8839;0.7333;305.7101;146.4638;109.8309
10.70;0.2945;0.8839;0.7333;305.7101;146.4638;109.8434
10.72;0.2945;0.8839;0.7333;305.7101;146.4638;109.9166
10.73;0.2945;0.8839;0.7332;305.7101;146.4638;109.9166
10.75;0.2945;0.8839;0.7332;305.7101;146.4638;109.8997
10.77;0.2945;0.8839;0.7332;305.7101;146.4638;109.8368
10.78;0.2945;0.8839;0.7332;305.7101;146.4638;109.8807
10.80;0.2945;0.8839;0.7332;305.7101;146.4638;109.8368
10.82;0.2945;0.8839;0.7332;305.7101;146.4638;109.9102
10.83;0.2945;0.8839;0.7332;305.7101;146.4638;109.8998
10.85;0.2945;0.8839;0.7332;305.7101;146.4638;109.8559
10.87;0.2945;0.8839;0.7332;305.7101;146.4639;109.8558
10.88;0.2945;0.8839;0.7332;305.7101;146.4638;109.9292
10.90;0.2945;0.8839;0.7332;305.7101;146.4638;109.9292
10.92;0.2945;0.8839;0.7332;305.7101;146.4638;109.8559
10.93;0.2945;0.8839;0.7332;305.7101;146.4638;109.8559
10.95;0.2945;0.8839;0.7332;305.7101;146.4638;109.8559
10.97;0.2945;0.8839;0.7332;305.7101;146.4638;109.8559
10.98;0.2945;0.8840;0.7332;305.7101;146.4639;109.8369
11.00;0.2945;0.8840;0.7332;305.7101;146.4638;109.8493
11.02;0.2945;0.8840;0.7332;305.7101;146.4638;109.8493
11.03;0.2946;0.8840;0.7332;305.7101;146.4638;109.8304
11.05;0.2946;0.8840;0.7332;305.7101;146.4638;109.8743
11.07;0.2946;0.8840;0.7332;305.7101;146.4638;109.8304
11.08;0.2946;0.8840;0.7332;305.7101;146.4638;109.9037
11.10;0.2946;0.8840;0.7332;305.7101;146.4638;109.8304
11.12;0.2946;0.8840;0.7332;305.7101;146.4638;109.8304
11.13;0.2946;0.8840;0.7332;305.7101;146.4638;109.8429
11.15;0.2946;0.8840;0.7332;305.7101;146.4638;109.8239
11.17;0.2946;0.8840;0.7332;305.7101;146.4638;109.8972
11.18;0.2946;0.8840;0.7332;305.7101;146.4638;109.8239
11.20;0.2946;0.8840;0.7332;305.7101;146.4638;109.8239
11.22;0.2946;0.8840;0.7332;305.7101;146.4638;109.8973
11.23;0.2946;0.8840;0.7332;305.7101;146.4638;109.8239
11.25;0.2946;0.8840;0.7332;305.7101;146.4638;109.9097
11.27;0.2946;0.8840;0.7332;305.7101;146.4638;109.9097
11.28;0.2946;0.8841;0.7332;305.7101;146.4638;109.8908
11.30;0.2946;0.8841;0.7332;305.7101;146.4638;109.8613
11.32;0.2946;0.8841;0.7332;305.7101;146.4638;109.8176
11.33;0.2946;0.8841;0.7332;305.7101;146.4638;109.8908
11.35;0.2946;0.8841;0.7332;305.7101;146.4638;109.8908
11.37;0.2946;0.8841;0.7331;305.7101;146.4638;109.8909
11.38;0.2946;0.8841;0.7331;305.7101;146.4638;109.9347
11.40;0.2946;0.8841;0.7331;305.7101;146.4639;109.9642
11.42;0.2946;0.8841;0.7331;305.7101;146.4638;109.8909
11.43;0.2946;0.8841;0.7331;305.7101;146.4638;109.8909
11.45;0.2946;0.8841;0.7331;305.7101;146.4639;109.8908
11.47;0.2946;0.8841;0.7331;305.7101;146.4638;109.8909
11.48;0.2946;0.8841;0.7331;305.7101;146.4638;109.8909
11.50;0.2946;0.8841;0.7331;305.7101;146.4638;109.8909
11.52;0.2946;0.8841;0.7331;305.7101;146.4638;109.8909
11.53;0.2946;0.8841;0.7331;305.7101;146.4639;109.9642
11.55;0.2946;0.8841;0.7331;305.7101;146.4638;109.8909
11.57;0.2946;0.8841;0.7331;305.7101;146.4638;109.8909
11.58;0.2946;0.8841;0.7331;305.7101;146.4638;109.8909
11.60;0.2946;0.8841;0.7331;305.7101;146.4638;109.8909
11.62;0.2946;0.8841;0.7331;305.7101;146.4638;109.8909
11.63;0.2946;0.8841;0.7331;305.7101;146.4638;109.8909
11.65;0.2946;0.8841;0.7331;305.7101;146.4638;109.8909
11.67;0.2946;0.8841;0.7331;305.7101;146.4638;109.8909
11.68;0.2946;0.8841;0.7331;305.7101;146.4638;109.8909
11.70;0.2946;0.8841;0.7331;305.7101;146.4638;109.8909
11.72;0.2946;0.8841;0.7331;305.7101;146.4638;109.8909
11.73;0.2946;0.8841;0.7331;305.7101;146.4638;109.8909
11.75;0.2946;0.8841;0.7331;305.7101;146.4638;109.8909
11.77;0.2946;0.8841;0.7331;305.7101;146.4639;109.9642
11.78;0.2946;0.8841;0.7331;305.7101;146.4638;109.8909
11.80;0.2946;0.8841;0.7331;305.7101;146.4638;109.8909
11.82;0.2946;0.8841;0.7331;305.7101;146.4639;109.9642
11.83;0.2946;0.8841;0.7331;305.7101;146.4638;109.9204
11.85;0.2946;0.8841;0.7331;305.7101;146.4638;109.8911
11.87;0.2946;0.8841;0.7331;305.7101;146.4638;109.8909
11.88;0.2946;0.8841;0.7331;305.7101;146.4638;109.8909
11.90;0.2946;0.8841;0.7331;305.7101;146.4638;109.8909
11.92;0.2946;0.8841;0.7331;305.7101;146.4638;109.8909
11.93;0.2946;0.8841;0.7331;305.7101;146.4638;109.9035
11.95;0.2946;0.8841;0.7331;305.7101;146.4639;109.9035
11.97;0.2946;0.8841;0.7331;305.7101;146.4639;109.9035
11.98;0.2946;0.8841;0.7331;305.7101;146.4638;109.8597
12.00;0.2946;0.8841;0.7331;305.7101;146.4639;109.9035
12.02;0.2946;0.8841;0.7331;305.7101;146.4638;109.9769
12.03;0.2946;0.8841;0.7331;305.7101;146.4639;109.9035
12.05;0.2946;0.8841;0.7331;305.7101;146.4638;109.9037
12.07;0.2946;0.8841;0.7331;305.7101;146.4638;109.8598
12.08;0.2946;0.8841;0.7331;305.7101;146.4638;109.9037
12.10;0.2946;0.8841;0.7331;305.7101;146.4639;109.8847
12.12;0.2946;0.8841;0.7331;305.7101;146.4638;109.9141
12.13;0.2946;0.8841;0.7331;305.7101;146.4639;109.9579
12.15;0.2946;0.8841;0.7331;305.7101;146.4639;109.9579
12.17;0.2946;0.8841;0.7331;305.7101;146.4639;109.9579
12.18;0.2946;0.8841;0.7331;305.7101;146.4639;109.8847
12.20;0.2946;0.8841;0.7331;305.7101;146.4638;109.8845
12.22;0.2946;0.8841;0.7331;305.7101;146.4638;109.9266
12.23;0.2946;0.8841;0.7331;305.7101;146.4638;109.9266
12.25;0.2946;0.8841;0.7331;305.7101;146.4638;109.9999
12.27;0.2946;0.8841;0.7331;305.7101;146.4638;109.9266
12.28;0.2946;0.8841;0.7331;305.7101;146.4638;109.8533
12.30;0.2946;0.8841;0.7331;305.7101;146.4638;109.9266
12.32;0.2946;0.8841;0.7331;305.7101;146.4638;109.8533
12.33;0.2946;0.8841;0.7331;305.7101;146.4639;109.8828
12.35;0.2946;0.8841;0.7331;305.7101;146.4639;109.9266
12.37;0.2946;0.8841;0.7331;305.7101;146.4639;109.8826
12.38;0.2946;0.8841;0.7331;305.7101;146.4639;109.8828
12.40;0.2946;0.8841;0.7331;305.7101;146.4639;109.8828
12.42;0.2946;0.8841;0.7331;305.7101;146.4639;109.9122
12.43;0.2946;0.8841;0.7331;305.7101;146.4639;109.8828
12.45;0.2946;0.8841;0.7331;305.7101;146.4639;109.9561
12.47;0.2946;0.8841;0.7331;305.7101;146.4639;109.9560
12.48;0.2946;0.8841;0.7331;305.7101;146.4639;109.9122
12.50;0.2946;0.8841;0.7331;305.7101;146.4639;109.8389
12.52;0.2946;0.8841;0.7331;305.7101;146.4639;109.8826
12.53;0.2946;0.8841;0.7331;305.7101;146.4639;109.9122
12.55;0.2946;0.8841;0.7331;305.7101;146.4639;109.9122
12.57;0.2946;0.8841;0.7331;305.7101;146.4639;109.9855
12.58;0.2946;0.8841;0.7331;305.7101;146.4639;109.8683
12.60;0.2946;0.8841;0.7331;305.7101;146.4639;109.9416
12.62;0.2946;0.8841;0.7331;305.7101;146.4639;109.9416
12.63;0.2946;0.8841;0.7331;305.7101;146.4639;109.9416
12.65;0.2946;0.8841;0.7331;305.7101;146.4639;109.9710
12.67;0.2946;0.8841;0.7331;305.7101;146.4639;109.9900
12.68;0.2946;0.8841;0.7331;305.7101;146.4639;109.9900
12.70;0.2946;0.8841;0.7331;305.7101;146.4639;109.9167
12.72;0.2946;0.8841;0.7331;305.7101;146.4639;109.9900
12.73;0.2946;0.8841;0.7331;305.7101;146.4639;109.9461
12.75;0.2946;0.8841;0.7331;305.7101;146.4639;109.9755
12.77;0.2946;0.8841;0.7331;305.7101;146.4639;109.9566
12.78;0.2946;0.8841;0.7331;305.7101;146.4639;109.9566
12.80;0.2946;0.8841;0.7331;305.7101;146.4639;109.9860
12.82;0.2946;0.8841;0.7331;305.7101;146.4639;110.0154
12.83;0.2946;0.8841;0.7331;305.7101;146.4639;110.0448
12.85;0.2946;0.8841;0.7331;305.7101;146.4639;110.0448
12.87;0.2946;0.8841;0.7331;305.7101;146.4639;110.1181
12.88;0.2946;0.8841;0.7331;305.7101;146.4639;110.0742
12.90;0.2946;0.8841;0.7331;305.7101;146.4639;110.1181
12.92;0.2946;0.8841;0.7331;305.7101;146.4639;110.0742
12.93;0.2946;0.8841;0.7331;305.7101;146.4639;110.0742
12.95;0.2946;0.8841;0.7331;305.7101;146.4639;110.0742
12.97;0.2946;0.8841;0.7331;305.7101;146.4639;110.0742
12.98;0.2946;0.8841;0.7331;305.7101;146.4639;110.0742
13.00;0.2946;0.8841;0.7331;305.7101;146.4639;110.0742
13.02;0.2946;0.8841;0.7331;305.7101;146.4639;110.0742
13.03;0.2946;0.8842;0.7331;305.7101;146.4639;110.0869
13.05;0.2946;0.8842;0.7331;305.7101;146.4639;110.0869
13.07;0.2946;0.8842;0.7331;305.7101;146.4639;110.1163
13.08;0.2946;0.8842;0.7331;305.7101;146.4639;110.1602
13.10;0.2946;0.8842;0.7331;305.7101;146.4639;110.0429
13.12;0.2946;0.8841;0.7331;305.7101;146.4639;110.0619
13.13;0.2946;0.8842;0.7331;305.7101;146.4639;110.0619
13.15;0.2946;0.8842;0.7331;305.7101;146.4639;110.1352
13.17;0.2946;0.8842;0.7331;305.7101;146.4639;110.1057
13.18;0.2946;0.8842;0.7331;305.7101;146.4639;110.1058
13.20;0.2946;0.8842;0.7331;305.7101;146.4639;110.1058
13.22;0.2946;0.8842;0.7331;305.7101;146.4639;110.0619
13.23;0.2946;0.8842;0.7331;305.7101;146.4639;110.1058
13.25;0.2946;0.8842;0.7331;305.7101;146.4639;110.1352
13.27;0.2946;0.8842;0.7331;305.7101;146.4639;110.0430
13.28;0.2946;0.8842;0.7331;305.7101;146.4639;110.0868
13.30;0.2946;0.8842;0.7331;305.7101;146.4639;110.0995
13.32;0.2946;0.8842;0.7331;305.7101;146.4639;110.1290
13.33;0.2946;0.8842;0.7331;305.7101;146.4639;110.0911
13.35;0.2946;0.8842;0.7331;305.7101;146.4639;110.1350
13.37;0.2947;0.8843;0.7330;305.7101;146.4639;110.1038
13.38;0.2947;0.8843;0.7330;305.7101;146.4639;110.1773
13.40;0.2947;0.8843;0.7330;305.7101;146.4639;110.0851
13.42;0.2947;0.8843;0.7330;305.7101;146.4639;110.1712
13.43;0.2947;0.8844;0.7330;305.7101;146.4639;110.1649
13.45;0.2947;0.8844;0.7330;305.7101;146.4639;110.1651
13.47;0.2947;0.8844;0.7329;305.7101;146.4639;110.1588
13.48;0.2947;0.8844;0.7329;305.7101;146.4639;110.1528
13.50;0.2947;0.8845;0.7329;305.7101;146.4639;110.2390
13.52;0.2948;0.8845;0.7329;305.7101;146.4639;110.2346
13.53;0.2948;0.8845;0.7329;305.7101;146.4639;110.2474
13.55;0.2948;0.8846;0.7328;305.7101;146.4639;110.3027
13.57;0.2948;0.8847;0.7328;305.7101;146.4639;110.3156
13.58;0.2948;0.8847;0.7328;305.7101;146.4639;110.2967
13.60;0.2948;0.8847;0.7328;305.7101;146.4639;110.3094
13.62;0.2949;0.8847;0.7327;305.7101;146.4638;110.3225
13.63;0.2949;0.8848;0.7327;305.7101;146.4639;110.2976
13.65;0.2949;0.8848;0.7327;305.7101;146.4639;110.3103
13.67;0.2949;0.8848;0.7327;305.7101;146.4639;110.3103
13.68;0.2949;0.8849;0.7327;305.7101;146.4639;110.3041
13.70;0.2949;0.8849;0.7327;305.7101;146.4639;110.3044
13.72;0.2949;0.8849;0.7326;305.7101;146.4638;110.2984
13.73;0.2950;0.8850;0.7326;305.7101;146.4639;110.2922
13.75;0.2950;0.8850;0.7326;305.7101;146.4638;110.2735
13.77;0.2950;0.8850;0.7326;305.7101;146.4639;110.2862
13.78;0.2950;0.8850;0.7326;305.7101;146.4638;110.3598
13.80;0.2950;0.8851;0.7326;305.7101;146.4638;110.2676
13.82;0.2950;0.8851;0.7325;305.7101;146.4639;110.3539
13.83;0.2950;0.8851;0.7325;305.7101;146.4638;110.3350
13.85;0.2950;0.8851;0.7325;305.7101;146.4638;110.2744
13.87;0.2950;0.8852;0.7325;305.7101;146.4638;110.4023
13.88;0.2950;0.8852;0.7325;305.7101;146.4638;110.2856
13.90;0.2950;0.8852;0.7325;305.7101;146.4638;110.2797
13.92;0.2951;0.8852;0.7324;305.7101;146.4638;110.3172
13.93;0.2951;0.8853;0.7324;305.7101;146.4638;110.2984
13.95;0.2951;0.8853;0.7324;305.7101;146.4638;110.3847
13.97;0.2951;0.8854;0.7324;305.7101;146.4638;110.3791
13.98;0.2951;0.8854;0.7324;305.7101;146.4638;110.3602
14.00;0.2951;0.8854;0.7324;305.7101;146.4638;110.3735
14.02;0.2951;0.8855;0.7323;305.7101;146.4638;110.3677
14.03;0.2952;0.8856;0.7323;305.7101;146.4638;110.3877
14.05;0.2952;0.8856;0.7322;305.7101;146.4638;110.4421
14.07;0.2952;0.8857;0.7322;305.7101;146.4638;110.4494
14.08;0.2952;0.8857;0.7322;305.7101;146.4638;110.4494
14.10;0.2953;0.8858;0.7321;305.7101;146.4638;110.4563
14.12;0.2953;0.8858;0.7321;305.7101;146.4638;110.4506
14.13;0.2953;0.8859;0.7320;305.7101;146.4638;110.4707
14.15;0.2954;0.8860;0.7320;305.7101;146.4638;110.4588
14.17;0.2954;0.8862;0.7319;305.7101;146.4638;110.4904
14.18;0.2955;0.8862;0.7318;305.7101;146.4638;110.4970
14.20;0.2955;0.8863;0.7318;305.7101;146.4638;110.4356
14.22;0.2955;0.8864;0.7317;305.7101;146.4638;110.4483
14.23;0.2956;0.8866;0.7316;305.7101;146.4638;110.5485
14.25;0.2956;0.8867;0.7316;305.7101;146.4638;110.5435
14.27;0.2957;0.8868;0.7315;305.7101;146.4639;110.5637
14.28;0.2957;0.8868;0.7315;305.7101;146.4639;110.6007
14.30;0.2957;0.8869;0.7314;305.7101;146.4639;110.5951
14.32;0.2957;0.8870;0.7314;305.7101;146.4639;110.6637
14.33;0.2958;0.8870;0.7314;305.7101;146.4639;110.5848
14.35;0.2958;0.8870;0.7314;305.7101;146.4639;110.5848
14.37;0.2958;0.8871;0.7313;305.7101;146.4639;110.6217
14.38;0.2958;0.8871;0.7313;305.7101;146.4638;110.5792
14.40;0.2958;0.8871;0.7313;305.7101;146.4639;110.5925
14.42;0.2958;0.8871;0.7313;305.7101;146.4639;110.6161
14.43;0.2958;0.8872;0.7313;305.7101;146.4639;110.6833
14.45;0.2958;0.8872;0.7313;305.7101;146.4639;110.6233
14.47;0.2959;0.8872;0.7312;305.7101;146.4639;110.6904
14.48;0.2959;0.8873;0.7312;305.7101;146.4639;110.6171
14.50;0.2959;0.8873;0.7312;305.7101;146.4639;110.7031
