8.73;0.3018;0.8861;0.7293;308.3259;141.0933;104.6628
8.75;0.3021;0.8860;0.7294;308.3963;140.9305;104.7844
8.77;0.3021;0.8859;0.7292;308.4564;140.9978;104.8049
8.78;0.3021;0.8859;0.7293;308.4916;140.9401;104.9022
8.80;0.3021;0.8859;0.7293;308.4916;140.9401;104.9022
8.82;0.3022;0.8858;0.7292;308.5869;140.9497;104.8736
8.83;0.3022;0.8858;0.7293;308.5359;140.9095;104.9648
8.85;0.3023;0.8856;0.7292;308.6313;140.8955;105.0095
8.87;0.3023;0.8856;0.7292;308.6313;140.8955;104.9363
8.88;0.3024;0.8856;0.7292;308.6665;140.8144;105.0333
8.90;0.3024;0.8856;0.7292;308.6665;140.8144;105.0333
8.92;0.3024;0.8856;0.7292;308.6665;140.8144;105.0333
8.93;0.3023;0.8856;0.7291;308.6404;140.9224;104.9750
8.95;0.3023;0.8855;0.7291;308.6495;140.9257;104.9406
8.97;0.3022;0.8855;0.7290;308.6235;141.0338;104.8090
8.98;0.3019;0.8855;0.7289;308.5533;141.2200;104.8342
9.00;0.3019;0.8855;0.7289;308.5533;141.2200;104.8342
9.02;0.3017;0.8854;0.7287;308.5785;141.3682;104.7578
9.03;0.3014;0.8855;0.7287;308.4132;141.5228;104.6635
9.05;0.3011;0.8856;0.7286;308.3433;141.6864;104.6142
9.07;0.3010;0.8856;0.7286;308.3083;141.7684;104.5894
9.08;0.3007;0.8858;0.7286;308.1781;141.8656;104.5922
9.10;0.3007;0.8858;0.7286;308.1781;141.8656;104.5922
9.12;0.3006;0.8858;0.7287;308.0575;141.9431;104.4870
9.13;0.3003;0.8858;0.7285;307.9723;142.1744;104.2686
9.15;0.3002;0.8859;0.7285;307.8618;142.2567;104.1279
9.17;0.3000;0.8859;0.7284;307.7926;142.3991;104.0763
9.18;0.2996;0.8861;0.7285;307.6382;142.6088;103.9435
9.20;0.2996;0.8861;0.7285;307.6382;142.6089;103.9435
9.22;0.2995;0.8863;0.7287;307.4922;142.5613;103.9163
9.23;0.2995;0.8861;0.7287;307.5071;142.7121;103.7161
9.25;0.2994;0.8860;0.7285;307.4984;142.9505;103.3818
9.27;0.2993;0.8860;0.7285;307.4845;143.0658;103.2859
9.28;0.2990;0.8861;0.7285;307.3622;143.3145;103.1199
9.30;0.2990;0.8861;0.7285;307.3622;143.3145;103.1199
9.32;0.2986;0.8862;0.7285;307.2100;143.5288;102.9837
9.33;0.2984;0.8863;0.7285;307.1866;143.6411;102.9217
9.35;0.2982;0.8863;0.7286;307.0684;143.7717;102.8120
9.37;0.2982;0.8863;0.7286;307.0684;143.7482;102.8853
9.38;0.2981;0.8864;0.7287;306.9943;143.7983;102.7682
9.40;0.2981;0.8864;0.7287;306.9943;143.7983;102.7682
9.42;0.2982;0.8863;0.7286;307.0254;143.8344;102.6640
9.43;0.2982;0.8863;0.7287;306.9619;143.8656;102.5853
9.45;0.2983;0.8861;0.7286;307.0037;143.9294;102.4464
9.47;0.2982;0.8861;0.7286;306.9810;144.0188;102.4573
9.48;0.2981;0.8861;0.7286;306.9179;144.0977;102.3050
9.50;0.2981;0.8861;0.7286;306.9179;144.0977;102.3050
9.52;0.2978;0.8861;0.7285;306.8625;144.2965;102.2876
9.53;0.2979;0.8862;0.7286;306.8114;144.2347;102.2325
9.55;0.2978;0.8863;0.7286;306.7275;144.2350;102.2226
9.57;0.2979;0.8862;0.7286;306.7381;144.2393;102.1879
9.58;0.2979;0.8863;0.7287;306.6542;144.2162;102.1780
9.60;0.2979;0.8863;0.7287;306.6542;144.2162;102.1780
9.62;0.2979;0.8863;0.7287;306.6427;144.3109;102.1534
9.63;0.2979;0.8863;0.7287;306.6127;144.4042;101.9694
9.65;0.2977;0.8864;0.7288;306.5399;144.6034;101.7182
9.67;0.2976;0.8864;0.7287;306.5293;144.7221;101.6934
9.68;0.2974;0.8866;0.7289;306.3734;144.8247;101.6370
9.70;0.2974;0.8866;0.7289;306.3734;144.8247;101.6370
9.72;0.2973;0.8863;0.7291;306.3734;144.8247;101.5926
9.73;0.2973;0.8863;0.7291;306.3734;144.8247;101.6756
9.75;0.2973;0.8863;0.7291;306.3734;144.8247;101.6255
9.77;0.2973;0.8863;0.7291;306.3734;144.8247;101.6544
9.78;0.2973;0.8863;0.7291;306.3734;144.8247;101.6232
9.80;0.2973;0.8863;0.7291;306.3734;144.8247;101.6232
9.82;0.2973;0.8862;0.7291;306.3734;144.8247;101.6232
9.83;0.2973;0.8862;0.7291;306.3734;144.8247;101.5500
9.85;0.2973;0.8862;0.7291;306.3734;144.8247;101.6233
9.87;0.2973;0.8862;0.7291;306.3734;144.8247;101.6232
9.88;0.2973;0.8862;0.7291;306.3734;144.8247;101.6043
9.90;0.2973;0.8862;0.7291;306.3734;144.8247;101.6043
9.92;0.2973;0.8862;0.7291;306.3734;144.8247;101.6043
9.93;0.2973;0.8862;0.7291;306.3734;144.8247;101.6043
9.95;0.2973;0.8862;0.7291;306.3734;144.8247;101.6165
9.97;0.2973;0.8862;0.7291;306.3734;144.8247;101.6165
9.98;0.2973;0.8862;0.7292;306.3734;144.8247;101.6165
10.00;0.2973;0.8862;0.7292;306.3734;144.8247;101.6165
10.02;0.2973;0.8862;0.7292;306.3734;144.8247;101.7174
10.03;0.2973;0.8862;0.7292;306.3734;144.8247;101.7585
10.05;0.2973;0.8862;0.7292;306.3734;144.8247;101.6939
10.07;0.2973;0.8862;0.7292;306.3734;144.8247;101.6617
10.08;0.2973;0.8862;0.7292;306.3734;144.8247;101.5240
10.10;0.2973;0.8862;0.7292;306.3734;144.8247;101.5240
10.12;0.2973;0.8862;0.7292;306.3734;144.8247;101.4187
10.13;0.2973;0.8862;0.7292;306.3734;144.8247;101.3870
10.15;0.2972;0.8862;0.7292;306.3734;144.8247;101.2697
10.17;0.2972;0.8862;0.7292;306.3734;144.8247;101.2702
10.18;0.2972;0.8862;0.7292;306.3734;144.8247;101.2711
10.20;0.2972;0.8862;0.7292;306.3734;144.8247;101.2711
10.22;0.2972;0.8861;0.7292;306.3734;144.8247;101.1864
10.23;0.2972;0.8861;0.7292;306.3734;144.8247;101.2163
10.25;0.2972;0.8861;0.7292;306.3734;144.8247;101.2429
10.27;0.2972;0.8861;0.7292;306.3734;144.8247;101.1898
10.28;0.2971;0.8860;0.7293;306.3734;144.8247;101.1847
10.30;0.2971;0.8860;0.7293;306.3734;144.8247;101.1847
10.32;0.2971;0.8859;0.7293;306.3734;144.8247;101.1854
10.33;0.2971;0.8859;0.7293;306.3734;144.8247;101.1733
10.35;0.2971;0.8858;0.7294;306.3734;144.8247;101.1619
10.37;0.2971;0.8858;0.7294;306.3734;144.8247;101.0887
10.38;0.2971;0.8858;0.7294;306.3734;144.8247;101.1619
10.40;0.2971;0.8858;0.7294;306.3734;144.8247;101.1619
10.42;0.2971;0.8858;0.7294;306.3734;144.8247;101.1016
10.43;0.2971;0.8858;0.7294;306.3734;144.8247;101.1024
10.45;0.2971;0.8858;0.7294;306.3734;144.8247;101.0300
10.47;0.2971;0.8858;0.7294;306.3734;144.8247;101.0171
10.48;0.2971;0.8858;0.7294;306.3734;144.8247;101.0369
10.50;0.2971;0.8858;0.7294;306.3734;144.8247;101.0369
10.52;0.2971;0.8858;0.7294;306.3734;144.8247;101.0246
10.53;0.2971;0.8858;0.7294;306.3734;144.8247;100.9835
10.55;0.2971;0.8858;0.7294;306.3734;144.8247;100.9844
10.57;0.2971;0.8858;0.7294;306.3734;144.8247;100.9853
10.58;0.2971;0.8858;0.7294;306.3734;144.8247;101.0395
10.60;0.2971;0.8858;0.7294;306.3734;144.8247;101.0395
10.62;0.2971;0.8858;0.7294;306.3734;144.8247;101.0395
10.63;0.2971;0.8858;0.7294;306.3734;144.8247;100.9483
10.65;0.2971;0.8858;0.7294;306.3734;144.8247;101.0337
10.67;0.2971;0.8858;0.7294;306.3734;144.8247;100.9605
10.68;0.2971;0.8858;0.7294;306.3734;144.8247;100.9483
10.70;0.2971;0.8858;0.7294;306.3734;144.8247;100.9483
10.72;0.2971;0.8858;0.7294;306.3734;144.8247;101.0215
10.73;0.2971;0.8858;0.7294;306.3734;144.8247;100.9804
10.75;0.2971;0.8858;0.7294;306.3734;144.8247;100.9483
10.77;0.2971;0.8858;0.7294;306.3734;144.8247;100.9483
10.78;0.2971;0.8858;0.7294;306.3734;144.8247;100.9683
10.80;0.2971;0.8858;0.7294;306.3734;144.8247;100.9683
10.82;0.2971;0.8858;0.7294;306.3734;144.8247;100.9673
10.83;0.2971;0.8858;0.7294;306.3734;144.8247;100.9561
10.85;0.2971;0.8858;0.7294;306.3734;144.8247;100.9561
10.87;0.2971;0.8858;0.7294;306.3734;144.8247;101.0293
10.88;0.2970;0.8857;0.7294;306.3734;144.8247;100.9328
10.90;0.2970;0.8857;0.7294;306.3734;144.8247;100.9328
10.92;0.2970;0.8857;0.7294;306.3734;144.8247;100.9938
10.93;0.2970;0.8857;0.7294;306.3734;144.8247;100.9217
10.95;0.2970;0.8857;0.7295;306.3734;144.8247;100.9827
10.97;0.2970;0.8857;0.7295;306.3734;144.8247;101.0017
10.98;0.2970;0.8856;0.7295;306.3734;144.8247;100.9683
11.00;0.2970;0.8856;0.7295;306.3734;144.8247;100.9683
11.02;0.2970;0.8856;0.7295;306.3734;144.8247;100.9561
11.03;0.2970;0.8855;0.7296;306.3734;144.8247;100.9439
11.05;0.2969;0.8855;0.7296;306.3734;144.8247;100.9507
11.07;0.2969;0.8855;0.7296;306.3734;144.8247;100.9707
11.08;0.2969;0.8854;0.7296;306.3734;144.8247;100.8976
11.10;0.2969;0.8854;0.7296;306.3734;144.8247;100.8976
11.12;0.2969;0.8854;0.7296;306.3734;144.8247;100.9596
11.13;0.2969;0.8853;0.7297;306.3734;144.8247;100.9112
11.15;0.2969;0.8853;0.7297;306.3734;144.8247;100.9498
11.17;0.2969;0.8853;0.7297;306.3734;144.8247;100.8777
11.18;0.2968;0.8852;0.7298;306.3734;144.8247;100.9352
11.20;0.2968;0.8852;0.7298;306.3734;144.8247;100.9352
11.22;0.2968;0.8851;0.7298;306.3734;144.8247;100.8376
11.23;0.2967;0.8850;0.7299;306.3734;144.8247;100.8829
11.25;0.2967;0.8850;0.7299;306.3734;144.8247;100.8717
11.27;0.2967;0.8849;0.7299;306.3734;144.8247;100.8907
11.28;0.2967;0.8848;0.7300;306.3734;144.8247;100.8881
11.30;0.2967;0.8848;0.7300;306.3734;144.8247;100.8881
11.32;0.2967;0.8848;0.7300;306.3734;144.8247;100.8353
11.33;0.2967;0.8848;0.7300;306.3734;144.8247;100.7937
11.35;0.2967;0.8848;0.7300;306.3734;144.8247;100.7520
11.37;0.2967;0.8848;0.7300;306.3734;144.8247;100.7103
11.38;0.2967;0.8848;0.7300;306.3734;144.8247;100.6507
11.40;0.2967;0.8848;0.7300;306.3734;144.8247;100.6507
11.42;0.2967;0.8848;0.7300;306.3734;144.8247;100.6089
11.43;0.2967;0.8848;0.7300;306.3734;144.8247;100.6089
11.45;0.2967;0.8848;0.7300;306.3734;144.8247;100.5063
11.47;0.2967;0.8848;0.7300;306.3734;144.8247;100.5795
11.48;0.2967;0.8848;0.7300;306.3734;144.8247;100.5795
11.50;0.2967;0.8848;0.7300;306.3734;144.8247;100.5795
11.52;0.2967;0.8848;0.7300;306.3734;144.8247;100.5377
11.53;0.2967;0.8848;0.7300;306.3734;144.8247;100.5377
11.55;0.2967;0.8848;0.7300;306.3734;144.8247;100.5377
11.57;0.2967;0.8848;0.7300;306.3734;144.8247;100.5377
11.58;0.2967;0.8848;0.7300;306.3734;144.8247;100.5377
11.60;0.2967;0.8848;0.7300;306.3734;144.8247;100.5377
11.62;0.2967;0.8848;0.7300;306.3734;144.8247;100.5377
11.63;0.2967;0.8848;0.7300;306.3734;144.8247;100.5377
11.65;0.2967;0.8848;0.7300;306.3734;144.8247;100.5254
11.67;0.2967;0.8848;0.7300;306.3734;144.8247;100.5254
11.68;0.2967;0.8848;0.7300;306.3734;144.8247;100.4836
11.70;0.2967;0.8848;0.7300;306.3734;144.8247;100.4836
11.72;0.2966;0.8848;0.7300;306.3734;144.8247;100.5320
11.73;0.2966;0.8848;0.7300;306.3734;144.8247;100.4655
11.75;0.2966;0.8847;0.7300;306.3734;144.8247;100.4722
11.77;0.2966;0.8847;0.7301;306.3734;144.8247;100.4722
11.78;0.2966;0.8846;0.7301;306.3734;144.8247;100.5397
11.80;0.2966;0.8846;0.7301;306.3734;144.8247;100.5397
11.82;0.2965;0.8846;0.7301;306.3734;144.8247;100.4312
11.83;0.2965;0.8845;0.7302;306.3734;144.8247;100.4189
11.85;0.2965;0.8845;0.7302;306.3734;144.8247;100.4255
11.87;0.2965;0.8845;0.7302;306.3734;144.8247;100.4265
11.88;0.2965;0.8845;0.7302;306.3734;144.8247;100.3533
11.90;0.2965;0.8845;0.7302;306.3734;144.8247;100.3533
11.92;0.2965;0.8845;0.7302;306.3734;144.8247;100.3845
11.93;0.2965;0.8845;0.7302;306.3734;144.8247;100.4274
11.95;0.2965;0.8845;0.7302;306.3734;144.8247;100.4274
11.97;0.2965;0.8845;0.7302;306.3734;144.8247;100.3854
11.98;0.2965;0.8845;0.7302;306.3734;144.8247;100.3864
12.00;0.2965;0.8845;0.7302;306.3734;144.8247;100.3864
12.02;0.2965;0.8845;0.7302;306.3734;144.8247;100.4474
12.03;0.2965;0.8845;0.7302;306.3734;144.8247;100.4474
12.05;0.2965;0.8845;0.7302;306.3734;144.8247;100.4064
12.07;0.2965;0.8845;0.7302;306.3734;144.8247;100.4064
12.08;0.2965;0.8844;0.7302;306.3734;144.8247;100.3694
12.10;0.2965;0.8844;0.7302;306.3734;144.8247;100.3694
12.12;0.2964;0.8843;0.7303;306.3734;144.8247;100.3581
12.13;0.2964;0.8843;0.7303;306.3734;144.8247;100.3647
12.15;0.2964;0.8842;0.7304;306.3734;144.8247;100.3776
12.17;0.2964;0.8841;0.7304;306.3734;144.8247;100.3055
12.18;0.2963;0.8840;0.7305;306.3734;144.8247;100.2899
12.20;0.2963;0.8840;0.7305;306.3734;144.8247;100.2899
12.22;0.2963;0.8839;0.7305;306.3734;144.8247;100.3696
12.23;0.2963;0.8839;0.7306;306.3734;144.8247;100.2742
12.25;0.2962;0.8838;0.7306;306.3734;144.8247;100.3306
12.27;0.2962;0.8838;0.7306;306.3734;144.8247;100.2027
12.28;0.2962;0.8837;0.7306;306.3734;144.8247;100.1982
12.30;0.2962;0.8837;0.7306;306.3734;144.8247;100.1982
12.32;0.2962;0.8837;0.7307;306.3734;144.8247;100.1748
12.33;0.2962;0.8837;0.7307;306.3734;144.8247;100.1758
12.35;0.2962;0.8837;0.7307;306.3734;144.8247;100.1334
12.37;0.2962;0.8837;0.7307;306.3734;144.8247;100.2065
12.38;0.2962;0.8837;0.7307;306.3734;144.8247;100.0909
12.40;0.2962;0.8837;0.7307;306.3734;144.8247;100.0909
12.42;0.2962;0.8837;0.7307;306.3734;144.8247;100.1641
12.43;0.2962;0.8837;0.7307;306.3734;144.8247;100.0909
12.45;0.2962;0.8837;0.7307;306.3734;144.8247;100.0359
12.47;0.2962;0.8837;0.7307;306.3734;144.8247;100.0359
12.48;0.2961;0.8836;0.7307;306.3734;144.8247;100.0489
12.50;0.2961;0.8836;0.7307;306.3734;144.8247;100.0489
12.52;0.2961;0.8835;0.7308;306.3734;144.8247;100.0489
12.53;0.2961;0.8835;0.7308;306.3734;144.8247;100.1231
12.55;0.2961;0.8835;0.7308;306.3734;144.8247;99.9959
12.57;0.2961;0.8835;0.7308;306.3734;144.8247;99.9959
12.58;0.2961;0.8835;0.7308;306.3734;144.8247;100.0691
12.60;0.2961;0.8835;0.7308;306.3734;144.8247;100.0691
12.62;0.2961;0.8835;0.7308;306.3734;144.8247;100.0691
12.63;0.2961;0.8835;0.7308;306.3734;144.8247;100.0265
12.65;0.2961;0.8835;0.7308;306.3734;144.8247;99.9533
12.67;0.2961;0.8835;0.7308;306.3734;144.8247;99.9533
12.68;0.2961;0.8835;0.7308;306.3734;144.8247;99.9543
12.70;0.2961;0.8835;0.7308;306.3734;144.8247;99.9543
12.72;0.2961;0.8835;0.7308;306.3734;144.8247;99.9229
12.73;0.2961;0.8835;0.7308;306.3734;144.8247;99.8803
12.75;0.2961;0.8835;0.7308;306.3734;144.8247;99.9724
12.77;0.2961;0.8835;0.7308;306.3734;144.8247;99.8867
12.78;0.2961;0.8835;0.7308;306.3734;144.8247;99.9295
12.80;0.2961;0.8835;0.7308;306.3734;144.8247;99.9295
12.82;0.2961;0.8835;0.7308;306.3734;144.8247;99.8011
12.83;0.2961;0.8835;0.7308;306.3734;144.8247;99.8326
12.85;0.2961;0.8835;0.7308;306.3734;144.8247;99.7898
12.87;0.2961;0.8835;0.7308;306.3734;144.8247;99.7898
12.88;0.2961;0.8835;0.7308;306.3734;144.8247;99.6749
12.90;0.2961;0.8835;0.7308;306.3734;144.8247;99.6749
12.92;0.2961;0.8835;0.7308;306.3734;144.8247;99.6332
12.93;0.2961;0.8835;0.7308;306.3734;144.8247;99.7064
12.95;0.2961;0.8835;0.7308;306.3734;144.8247;99.6447
12.97;0.2961;0.8835;0.7308;306.3734;144.8247;99.6447
12.98;0.2961;0.8835;0.7308;306.3734;144.8247;99.5714
13.00;0.2961;0.8835;0.7308;306.3734;144.8247;99.5714
13.02;0.2961;0.8835;0.7308;306.3734;144.8247;99.6018
13.03;0.2961;0.8835;0.7308;306.3734;144.8247;99.6207
13.05;0.2961;0.8835;0.7308;306.3734;144.8247;99.6333
13.07;0.2961;0.8835;0.7308;306.3734;144.8247;99.5601
13.08;0.2961;0.8835;0.7308;306.3734;144.8247;99.6459
13.10;0.2961;0.8835;0.7308;306.3734;144.8247;99.6459
13.12;0.2961;0.8835;0.7308;306.3734;144.8247;99.6031
13.13;0.2961;0.8835;0.7308;306.3734;144.8247;99.5299
13.15;0.2961;0.8835;0.7308;306.3734;144.8247;99.5425
13.17;0.2961;0.8835;0.7308;306.3734;144.8247;99.5236
13.18;0.2961;0.8836;0.7308;306.3734;144.8247;99.5489
13.20;0.2961;0.8836;0.7308;306.3734;144.8247;99.5489
13.22;0.2961;0.8836;0.7307;306.3734;144.8248;99.6020
13.23;0.2961;0.8836;0.7307;306.3734;144.8247;99.5539
13.25;0.2961;0.8836;0.7307;306.3734;144.8248;99.5226
13.27;0.2961;0.8836;0.7307;306.3734;144.8248;99.5958
13.28;0.2961;0.8836;0.7307;306.3734;144.8248;99.5226
13.30;0.2961;0.8836;0.7307;306.3734;144.8247;99.5226
13.32;0.2961;0.8836;0.7307;306.3734;144.8247;99.5958
13.33;0.2961;0.8836;0.7307;306.3734;144.8247;99.5958
13.35;0.2961;0.8836;0.7307;306.3734;144.8247;99.5958
13.37;0.2961;0.8836;0.7307;306.3734;144.8247;99.5415
13.38;0.2961;0.8836;0.7307;306.3734;144.8247;99.6147
13.40;0.2961;0.8836;0.7307;306.3734;144.8247;99.6147
13.42;0.2961;0.8836;0.7307;306.3734;144.8247;99.5719
13.43;0.2961;0.8836;0.7307;306.3734;144.8247;99.5719
13.45;0.2961;0.8836;0.7307;306.3734;144.8247;99.5290
13.47;0.2961;0.8836;0.7307;306.3734;144.8248;99.5290
13.48;0.2961;0.8836;0.7307;306.3734;144.8247;99.5583
13.50;0.2961;0.8836;0.7307;306.3734;144.8248;99.5583
13.52;0.2961;0.8836;0.7307;306.3734;144.8248;99.4862
13.53;0.2961;0.8836;0.7307;306.3734;144.8247;99.4422
13.55;0.2961;0.8836;0.7307;306.3734;144.8247;99.5155
13.57;0.2961;0.8836;0.7307;306.3734;144.8247;99.4422
13.58;0.2961;0.8836;0.7307;306.3734;144.8247;99.4423
13.60;0.2961;0.8836;0.7307;306.3734;144.8247;99.4423
13.62;0.2961;0.8836;0.7307;306.3734;144.8247;99.4612
13.63;0.2961;0.8836;0.7307;306.3734;144.8247;99.4915
13.65;0.2961;0.8836;0.7307;306.3734;144.8247;99.4193
13.67;0.2961;0.8836;0.7307;306.3734;144.8247;99.4486
13.68;0.2961;0.8836;0.7307;306.3734;144.8247;99.4486
13.70;0.2961;0.8836;0.7307;306.3734;144.8247;99.4486
13.72;0.2961;0.8836;0.7307;306.3734;144.8247;99.4056
13.73;0.2961;0.8836;0.7307;306.3734;144.8247;99.4056
13.75;0.2961;0.8836;0.7307;306.3734;144.8247;99.4779
13.77;0.2961;0.8836;0.7307;306.3734;144.8247;99.4349
13.78;0.2961;0.8836;0.7307;306.3734;144.8247;99.5082
13.80;0.2961;0.8836;0.7307;306.3734;144.8247;99.5082
13.82;0.2961;0.8836;0.7307;306.3734;144.8247;99.5805
13.83;0.2961;0.8836;0.7308;306.3734;144.8247;99.5262
13.85;0.2961;0.8836;0.7308;306.3734;144.8247;99.5564
13.87;0.2961;0.8836;0.7308;306.3734;144.8247;99.5564
13.88;0.2961;0.8835;0.7308;306.3734;144.8247;99.5753
13.90;0.2961;0.8835;0.7308;306.3734;144.8247;99.5753
13.92;0.2961;0.8835;0.7308;306.3734;144.8247;99.5753
13.93;0.2961;0.8835;0.7308;306.3734;144.8247;99.6047
13.95;0.2961;0.8835;0.7308;306.3734;144.8247;99.5617
13.97;0.2961;0.8835;0.7308;306.3734;144.8247;99.5617
13.98;0.2961;0.8835;0.7308;306.3734;144.8247;99.5912
14.00;0.2961;0.8835;0.7308;306.3734;144.8247;99.5912
14.02;0.2961;0.8835;0.7308;306.3734;144.8247;99.6206
14.03;0.2961;0.8835;0.7308;306.3734;144.8247;99.6395
14.05;0.2961;0.8835;0.7308;306.3734;144.8247;99.7128
14.07;0.2961;0.8835;0.7308;306.3734;144.8247;99.6697
14.08;0.2961;0.8835;0.7308;306.3734;144.8247;99.6986
14.10;0.2961;0.8835;0.7308;306.3734;144.8247;99.6986
14.12;0.2961;0.8835;0.7308;306.3734;144.8247;99.7281
14.13;0.2961;0.8835;0.7308;306.3734;144.8247;99.7711
14.15;0.2961;0.8835;0.7308;306.3734;144.8247;99.7711
14.17;0.2961;0.8835;0.7308;306.3734;144.8247;99.8438
14.18;0.2961;0.8835;0.7308;306.3734;144.8247;99.8007
14.20;0.2961;0.8835;0.7308;306.3734;144.8247;99.8007
14.22;0.2961;0.8835;0.7308;306.3734;144.8247;99.8735
14.23;0.2961;0.8835;0.7308;306.3734;144.8247;99.9467
14.25;0.2961;0.8836;0.7308;306.3734;144.8247;99.9279
14.27;0.2961;0.8835;0.7308;306.3734;144.8247;99.8735
14.28;0.2961;0.8835;0.7308;306.3734;144.8247;99.8735
14.30;0.2961;0.8835;0.7308;306.3734;144.8247;99.8735
14.32;0.2961;0.8835;0.7308;306.3734;144.8247;99.9037
14.33;0.2961;0.8835;0.7308;306.3734;144.8247;99.8735
14.35;0.2961;0.8835;0.7308;306.3734;144.8247;99.9037
14.37;0.2961;0.8835;0.7308;306.3734;144.8247;99.9468
14.38;0.2961;0.8835;0.7308;306.3734;144.8247;99.8735
14.40;0.2961;0.8835;0.7308;306.3734;144.8247;99.8735
14.42;0.2961;0.8835;0.7308;306.3734;144.8247;99.8309
14.43;0.2961;0.8835;0.7308;306.3734;144.8247;99.8304
14.45;0.2961;0.8835;0.7308;306.3734;144.8247;99.8493
14.47;0.2961;0.8835;0.7308;306.3734;144.8247;99.9226
14.48;0.2961;0.8835;0.7308;306.3734;144.8247;99.8493
14.50;0.2961;0.8835;0.7308;306.3734;144.8247;99.8493
14.52;0.2961;0.8835;0.7308;306.3734;144.8247;99.8493
14.53;0.2961;0.8835;0.7308;306.3734;144.8247;99.8682
14.55;0.2961;0.8835;0.7308;306.3734;144.8247;99.9112
14.57;0.2961;0.8835;0.7308;306.3734;144.8247;99.9113
14.58;0.2961;0.8835;0.7308;306.3734;144.8247;99.8682
14.60;0.2961;0.8835;0.7308;306.3734;144.8247;99.8682
14.62;0.2961;0.8835;0.7308;306.3734;144.8247;99.8682
14.63;0.2961;0.8835;0.7308;306.3734;144.8247;99.8493
14.65;0.2961;0.8835;0.7308;306.3734;144.8247;99.8493
14.67;0.2961;0.8835;0.7308;306.3734;144.8247;99.8924
14.68;0.2961;0.8835;0.7308;306.3734;144.8247;99.9226
14.70;0.2961;0.8835;0.7308;306.3734;144.8247;99.9226
14.72;0.2961;0.8835;0.7308;306.3734;144.8247;99.9354
14.73;0.2961;0.8835;0.7308;306.3734;144.8247;99.8621
14.75;0.2961;0.8835;0.7308;306.3734;144.8247;99.9354
14.77;0.2961;0.8835;0.7308;306.3734;144.8247;99.9057
14.78;0.2961;0.8835;0.7308;306.3734;144.8247;99.9180
14.80;0.2961;0.8835;0.7308;306.3734;144.8247;99.9180
14.82;0.2961;0.8836;0.7308;306.3734;144.8247;99.9724
14.83;0.2961;0.8836;0.7307;306.3734;144.8247;99.9119
14.85;0.2961;0.8836;0.7307;306.3734;144.8247;99.8817
14.87;0.2961;0.8836;0.7307;306.3734;144.8247;99.9549
14.88;0.2961;0.8836;0.7307;306.3734;144.8247;99.9806
14.90;0.2961;0.8836;0.7307;306.3734;144.8247;99.9806
14.92;0.2961;0.8836;0.7307;306.3734;144.8247;99.9760
14.93;0.2962;0.8837;0.7307;306.3734;144.8247;99.9459
14.95;0.2962;0.8837;0.7307;306.3734;144.8247;100.0145
14.97;0.2962;0.8837;0.7307;306.3734;144.8247;100.0145
14.98;0.2962;0.8837;0.7307;306.3734;144.8247;100.0274
15.00;0.2962;0.8837;0.7307;306.3734;144.8247;100.0274
15.02;0.2962;0.8837;0.7306;306.3734;144.8247;100.0274
15.03;0.2962;0.8837;0.7306;306.3734;144.8247;99.9845
15.05;0.2962;0.8837;0.7306;306.3734;144.8247;100.0274
15.07;0.2962;0.8837;0.7306;306.3734;144.8247;100.0274
15.08;0.2962;0.8837;0.7307;306.3734;144.8247;100.0462
15.10;0.2962;0.8837;0.7307;306.3734;144.8247;100.0462
15.12;0.2962;0.8837;0.7307;306.3734;144.8247;100.0462
15.13;0.2962;0.8837;0.7307;306.3734;144.8247;100.0462
15.15;0.2962;0.8837;0.7306;306.3734;144.8247;100.0462
15.17;0.2962;0.8837;0.7306;306.3734;144.8247;100.0462
15.18;0.2962;0.8837;0.7306;306.3734;144.8247;100.0891
15.20;0.2962;0.8837;0.7306;306.3734;144.8247;100.0891
15.22;0.2962;0.8838;0.7306;306.3734;144.8247;100.0591
15.23;0.2962;0.8838;0.7306;306.3734;144.8247;100.1020
15.25;0.2962;0.8838;0.7306;306.3734;144.8247;100.0959
15.27;0.2962;0.8838;0.7306;306.3734;144.8247;100.1692
15.28;0.2962;0.8839;0.7306;306.3734;144.8247;100.1216
15.30;0.2962;0.8839;0.7306;306.3734;144.8247;100.1216
15.32;0.2962;0.8839;0.7306;306.3734;144.8247;100.1644
15.33;0.2963;0.8839;0.7305;306.3734;144.8247;100.1473
15.35;0.2963;0.8840;0.7305;306.3734;144.8247;100.2023
15.37;0.2963;0.8840;0.7305;306.3734;144.8247;100.2750
15.38;0.2963;0.8840;0.7305;306.3734;144.8247;100.1957
15.40;0.2963;0.8840;0.7305;306.3734;144.8247;100.1957
15.42;0.2963;0.8841;0.7304;306.3734;144.8247;100.1897
15.43;0.2963;0.8841;0.7304;306.3734;144.8247;100.2752
15.45;0.2964;0.8841;0.7304;306.3734;144.8247;100.2446
15.47;0.2964;0.8841;0.7304;306.3734;144.8247;100.2568
15.48;0.2964;0.8841;0.7304;306.3734;144.8247;100.3533
15.50;0.2964;0.8841;0.7304;306.3734;144.8247;100.3533
15.52;0.2964;0.8842;0.7304;306.3734;144.8247;100.2928
15.53;0.2964;0.8842;0.7304;306.3734;144.8247;100.2922
15.55;0.2964;0.8842;0.7304;306.3734;144.8247;100.3784
15.57;0.2964;0.8842;0.7303;306.3734;144.8247;100.3589
15.58;0.2964;0.8842;0.7303;306.3734;144.8247;100.3585
15.60;0.2964;0.8842;0.7303;306.3734;144.8247;100.3585
15.62;0.2964;0.8842;0.7303;306.3734;144.8247;100.3585
15.63;0.2964;0.8842;0.7303;306.3734;144.8247;100.3277
15.65;0.2964;0.8843;0.7303;306.3734;144.8247;100.3519
15.67;0.2964;0.8843;0.7303;306.3734;144.8247;100.3944
15.68;0.2964;0.8843;0.7303;306.3734;144.8247;100.3212
15.70;0.2964;0.8843;0.7303;306.3734;144.8247;100.3212
15.72;0.2964;0.8843;0.7303;306.3734;144.8247;100.3207
15.73;0.2964;0.8843;0.7303;306.3734;144.8247;100.2910
15.75;0.2964;0.8843;0.7303;306.3734;144.8247;100.3269
15.77;0.2965;0.8844;0.7303;306.3734;144.8247;100.2656
15.78;0.2965;0.8844;0.7302;306.3734;144.8247;100.3015
15.80;0.2965;0.8844;0.7302;306.3734;144.8247;100.3015
15.82;0.2965;0.8844;0.7302;306.3734;144.8247;100.3143
15.83;0.2965;0.8844;0.7302;306.3734;144.8247;100.3444
15.85;0.2965;0.8844;0.7302;306.3734;144.8247;100.3444
15.87;0.2965;0.8844;0.7302;306.3734;144.8247;100.3868
15.88;0.2965;0.8844;0.7302;306.3734;144.8247;100.3865
15.90;0.2965;0.8844;0.7302;306.3734;144.8247;100.3865
15.92;0.2965;0.8844;0.7302;306.3734;144.8247;100.3133
15.93;0.2965;0.8845;0.7302;306.3734;144.8247;100.3862
15.95;0.2965;0.8845;0.7302;306.3734;144.8247;100.3133
15.97;0.2965;0.8845;0.7302;306.3734;144.8247;100.3133
15.98;0.2965;0.8845;0.7302;306.3734;144.8247;100.2705
16.00;0.2965;0.8845;0.7302;306.3734;144.8247;100.2705
16.02;0.2965;0.8845;0.7302;306.3734;144.8247;100.3862
16.03;0.2965;0.8845;0.7302;306.3734;144.8247;100.3862
16.05;0.2965;0.8845;0.7302;306.3734;144.8247;100.3130
16.07;0.2965;0.8845;0.7302;306.3734;144.8247;100.3862
16.08;0.2965;0.8845;0.7302;306.3734;144.8247;100.2879
16.10;0.2965;0.8845;0.7302;306.3734;144.8247;100.2879
16.12;0.2965;0.8845;0.7302;306.3734;144.8247;100.3740
16.13;0.2965;0.8846;0.7301;306.3734;144.8247;100.3558
16.15;0.2966;0.8846;0.7301;306.3734;144.8247;100.4230
16.17;0.2966;0.8846;0.7301;306.3734;144.8247;100.3497
16.18;0.2966;0.8846;0.7301;306.3734;144.8247;100.4230
16.20;0.2966;0.8846;0.7301;306.3734;144.8247;100.4230
16.22;0.2966;0.8846;0.7301;306.3734;144.8247;100.4230
16.23;0.2966;0.8846;0.7301;306.3734;144.8247;100.3497
16.25;0.2966;0.8846;0.7301;306.3734;144.8247;100.4230
16.27;0.2966;0.8846;0.7301;306.3734;144.8247;100.4048
16.28;0.2966;0.8846;0.7301;306.3734;144.8247;100.4048
16.30;0.2966;0.8846;0.7301;306.3734;144.8247;100.4048
16.32;0.2966;0.8846;0.7301;306.3734;144.8247;100.5200
16.33;0.2966;0.8846;0.7301;306.3734;144.8247;100.5020
16.35;0.2966;0.8847;0.7301;306.3734;144.8247;100.5020
16.37;0.2966;0.8847;0.7301;306.3734;144.8247;100.5815
16.38;0.2966;0.8848;0.7300;306.3734;144.8247;100.5753
16.40;0.2966;0.8848;0.7300;306.3734;144.8247;100.5753
16.42;0.2967;0.8848;0.7300;306.3734;144.8247;100.5990
16.43;0.2967;0.8849;0.7299;306.3734;144.8247;100.6056
16.45;0.2967;0.8849;0.7299;306.3734;144.8247;100.6596
16.47;0.2967;0.8849;0.7299;306.3734;144.8247;100.5863
16.48;0.2967;0.8850;0.7299;306.3734;144.8247;100.5990
16.50;0.2967;0.8850;0.7299;306.3734;144.8247;100.5990
16.52;0.2967;0.8850;0.7299;306.3734;144.8247;100.6345
16.53;0.2968;0.8851;0.7299;306.3734;144.8247;100.6287
16.55;0.2968;0.8851;0.7298;306.3734;144.8247;100.7143
16.57;0.2968;0.8851;0.7298;306.3734;144.8247;100.6410
16.58;0.2968;0.8851;0.7298;306.3734;144.8247;100.6472
16.60;0.2968;0.8851;0.7298;306.3734;144.8247;100.6472
16.62;0.2968;0.8852;0.7298;306.3734;144.8247;100.7328
16.63;0.2968;0.8853;0.7297;306.3734;144.8247;100.6764
16.65;0.2969;0.8853;0.7297;306.3734;144.8247;100.6888
16.67;0.2969;0.8853;0.7297;306.3734;144.8247;100.7431
16.68;0.2969;0.8854;0.7296;306.3734;144.8247;100.7621
16.70;0.2969;0.8854;0.7296;306.3734;144.8247;100.7621
16.72;0.2969;0.8855;0.7296;306.3734;144.8247;100.8166
16.73;0.2969;0.8855;0.7296;306.3734;144.8247;100.7971
16.75;0.2970;0.8855;0.7296;306.3734;144.8247;100.8199
16.77;0.2970;0.8855;0.7296;306.3734;144.8247;100.8196
16.78;0.2970;0.8855;0.7296;306.3734;144.8247;100.5905
16.80;0.2970;0.8855;0.7296;306.3734;144.8247;100.5905
16.82;0.2970;0.8855;0.7296;306.3734;144.8247;100.3511
16.83;0.2970;0.8855;0.7296;306.3734;144.8247;100.1411
16.85;0.2970;0.8855;0.7296;306.3734;144.8247;99.9625
16.87;0.2970;0.8855;0.7296;306.3734;144.8247;99.9305
16.88;0.2970;0.8855;0.7296;306.3734;144.8247;99.7840
16.90;0.2970;0.8855;0.7296;306.3734;144.8247;99.7840
16.92;0.2969;0.8855;0.7296;306.3734;144.8247;99.7711
16.93;0.2969;0.8855;0.7296;306.3734;144.8247;99.7102
16.95;0.2969;0.8855;0.7296;306.3734;144.8247;99.7516
16.97;0.2970;0.8856;0.7296;306.3734;144.8247;99.7516
16.98;0.2970;0.8856;0.7295;306.3734;144.8247;99.6592
17.00;0.2970;0.8856;0.7295;306.3734;144.8247;99.6592
17.02;0.2970;0.8856;0.7295;306.3734;144.8247;99.6592
17.03;0.2970;0.8856;0.7295;306.3734;144.8247;99.6717
17.05;0.2970;0.8856;0.7295;306.3734;144.8247;99.6967
17.07;0.2970;0.8856;0.7295;306.3734;144.8247;99.6234
17.08;0.2970;0.8858;0.7294;306.3734;144.8247;99.5685
17.10;0.2970;0.8858;0.7294;306.3734;144.8247;99.5685
17.12;0.2971;0.8859;0.7293;306.3734;144.8247;99.5682
17.13;0.2972;0.8860;0.7293;306.3734;144.8247;99.4883
17.15;0.2972;0.8861;0.7292;306.3734;144.8247;99.4630
17.17;0.2972;0.8862;0.7292;306.3734;144.8247;99.5172
17.18;0.2973;0.8863;0.7291;306.3734;144.8247;99.3767
17.20;0.2973;0.8863;0.7291;306.3734;144.8247;99.3767
17.22;0.2973;0.8864;0.7290;306.3734;144.8247;99.4365
17.23;0.2973;0.8865;0.7290;306.3734;144.8247;99.4077
17.25;0.2974;0.8865;0.7290;306.3734;144.8247;99.3273
